Frequency (Hz),Measurement
2000000000.0,0.19112245738506317
2000937472.0,0.18215997517108917
2001874944.0,0.174252450466156
2002812544.0,0.16590826213359833
2003750016.0,0.15673385560512543
2004687488.0,0.14622823894023895
2005624960.0,0.13532385230064392
2006562560.0,0.12409454584121704
2007500032.0,0.11236680299043655
2008437504.0,0.09888488799333572
2009374976.0,0.08517716079950333
2010312448.0,0.07232700288295746
2011250048.0,0.05847734585404396
2012187520.0,0.0440061092376709
2013124992.0,0.029761970043182373
2014062464.0,0.016056377440690994
2015000064.0,0.0010943033266812563
2015937536.0,-0.013207216747105122
2016875008.0,-0.026338601484894753
2017812480.0,-0.039788395166397095
2018749952.0,-0.052133724093437195
2019687552.0,-0.0633685514330864
2020625024.0,-0.07480020076036453
2021562496.0,-0.0837339237332344
2022499968.0,-0.0920475423336029
2023437440.0,-0.09918592125177383
2024375040.0,-0.10546854883432388
2025312512.0,-0.11064048856496811
2026249984.0,-0.1131778210401535
2027187456.0,-0.115381620824337
2028125056.0,-0.11422357708215714
2029062528.0,-0.112755686044693
2030000000.0,-0.11023528128862381
2030937472.0,-0.10517481714487076
2031874944.0,-0.09913717955350876
2032812544.0,-0.09124713391065598
2033750016.0,-0.08287262171506882
2034687488.0,-0.07361376285552979
2035624960.0,-0.06143910437822342
2036562560.0,-0.04919516295194626
2037500032.0,-0.03640737012028694
2038437504.0,-0.022859079763293266
2039374976.0,-0.009052815847098827
2040312448.0,0.004682066384702921
2041250048.0,0.018788738176226616
2042187520.0,0.032146140933036804
2043124992.0,0.0458868108689785
2044062464.0,0.060082245618104935
2044999936.0,0.07293176651000977
2045937536.0,0.08403927087783813
2046875008.0,0.09592695534229279
2047812480.0,0.10609406977891922
2048749952.0,0.10370833426713943
2049687552.0,0.11237359791994095
2050625024.0,0.12001670151948929
2051562496.0,0.12622955441474915
2052499968.0,0.12915468215942383
2053437440.0,0.1311434507369995
2054375040.0,0.13138741254806519
2055312512.0,0.12889203429222107
2056249984.0,0.1254558116197586
2057187456.0,0.11936085671186447
2058125056.0,0.11098988354206085
2059062528.0,0.10058630257844925
2060000000.0,0.08850455284118652
2060937472.0,0.0747687965631485
2061874944.0,0.06065822392702103
2062812544.0,0.04477605223655701
2063750016.0,0.027905620634555817
2064687488.0,0.010445008054375648
2065624960.0,-0.00722184032201767
2066562560.0,-0.024920031428337097
2067500032.0,-0.042581066489219666
2068437504.0,-0.05904122814536095
2069374976.0,-0.07508989423513412
2070312448.0,-0.08887656033039093
2071250048.0,-0.1029675155878067
2072187520.0,-0.11444413661956787
2073124992.0,-0.12392067909240723
2074062464.0,-0.13163085281848907
2075000064.0,-0.13679850101470947
2075937536.0,-0.13932590186595917
2076875008.0,-0.14096546173095703
2077812480.0,-0.14086312055587769
2078749952.0,-0.1378331333398819
2079687552.0,-0.13360725343227386
2080625024.0,-0.1266588419675827
2081562496.0,-0.11821035295724869
2082499968.0,-0.10996516048908234
2083437440.0,-0.10015275329351425
2084375040.0,-0.08852986246347427
2085312512.0,-0.07772146165370941
2086249984.0,-0.06468095630407333
2087187456.0,-0.05262140557169914
2088125056.0,-0.040128543972969055
2089062528.0,-0.028401363641023636
2090000000.0,-0.015818798914551735
2090937472.0,-0.004998804535716772
2091874944.0,0.006012029480189085
2092812544.0,0.015291104093194008
2093750016.0,0.025084905326366425
2094687488.0,0.03210459277033806
2095624960.0,0.04037921503186226
2096562560.0,0.046873629093170166
2097500032.0,0.05287003889679909
2098437504.0,0.05936718359589577
2099374976.0,0.06400609761476517
2100312448.0,0.06869247555732727
2101250048.0,0.07355955243110657
2102187520.0,0.07796871662139893
2103124992.0,0.08243397623300552
2104062464.0,0.08706076443195343
2104999936.0,0.09102092683315277
2105937536.0,0.09550637006759644
2106875008.0,0.10042652487754822
2107812480.0,0.10468237102031708
2108749952.0,0.1351727545261383
2109687552.0,0.14176326990127563
2110625024.0,0.14696680009365082
2111562496.0,0.15126490592956543
2112499968.0,0.15574710071086884
2113437440.0,0.15866750478744507
2114375040.0,0.16001296043395996
2115312512.0,0.1605168581008911
2116249984.0,0.15955059230327606
2117187456.0,0.15804974734783173
2118125056.0,0.15513049066066742
2119062528.0,0.1506846845149994
2120000000.0,0.14356200397014618
2120937472.0,0.1375008523464203
2121874944.0,0.1283087283372879
2122812544.0,0.1184016540646553
2123750016.0,0.10777123272418976
2124687488.0,0.09585624933242798
2125624960.0,0.08456529676914215
2126562560.0,0.07105787098407745
2127500032.0,0.057322196662425995
2128437504.0,0.04329928010702133
2129374976.0,0.029490865767002106
2130312448.0,0.016134031116962433
2131250048.0,0.0023280829191207886
2132187520.0,-0.010364743880927563
2133124992.0,-0.022814404219388962
2134062464.0,-0.03345067426562309
2135000064.0,-0.043939266353845596
2135937536.0,-0.05334634333848953
2136875008.0,-0.061923157423734665
2137812480.0,-0.06956645846366882
2138749952.0,-0.07593617588281631
2139687552.0,-0.0801636204123497
2140625024.0,-0.08268493413925171
2141562496.0,-0.08440200239419937
2142499968.0,-0.08396190404891968
2143437440.0,-0.08278091996908188
2144375040.0,-0.07983724027872086
2145312512.0,-0.07501936703920364
2146249984.0,-0.07038954645395279
2147187456.0,-0.06365834921598434
2148124928.0,-0.0565006397664547
2149062400.0,-0.04867606237530708
2150000128.0,-0.0398423932492733
2150937600.0,-0.031561706215143204
2151875072.0,-0.022334584966301918
2152812544.0,-0.01280942466109991
2153750016.0,-0.0032025978434830904
2154687488.0,0.00636020302772522
2155624960.0,0.015800297260284424
2156562432.0,0.024804232642054558
2157499904.0,0.033555809408426285
2158437376.0,0.04067428782582283
2159375104.0,0.04671116918325424
2160312576.0,0.05353587120771408
2161250048.0,0.058640286326408386
2162187520.0,0.06368284672498703
2163124992.0,0.06823266297578812
2164062464.0,0.07212711125612259
2164999936.0,0.07515329122543335
2165937408.0,0.07784225046634674
2166874880.0,0.07987191528081894
2167812608.0,0.08167126774787903
2168750080.0,0.15469829738140106
2169687552.0,0.15611819922924042
2170625024.0,0.15591533482074738
2171562496.0,0.1543029397726059
2172499968.0,0.15051721036434174
2173437440.0,0.14479617774486542
2174374912.0,0.13891305029392242
2175312384.0,0.12989307940006256
2176250112.0,0.12081436812877655
2177187584.0,0.11117129027843475
2178125056.0,0.10120878368616104
2179062528.0,0.0879490002989769
2180000000.0,0.0754656121134758
2180937472.0,0.06160999834537506
2181874944.0,0.04888857528567314
2182812416.0,0.034780096262693405
2183749888.0,0.021067477762699127
2184687616.0,0.007407097145915031
2185625088.0,-0.006157572381198406
2186562560.0,-0.018875977024435997
2187500032.0,-0.03093351051211357
2188437504.0,-0.043081652373075485
2189374976.0,-0.05499890819191933
2190312448.0,-0.06612446904182434
2191249920.0,-0.07661784440279007
2192187392.0,-0.08499470353126526
2193125120.0,-0.0934382975101471
2194062592.0,-0.09961038827896118
2195000064.0,-0.10520800948143005
2195937536.0,-0.11139119416475296
2196875008.0,-0.11632825434207916
2197812480.0,-0.11970733106136322
2198749952.0,-0.12171821296215057
2199687424.0,-0.12344690412282944
2200624896.0,-0.12380598485469818
2201562624.0,-0.12449998408555984
2202500096.0,-0.12416740506887436
2203437568.0,-0.12235769629478455
2204375040.0,-0.12173165380954742
2205312512.0,-0.11892309784889221
2206249984.0,-0.11526814103126526
2207187456.0,-0.11214543133974075
2208124928.0,-0.10834921151399612
2209062400.0,-0.10358566790819168
2209999872.0,-0.09991249442100525
2210937600.0,-0.09425678849220276
2211875072.0,-0.08798133581876755
2212812544.0,-0.0808621495962143
2213750016.0,-0.07424475252628326
2214687488.0,-0.06664291024208069
2215624960.0,-0.05995903164148331
2216562432.0,-0.051515668630599976
2217499904.0,-0.04330997169017792
2218437376.0,-0.035492390394210815
2219375104.0,-0.027221379801630974
2220312576.0,-0.01873498409986496
2221250048.0,-0.009403649717569351
2222187520.0,0.000581941450946033
2223124992.0,0.009352409280836582
2224062464.0,0.019555633887648582
2224999936.0,0.02844919078052044
2225937408.0,0.038818273693323135
2226874880.0,0.04877624288201332
2227812608.0,0.05847695842385292
2228750080.0,0.06395828723907471
2229687552.0,0.07379908859729767
2230625024.0,0.0815444216132164
2231562496.0,0.0888068899512291
2232499968.0,0.09588788449764252
2233437440.0,0.10142083466053009
2234374912.0,0.10646341741085052
2235312384.0,0.1103682592511177
2236250112.0,0.11110338568687439
2237187584.0,0.11133959889411926
2238125056.0,0.10951527953147888
2239062528.0,0.10584838688373566
2240000000.0,0.10046689957380295
2240937472.0,0.09443942457437515
2241874944.0,0.08656670153141022
2242812416.0,0.07754766196012497
2243749888.0,0.06857676059007645
2244687616.0,0.05753680318593979
2245625088.0,0.0458306223154068
2246562560.0,0.03208275884389877
2247500032.0,0.018769793212413788
2248437504.0,0.0036277680192142725
2249374976.0,-0.011471729725599289
2250312448.0,-0.028022168204188347
2251249920.0,-0.045208968222141266
2252187392.0,-0.06324834376573563
2253125120.0,-0.0807720199227333
2254062592.0,-0.10061673820018768
2255000064.0,-0.11980924755334854
2255937536.0,-0.13900327682495117
2256875008.0,-0.15815743803977966
2257812480.0,-0.1779693067073822
2258749952.0,-0.19800683856010437
2259687424.0,-0.21661415696144104
2260624896.0,-0.23546075820922852
2261562624.0,-0.2534789741039276
2262500096.0,-0.2714366614818573
2263437568.0,-0.2882388234138489
2264375040.0,-0.30334246158599854
2265312512.0,-0.31764277815818787
2266249984.0,-0.3313961923122406
2267187456.0,-0.34228676557540894
2268124928.0,-0.35425421595573425
2269062400.0,-0.3631676137447357
2270000128.0,-0.37173908948898315
2270937600.0,-0.37811997532844543
2271875072.0,-0.3842889368534088
2272812544.0,-0.38636454939842224
2273750016.0,-0.3886074721813202
2274687488.0,-0.38890087604522705
2275624960.0,-0.3874739110469818
2276562432.0,-0.3849569261074066
2277499904.0,-0.3812183439731598
2278437376.0,-0.37605464458465576
2279375104.0,-0.3705528676509857
2280312576.0,-0.36394378542900085
2281250048.0,-0.3556114137172699
2282187520.0,-0.3466207981109619
2283124992.0,-0.33651962876319885
2284062464.0,-0.3265049159526825
2284999936.0,-0.3149586021900177
2285937408.0,-0.30572283267974854
2286874880.0,-0.2968396246433258
2287812608.0,-0.2875664234161377
2288750080.0,-0.3019711673259735
2289687552.0,-0.30453887581825256
2290625024.0,-0.30694398283958435
2291562496.0,-0.3108704686164856
2292499968.0,-0.31512629985809326
2293437440.0,-0.3195118308067322
2294374912.0,-0.32394060492515564
2295312384.0,-0.32864734530448914
2296250112.0,-0.336284875869751
2297187584.0,-0.34343427419662476
2298125056.0,-0.351697713136673
2299062528.0,-0.36183327436447144
2300000000.0,-0.3726770579814911
2300937472.0,-0.3860894739627838
2301874944.0,-0.40083587169647217
2302812416.0,-0.41826778650283813
2303749888.0,-0.43770161271095276
2304687616.0,-0.45940932631492615
2305625088.0,-0.48378023505210876
2306562560.0,-0.510682225227356
2307500032.0,-0.5399094820022583
2308437504.0,-0.5703474879264832
2309374976.0,-0.6007596850395203
2310312448.0,-0.6272308826446533
2311249920.0,-0.6535993218421936
2312187392.0,-0.6810285449028015
2313125120.0,-0.709653377532959
2314062592.0,-0.7403416633605957
2315000064.0,-0.7718638181686401
2315937536.0,-0.8053936958312988
2316875008.0,-0.8386989235877991
2317812480.0,-0.8730590343475342
2318749952.0,-0.9066118001937866
2319687424.0,-0.9392041563987732
2320624896.0,-0.9717077016830444
2321562624.0,-1.0033124685287476
2322500096.0,-1.0330688953399658
2323437568.0,-1.0617386102676392
2324375040.0,-1.0893466472625732
2325312512.0,-1.1132268905639648
2326249984.0,-1.1354726552963257
2327187456.0,-1.1558078527450562
2328124928.0,-1.1736611127853394
2329062400.0,-1.1894221305847168
2329999872.0,-1.202582836151123
2330937600.0,-1.2130807638168335
2331875072.0,-1.2204543352127075
2332812544.0,-1.2256444692611694
2333750016.0,-1.2276835441589355
2334687488.0,-1.2273560762405396
2335624960.0,-1.2244279384613037
2336562432.0,-1.2193660736083984
2337499904.0,-1.2126686573028564
2338437376.0,-1.203148365020752
2339375104.0,-1.1921724081039429
2340312576.0,-1.1791239976882935
2341250048.0,-1.1655831336975098
2342187520.0,-1.1502258777618408
2343124992.0,-1.1354408264160156
2344062464.0,-1.1180819272994995
2344999936.0,-1.1006675958633423
2345937408.0,-1.0832024812698364
2346874880.0,-1.0652720928192139
2347812608.0,-1.0481926202774048
2348750080.0,-1.0172220468521118
2349687552.0,-1.0061008930206299
2350625024.0,-0.9935961961746216
2351562496.0,-0.9831444621086121
2352499968.0,-0.9724159240722656
2353437440.0,-0.9618531465530396
2354374912.0,-0.9538607597351074
2355312384.0,-0.9460042715072632
2356250112.0,-0.9383423328399658
2357187584.0,-0.9332813620567322
2358125056.0,-0.9282501339912415
2359062528.0,-0.9251510500907898
2360000000.0,-0.9253664612770081
2360937472.0,-0.9254580736160278
2361874944.0,-0.9279816746711731
2362812416.0,-0.9310347437858582
2363749888.0,-0.9361526370048523
2364687616.0,-0.9423421025276184
2365625088.0,-0.9506953954696655
2366562560.0,-0.9610662460327148
2367500032.0,-0.9705890417098999
2368437504.0,-0.9821521639823914
2369374976.0,-0.9943455457687378
2370312448.0,-1.0056527853012085
2371249920.0,-1.0188195705413818
2372187392.0,-1.0293508768081665
2373125120.0,-1.0392093658447266
2374062592.0,-1.046567678451538
2375000064.0,-1.0525600910186768
2375937536.0,-1.056057095527649
2376875008.0,-1.0576341152191162
2377812480.0,-1.0546683073043823
2378749952.0,-1.0492855310440063
2379687424.0,-1.0406365394592285
2380624896.0,-1.0283677577972412
2381562624.0,-1.0135494470596313
2382500096.0,-0.9935710430145264
2383437568.0,-0.9725400805473328
2384375040.0,-0.9473826289176941
2385312512.0,-0.9205724000930786
2386249984.0,-0.8909500241279602
2387187456.0,-0.8591053485870361
2388124928.0,-0.8266764283180237
2389062400.0,-0.7923165559768677
2390000128.0,-0.7595102190971375
2390937600.0,-0.7251728177070618
2391875072.0,-0.689791738986969
2392812544.0,-0.6548752188682556
2393750016.0,-0.6210718154907227
2394687488.0,-0.5876049995422363
2395624960.0,-0.5553289651870728
2396562432.0,-0.523913562297821
2397499904.0,-0.49279025197029114
2398437376.0,-0.4632405936717987
2399375104.0,-0.4349471926689148
2400312576.0,-0.40628835558891296
2401250048.0,-0.3788953423500061
2402187520.0,-0.35287705063819885
2403124992.0,-0.32697346806526184
2404062464.0,-0.3020018935203552
2404999936.0,-0.2772602140903473
2405937408.0,-0.25362497568130493
2406874880.0,-0.22886088490486145
2407812608.0,-0.20701345801353455
2408750080.0,-0.1334550529718399
2409687552.0,-0.11053285747766495
2410625024.0,-0.08899989724159241
2411562496.0,-0.0689978078007698
2412499968.0,-0.05139083042740822
2413437440.0,-0.03577106446027756
2414374912.0,-0.022073309868574142
2415312384.0,-0.010734551586210728
2416250112.0,-0.002881708787754178
2417187584.0,0.0023155224043875933
2418125056.0,0.0048603457398712635
2419062528.0,0.0033301468938589096
2420000000.0,-0.0020085712894797325
2420937472.0,-0.010412244126200676
2421874944.0,-0.020830318331718445
2422812416.0,-0.03521466627717018
2423749888.0,-0.05300550535321236
2424687616.0,-0.07227189838886261
2425625088.0,-0.09565355628728867
2426562560.0,-0.12127459794282913
2427500032.0,-0.14804495871067047
2428437504.0,-0.17629456520080566
2429374976.0,-0.20662587881088257
2430312448.0,-0.2358855903148651
2431249920.0,-0.2660824954509735
2432187392.0,-0.2960974872112274
2433125120.0,-0.32448890805244446
2434062592.0,-0.3522765040397644
2435000064.0,-0.37737953662872314
2435937536.0,-0.4006171226501465
2436875008.0,-0.42246824502944946
2437812480.0,-0.43959638476371765
2438749952.0,-0.45366033911705017
2439687424.0,-0.4644745886325836
2440624896.0,-0.4715585708618164
2441562624.0,-0.4755251705646515
2442500096.0,-0.4754900634288788
2443437568.0,-0.47159451246261597
2444375040.0,-0.4639984965324402
2445312512.0,-0.4522022008895874
2446249984.0,-0.43795937299728394
2447187456.0,-0.42142245173454285
2448124928.0,-0.40057963132858276
2449062400.0,-0.3770698010921478
2449999872.0,-0.35173213481903076
2450937600.0,-0.3248165249824524
2451875072.0,-0.29514819383621216
2452812544.0,-0.2641430199146271
2453750016.0,-0.2327764332294464
2454687488.0,-0.20045097172260284
2455624960.0,-0.16733337938785553
2456562432.0,-0.13440442085266113
2457499904.0,-0.10074763745069504
2458437376.0,-0.06821388751268387
2459375104.0,-0.035784829407930374
2460312576.0,-0.004350817762315273
2461250048.0,0.02696315012872219
2462187520.0,0.05652916803956032
2463124992.0,0.0847637951374054
2464062464.0,0.11169500648975372
2464999936.0,0.13722531497478485
2465937408.0,0.16188426315784454
2466874880.0,0.18502189218997955
2467812608.0,0.20730669796466827
2468750080.0,0.11974245309829712
2469687552.0,0.13402694463729858
2470625024.0,0.15116170048713684
2471562496.0,0.16413746774196625
2472499968.0,0.1757521778345108
2473437440.0,0.1862943321466446
2474374912.0,0.1942087858915329
2475312384.0,0.19932642579078674
2476250112.0,0.20469051599502563
2477187584.0,0.20737186074256897
2478125056.0,0.20792779326438904
2479062528.0,0.20651012659072876
2480000000.0,0.2023819237947464
2480937472.0,0.19739001989364624
2481874944.0,0.19023898243904114
2482812416.0,0.18006643652915955
2483749888.0,0.17005318403244019
2484687616.0,0.15674494206905365
2485625088.0,0.14219972491264343
2486562560.0,0.12703076004981995
2487500032.0,0.10959994047880173
2488437504.0,0.0918290764093399
2489374976.0,0.07128594815731049
2490312448.0,0.051786601543426514
2491249920.0,0.03201078251004219
2492187392.0,0.010693063028156757
2493125120.0,-0.010122227482497692
2494062592.0,-0.03166873753070831
2495000064.0,-0.05120750144124031
2495937536.0,-0.07216887921094894
2496875008.0,-0.0901092141866684
2497812480.0,-0.10879357904195786
2498749952.0,-0.12478144466876984
2499687424.0,-0.1401776224374771
2500624896.0,-0.1542009860277176
2501562624.0,-0.16719195246696472
2502500096.0,-0.17700020968914032
2503437568.0,-0.1851721554994583
2504375040.0,-0.19190029799938202
2505312512.0,-0.19682535529136658
2506249984.0,-0.1989874541759491
2507187456.0,-0.19965362548828125
2508124928.0,-0.19800126552581787
2509062400.0,-0.1958160251379013
2510000128.0,-0.19030992686748505
2510937600.0,-0.18276512622833252
2511875072.0,-0.17373348772525787
2512812544.0,-0.16302910447120667
2513750016.0,-0.15091802179813385
2514687488.0,-0.13659030199050903
2515624960.0,-0.12216775864362717
2516562432.0,-0.10554439574480057
2517499904.0,-0.08877796679735184
2518437376.0,-0.07070105522871017
2519375104.0,-0.05300180986523628
2520312576.0,-0.03306793048977852
2521250048.0,-0.014487465843558311
2522187520.0,0.004546007607132196
2523124992.0,0.023574575781822205
2524062464.0,0.04279458522796631
2524999936.0,0.06138632073998451
2525937408.0,0.07786032557487488
2526874880.0,0.09450527280569077
2527812608.0,0.10954123735427856
2528750080.0,0.1628641039133072
2529687552.0,0.16872620582580566
2530625024.0,0.17324133217334747
2531562496.0,0.17678578197956085
2532499968.0,0.1805967390537262
2533437440.0,0.18367071449756622
2534374912.0,0.18464846909046173
2535312384.0,0.18472261726856232
2536250112.0,0.18366886675357819
2537187584.0,0.1819150745868683
2538125056.0,0.17977114021778107
2539062528.0,0.1765223741531372
2540000000.0,0.17097611725330353
2540937472.0,0.1658899039030075
2541874944.0,0.1599542796611786
2542812416.0,0.15173368155956268
2543749888.0,0.14265762269496918
2544687616.0,0.13226324319839478
2545625088.0,0.12089873850345612
2546562560.0,0.10874854773283005
2547500032.0,0.09580084681510925
2548437504.0,0.08186224848031998
2549374976.0,0.06838136166334152
2550312448.0,0.053003739565610886
2551249920.0,0.03631315007805824
2552187392.0,0.02110101655125618
2553125120.0,0.005377016495913267
2554062592.0,-0.010390582494437695
2555000064.0,-0.026861105114221573
2555937536.0,-0.04210703447461128
2556875008.0,-0.05707261338829994
2557812480.0,-0.07137156277894974
2558749952.0,-0.0854380652308464
2559687424.0,-0.09808683395385742
2560624896.0,-0.1098942905664444
2561562624.0,-0.11879038065671921
2562500096.0,-0.12733504176139832
2563437568.0,-0.1339341104030609
2564375040.0,-0.1394517868757248
2565312512.0,-0.1417274922132492
2566249984.0,-0.14294596016407013
2567187456.0,-0.14268076419830322
2568124928.0,-0.14000432193279266
2569062400.0,-0.13465353846549988
2569999872.0,-0.12835657596588135
2570937600.0,-0.11974581331014633
2571875072.0,-0.10952840000391006
2572812544.0,-0.09783022850751877
2573750016.0,-0.08379018306732178
2574687488.0,-0.06843383610248566
2575624960.0,-0.0520600862801075
2576562432.0,-0.03439667075872421
2577499904.0,-0.01638985052704811
2578437376.0,0.00328301009722054
2579375104.0,0.02277659811079502
2580312576.0,0.04294953495264053
2581250048.0,0.06403849273920059
2582187520.0,0.0833451971411705
2583124992.0,0.103962242603302
2584062464.0,0.12314102053642273
2584999936.0,0.14111487567424774
2585937408.0,0.1578245460987091
2586874880.0,0.1733224242925644
2587812608.0,0.1879245638847351
2588750080.0,0.21185217797756195
2589687552.0,0.21972426772117615
2590625024.0,0.22480081021785736
2591562496.0,0.22824788093566895
2592499968.0,0.22996599972248077
2593437440.0,0.22818738222122192
2594374912.0,0.22412125766277313
2595312384.0,0.21835505962371826
2596250112.0,0.20999418199062347
2597187584.0,0.20175404846668243
2598125056.0,0.18955188989639282
2599062528.0,0.1760038137435913
2600000000.0,0.16204239428043365
2600937472.0,0.14578621089458466
2601874944.0,0.12958572804927826
2602812416.0,0.11201179772615433
2603749888.0,0.09492851048707962
2604687616.0,0.07658552378416061
2605625088.0,0.060123611241579056
2606562560.0,0.04254438355565071
2607500032.0,0.024968113750219345
2608437504.0,0.0094217574223876
2609374976.0,-0.006496161688119173
2610312448.0,-0.021556297317147255
2611249920.0,-0.03454061970114708
2612187392.0,-0.04637991636991501
2613125120.0,-0.05899479612708092
2614062592.0,-0.06910472363233566
2615000064.0,-0.07724019140005112
2615937536.0,-0.08547118306159973
2616875008.0,-0.09191915392875671
2617812480.0,-0.09740790724754333
2618749952.0,-0.10290069878101349
2619687424.0,-0.10510316491127014
2620624896.0,-0.10752295702695847
2621562624.0,-0.10837634652853012
2622500096.0,-0.10810365527868271
2623437568.0,-0.10739179700613022
2624375040.0,-0.10580212622880936
2625312512.0,-0.10306869447231293
2626249984.0,-0.10011601448059082
2627187456.0,-0.0957273542881012
2628124928.0,-0.0913967713713646
2629062400.0,-0.08573777973651886
2630000128.0,-0.08013270795345306
2630937600.0,-0.07345499098300934
2631875072.0,-0.0659736767411232
2632812544.0,-0.05791109800338745
2633750016.0,-0.049513332545757294
2634687488.0,-0.039754509925842285
2635624960.0,-0.03117893636226654
2636562432.0,-0.019467812031507492
2637499904.0,-0.007421544287353754
2638437376.0,0.004946739878505468
2639375104.0,0.018111467361450195
2640312576.0,0.032289814203977585
2641250048.0,0.04668736830353737
2642187520.0,0.06106184050440788
2643124992.0,0.07829742133617401
2644062464.0,0.0945126935839653
2644999936.0,0.11087263375520706
2645937408.0,0.1284593939781189
2646874880.0,0.14557360112667084
2647812608.0,0.2219965010881424
2648750080.0,0.2335958331823349
2649687552.0,0.2429969757795334
2650625024.0,0.2521143853664398
2651562496.0,0.25818681716918945
2652499968.0,0.26262933015823364
2653437440.0,0.26297736167907715
2654374912.0,0.2606000602245331
2655312384.0,0.25569409132003784
2656250112.0,0.24818377196788788
2657187584.0,0.21101024746894836
2658125056.0,0.19376347959041595
2659062528.0,0.17406785488128662
2660000000.0,0.15269169211387634
2660937472.0,0.12809516489505768
2661874944.0,0.10162165015935898
2662812416.0,0.07515645772218704
2663749888.0,0.04543978348374367
2664687616.0,0.016889158636331558
2665625088.0,-0.012749483808875084
2666562560.0,-0.04322598874568939
2667500032.0,-0.07127558439970016
2668437504.0,-0.0999348983168602
2669374976.0,-0.12662096321582794
2670312448.0,-0.15143799781799316
2671249920.0,-0.17334531247615814
2672187392.0,-0.19322973489761353
2673125120.0,-0.211216539144516
2674062592.0,-0.22568181157112122
2675000064.0,-0.2381899207830429
2675937536.0,-0.24704653024673462
2676875008.0,-0.253317654132843
2677812480.0,-0.25631168484687805
2678749952.0,-0.2555050551891327
2679687424.0,-0.25242772698402405
2680624896.0,-0.24745319783687592
2681562624.0,-0.2398829311132431
2682500096.0,-0.22929224371910095
2683437568.0,-0.21777328848838806
2684375040.0,-0.20441630482673645
2685312512.0,-0.18887010216712952
2686249984.0,-0.1714775413274765
2687187456.0,-0.1535365730524063
2688124928.0,-0.13443341851234436
2689062400.0,-0.11511700600385666
2689999872.0,-0.09538047760725021
2690937600.0,-0.0744272768497467
2691875072.0,-0.05484079197049141
2692812544.0,-0.03529271110892296
2693750016.0,-0.015758344903588295
2694687488.0,0.002615546341985464
2695624960.0,0.02070298232138157
2696562432.0,0.039076097309589386
2697499904.0,0.05772172287106514
2698437376.0,0.07533103227615356
2699375104.0,0.09291364252567291
2700312576.0,0.10939986258745193
2701250048.0,0.12704679369926453
2702187520.0,0.14259563386440277
2703124992.0,0.1585742086172104
2704062464.0,0.17352768778800964
2704999936.0,0.18835602700710297
2705937408.0,0.20309732854366302
2706874880.0,0.21582123637199402
2707812608.0,0.1890569031238556
2708750080.0,0.19648529589176178
2709687552.0,0.20150446891784668
2710625024.0,0.2058371901512146
2711562496.0,0.21005645394325256
2712499968.0,0.2112928330898285
2713437440.0,0.21230411529541016
2714374912.0,0.21164512634277344
2715312384.0,0.20943494141101837
2716250112.0,0.20548057556152344
2717187584.0,0.1991368532180786
2718125056.0,0.19275350868701935
2719062528.0,0.1846354901790619
2720000000.0,0.1750059872865677
2720937472.0,0.16451206803321838
2721874944.0,0.15266144275665283
2722812416.0,0.1388106495141983
2723749888.0,0.12431909888982773
2724687616.0,0.10916943103075027
2725625088.0,0.09184686839580536
2726562560.0,0.07491990923881531
2727500032.0,0.05682704970240593
2728437504.0,0.039322055876255035
2729374976.0,0.020775694400072098
2730312448.0,0.0020168565679341555
2731249920.0,-0.015927748754620552
2732187392.0,-0.034414056688547134
2733125120.0,-0.051675066351890564
2734062592.0,-0.06932256370782852
2735000064.0,-0.08634620159864426
2735937536.0,-0.1025133728981018
2736875008.0,-0.11701888591051102
2737812480.0,-0.13004305958747864
2738749952.0,-0.14314325153827667
2739687424.0,-0.15378054976463318
2740624896.0,-0.16407611966133118
2741562624.0,-0.17107528448104858
2742500096.0,-0.1775551438331604
2743437568.0,-0.1823582947254181
2744375040.0,-0.1848866194486618
2745312512.0,-0.1863929182291031
2746249984.0,-0.18544894456863403
2747187456.0,-0.183097705245018
2748124928.0,-0.1784832775592804
2749062400.0,-0.17271633446216583
2750000128.0,-0.16456517577171326
2750937600.0,-0.1556054800748825
2751875072.0,-0.1437658667564392
2752812544.0,-0.13170544803142548
2753750016.0,-0.11751923710107803
2754687488.0,-0.10304779559373856
2755624960.0,-0.08810841292142868
2756562432.0,-0.07100671529769897
2757499904.0,-0.05349469929933548
2758437376.0,-0.03436076268553734
2759375104.0,-0.016888156533241272
2760312576.0,0.0014618269633501768
2761250048.0,0.020674489438533783
2762187520.0,0.039703454822301865
2763124992.0,0.057269442826509476
2764062464.0,0.07480789721012115
2764999936.0,0.0907820388674736
2765937408.0,0.1067744567990303
2766874880.0,0.1212608814239502
2767812608.0,0.1787450760602951
2768750080.0,0.17886705696582794
2769687552.0,0.17715215682983398
2770625024.0,0.1739824414253235
2771562496.0,0.1703375279903412
2772499968.0,0.16572168469429016
2773437440.0,0.16037049889564514
2774374912.0,0.15456870198249817
2775312384.0,0.14773942530155182
2776250112.0,0.13973233103752136
2777187584.0,0.13198547065258026
2778125056.0,0.12209147959947586
2779062528.0,0.11321022361516953
2780000000.0,0.10253087431192398
2780937472.0,0.09149131178855896
2781874944.0,0.08121901750564575
2782812416.0,0.06872411072254181
2783749888.0,0.05708880349993706
2784687616.0,0.0453275591135025
2785625088.0,0.033851489424705505
2786562560.0,0.021402977406978607
2787500032.0,0.008086814545094967
2788437504.0,-0.003525919746607542
2789374976.0,-0.01745610684156418
2790312448.0,-0.029075536876916885
2791249920.0,-0.04103060066699982
2792187392.0,-0.052577223628759384
2793125120.0,-0.06261113286018372
2794062592.0,-0.07254204899072647
2795000064.0,-0.08165428787469864
2795937536.0,-0.08964759111404419
2796875008.0,-0.09828299283981323
2797812480.0,-0.10389605164527893
2798749952.0,-0.10886237025260925
2799687424.0,-0.11190474033355713
2800624896.0,-0.1148710772395134
2801562624.0,-0.11621162295341492
2802500096.0,-0.11486051231622696
2803437568.0,-0.11249931901693344
2804375040.0,-0.10891861468553543
2805312512.0,-0.10345856845378876
2806249984.0,-0.09649041295051575
2807187456.0,-0.08798033744096756
2808124928.0,-0.07913815230131149
2809062400.0,-0.0680462047457695
2809999872.0,-0.055939678102731705
2810937600.0,-0.042074110358953476
2811875072.0,-0.029293734580278397
2812812544.0,-0.013439087197184563
2813750016.0,0.002053990960121155
2814687488.0,0.01877991296350956
2815624960.0,0.03607967868447304
2816562432.0,0.0523550771176815
2817499904.0,0.07012605667114258
2818437376.0,0.0874776691198349
2819375104.0,0.104319728910923
2820312576.0,0.12029210478067398
2821250048.0,0.13624009490013123
2822187520.0,0.15082867443561554
2823124992.0,0.16474638879299164
2824062464.0,0.17586518824100494
2824999936.0,0.18615181744098663
2825937408.0,0.19460280239582062
2826874880.0,0.20086809992790222
2827812608.0,0.2154022753238678
2828750080.0,0.21736349165439606
2829687552.0,0.21664510667324066
2830625024.0,0.21443258225917816
2831562496.0,0.20876933634281158
2832499968.0,0.19961050152778625
2833437440.0,0.1903587430715561
2834374912.0,0.17814703285694122
2835312384.0,0.16426050662994385
2836250112.0,0.1475192755460739
2837187584.0,0.130001500248909
2838125056.0,0.11200487613677979
2839062528.0,0.09289862215518951
2840000000.0,0.07257673889398575
2840937472.0,0.05207643657922745
2841874944.0,0.03230421617627144
2842812416.0,0.012774292379617691
2843749888.0,-0.006198571529239416
2844687616.0,-0.02486598677933216
2845625088.0,-0.04273657873272896
2846562560.0,-0.059141360223293304
2847500032.0,-0.07452160120010376
2848437504.0,-0.08666543662548065
2849374976.0,-0.09846020489931107
2850312448.0,-0.10810361802577972
2851249920.0,-0.11554746329784393
2852187392.0,-0.1223691999912262
2853125120.0,-0.1265745460987091
2854062592.0,-0.12850774824619293
2855000064.0,-0.12872278690338135
2855937536.0,-0.1284116953611374
2856875008.0,-0.12547534704208374
2857812480.0,-0.12198174744844437
2858749952.0,-0.11694309115409851
2859687424.0,-0.11059263348579407
2860624896.0,-0.10254152119159698
2861562624.0,-0.09404335916042328
2862500096.0,-0.08424879610538483
2863437568.0,-0.07357688993215561
2864375040.0,-0.061901841312646866
2865312512.0,-0.050907254219055176
2866249984.0,-0.037922315299510956
2867187456.0,-0.024902723729610443
2868124928.0,-0.012088023126125336
2869062400.0,0.0011273783165961504
2870000128.0,0.014286437071859837
2870937600.0,0.027169780805706978
2871875072.0,0.04093316197395325
2872812544.0,0.054746486246585846
2873750016.0,0.06692366302013397
2874687488.0,0.0800909548997879
2875624960.0,0.09130022674798965
2876562432.0,0.10342133045196533
2877499904.0,0.11443667113780975
2878437376.0,0.12635411322116852
2879375104.0,0.13761284947395325
2880312576.0,0.1475592851638794
2881250048.0,0.15778134763240814
2882187520.0,0.1664241999387741
2883124992.0,0.17461758852005005
2884062464.0,0.18237164616584778
2884999936.0,0.18816125392913818
2885937408.0,0.19427050650119781
2886874880.0,0.1978663206100464
2887812608.0,0.20134538412094116
2888750080.0,0.20330101251602173
2889687552.0,0.20411081612110138
2890625024.0,0.20413637161254883
2891562496.0,0.20122584700584412
2892499968.0,0.19733993709087372
2893437440.0,0.19115762412548065
2894374912.0,0.1845032423734665
2895312384.0,0.1754303276538849
2896250112.0,0.1641189157962799
2897187584.0,0.1518549919128418
2898125056.0,0.1372499316930771
2899062528.0,0.12198084592819214
2900000000.0,0.10561815649271011
2900937472.0,0.08879082649946213
2901874944.0,0.07030077278614044
2902812416.0,0.051304854452610016
2903749888.0,0.032439444214105606
2904687616.0,0.011217051185667515
2905625088.0,-0.008006587624549866
2906562560.0,-0.026713455095887184
2907500032.0,-0.04572267085313797
2908437504.0,-0.06328026205301285
2909374976.0,-0.07976416498422623
2910312448.0,-0.09513870626688004
2911249920.0,-0.10861297696828842
2912187392.0,-0.12133792042732239
2913125120.0,-0.13169705867767334
2914062592.0,-0.13966408371925354
2915000064.0,-0.14660413563251495
2915937536.0,-0.15260370075702667
2916875008.0,-0.15472370386123657
2917812480.0,-0.1551172137260437
2918749952.0,-0.1531067043542862
2919687424.0,-0.1492708921432495
2920624896.0,-0.14350125193595886
2921562624.0,-0.13655179738998413
2922500096.0,-0.12645156681537628
2923437568.0,-0.1151592954993248
2924375040.0,-0.10349613428115845
2925312512.0,-0.0890190377831459
2926249984.0,-0.07412974536418915
2927187456.0,-0.058248840272426605
2928124928.0,-0.041391562670469284
2929062400.0,-0.02372533641755581
2929999872.0,-0.006415581330657005
2930937600.0,0.01142144575715065
2931875072.0,0.028104322031140327
2932812544.0,0.04560880735516548
2933750016.0,0.0622684545814991
2934687488.0,0.07810591161251068
2935624960.0,0.09191714972257614
2936562432.0,0.10645249485969543
2937499904.0,0.1189558357000351
2938437376.0,0.12878136336803436
2939375104.0,0.13906513154506683
2940312576.0,0.14733220636844635
2941250048.0,0.15485644340515137
2942187520.0,0.1588040292263031
2943124992.0,0.16243726015090942
2944062464.0,0.1649659126996994
2944999936.0,0.16736961901187897
2945937408.0,0.1670655906200409
2946874880.0,0.16654737293720245
2947812608.0,0.16239644587039948
2948750080.0,0.16074617207050323
2949687552.0,0.15869824588298798
2950625024.0,0.1564970761537552
2951562496.0,0.15246187150478363
2952499968.0,0.14694659411907196
2953437440.0,0.14134836196899414
2954374912.0,0.13543419539928436
2955312384.0,0.12896767258644104
2956250112.0,0.12099438160657883
2957187584.0,0.11250700801610947
2958125056.0,0.10322945564985275
2959062528.0,0.0937865749001503
2960000000.0,0.08381827175617218
2960937472.0,0.07452540099620819
2961874944.0,0.06324338167905807
2962812416.0,0.052120231091976166
2963749888.0,0.04101404547691345
2964687616.0,0.03008965589106083
2965625088.0,0.018426377326250076
2966562560.0,0.007428827229887247
2967500032.0,-0.003917960915714502
2968437504.0,-0.013979583978652954
2969374976.0,-0.025478893890976906
2970312448.0,-0.03517884761095047
2971249920.0,-0.045420922338962555
2972187392.0,-0.054082997143268585
2973125120.0,-0.06279726326465607
2974062592.0,-0.07095424085855484
2975000064.0,-0.07773759216070175
2975937536.0,-0.08353398740291595
2976875008.0,-0.08983520418405533
2977812480.0,-0.09363004565238953
2978749952.0,-0.09727425128221512
2979687424.0,-0.09910454601049423
2980624896.0,-0.0999675914645195
2981562624.0,-0.09892535209655762
2982500096.0,-0.09796889871358871
2983437568.0,-0.09613364934921265
2984375040.0,-0.09349621832370758
2985312512.0,-0.08955734223127365
2986249984.0,-0.08414115011692047
2987187456.0,-0.07906601577997208
2988124928.0,-0.07204460352659225
2989062400.0,-0.0654551312327385
2990000128.0,-0.05733828991651535
2990937600.0,-0.04922628030180931
2991875072.0,-0.04110918566584587
2992812544.0,-0.03259849175810814
2993750016.0,-0.024334736168384552
2994687488.0,-0.015872016549110413
2995624960.0,-0.008170871995389462
2996562432.0,0.00012220504868309945
2997499904.0,0.007885657250881195
2998437376.0,0.01462525688111782
2999375104.0,0.02046711929142475
3000312576.0,0.022416826337575912
3001250048.0,0.027193931862711906
3002187520.0,0.030347321182489395
3003124992.0,0.03305372968316078
3004062464.0,0.03429272770881653
3004999936.0,0.03486451506614685
3005937408.0,0.03341085836291313
3006874880.0,0.031698040664196014
3007812608.0,0.028467008844017982
3008750080.0,0.02353944256901741
3009687552.0,0.019015131518244743
3010625024.0,0.015042375773191452
3011562496.0,0.009471396915614605
3012499968.0,0.00426960876211524
3013437440.0,8.290298137580976e-05
3014374912.0,-0.005668438971042633
3015312384.0,-0.010045076720416546
3016250112.0,-0.016002537682652473
3017187584.0,-0.021368451416492462
3018125056.0,-0.02559242770075798
3019062528.0,-0.032039109617471695
3020000000.0,-0.03692043945193291
3020937472.0,-0.04208023473620415
3021874944.0,-0.04705096781253815
3022812416.0,-0.05087665840983391
3023749888.0,-0.05639686435461044
3024687616.0,-0.061259154230356216
3025625088.0,-0.06535142660140991
3026562560.0,-0.06970889121294022
3027500032.0,-0.07446350902318954
3028437504.0,-0.07856695353984833
3029374976.0,-0.08238926529884338
3030312448.0,-0.08540402352809906
3031249920.0,-0.0886569693684578
3032187392.0,-0.09193886071443558
3033125120.0,-0.09502176940441132
3034062592.0,-0.09688291698694229
3035000064.0,-0.09940434247255325
3035937536.0,-0.10142206400632858
3036875008.0,-0.10258547961711884
3037812480.0,-0.10384541749954224
3038749952.0,-0.10361375659704208
3039687424.0,-0.10397519916296005
3040624896.0,-0.10351388156414032
3041562624.0,-0.102477066218853
3042500096.0,-0.10149293392896652
3043437568.0,-0.09893845021724701
3044375040.0,-0.096478670835495
3045312512.0,-0.0929521918296814
3046249984.0,-0.08976346254348755
3047187456.0,-0.08616229146718979
3048124928.0,-0.08140208572149277
3049062400.0,-0.07677061855792999
3049999872.0,-0.07143817842006683
3050937600.0,-0.06634631007909775
3051875072.0,-0.06158149987459183
3052812544.0,-0.05535823851823807
3053750016.0,-0.04918166995048523
3054687488.0,-0.043217696249485016
3055624960.0,-0.0378878228366375
3056562432.0,-0.03187963739037514
3057499904.0,-0.02627076767385006
3058437376.0,-0.020956754684448242
3059375104.0,-0.01521395891904831
3060312576.0,-0.010901608504354954
3061250048.0,-0.006444566883146763
3062187520.0,-0.002632297808304429
3063124992.0,0.0002725854574237019
3064062464.0,0.0022022693883627653
3064999936.0,0.004738302901387215
3065937408.0,0.005364544223994017
3066874880.0,0.004775327164679766
3067812608.0,0.01869329810142517
3068750080.0,0.013584142550826073
3069687552.0,0.005701894871890545
3070625024.0,-0.0025511528365314007
3071562496.0,-0.010805007070302963
3072499968.0,-0.02004794031381607
3073437440.0,-0.028531700372695923
3074374912.0,-0.03829963132739067
3075312384.0,-0.04879746958613396
3076250112.0,-0.05934721603989601
3077187584.0,-0.06939540803432465
3078125056.0,-0.07865877449512482
3079062528.0,-0.08781468123197556
3080000000.0,-0.09627468138933182
3080937472.0,-0.10348255187273026
3081874944.0,-0.1106208935379982
3082812416.0,-0.1160149872303009
3083749888.0,-0.12154190987348557
3084687616.0,-0.12476351112127304
3085625088.0,-0.12771588563919067
3086562560.0,-0.12904883921146393
3087500032.0,-0.1284043788909912
3088437504.0,-0.12802496552467346
3089374976.0,-0.12536655366420746
3090312448.0,-0.12151870131492615
3091249920.0,-0.11747241765260696
3092187392.0,-0.11182468384504318
3093125120.0,-0.10632620006799698
3094062592.0,-0.09890224784612656
3095000064.0,-0.09038431942462921
3095937536.0,-0.08195658028125763
3096875008.0,-0.0727919340133667
3097812480.0,-0.06305495649576187
3098749952.0,-0.05295557156205177
3099687424.0,-0.04263715818524361
3100624896.0,-0.032365091145038605
3101562624.0,-0.021939262747764587
3102500096.0,-0.011466600000858307
3103437568.0,-0.0021701164077967405
3104375040.0,0.00798717886209488
3105312512.0,0.01769651472568512
3106249984.0,0.02721245028078556
3107187456.0,0.03522336855530739
3108124928.0,0.043400783091783524
3109062400.0,0.05171365290880203
3110000128.0,0.05915956199169159
3110937600.0,0.06579811871051788
3111875072.0,0.07216808199882507
3112812544.0,0.07812534272670746
3113750016.0,0.08312833309173584
3114687488.0,0.08787441998720169
3115624960.0,0.09255237132310867
3116562432.0,0.0962655171751976
3117499904.0,0.09994011372327805
3118437376.0,0.10353996604681015
3119375104.0,0.10589855164289474
3120312576.0,0.10893144458532333
3121250048.0,0.11037766188383102
3122187520.0,0.11362697184085846
3123124992.0,0.1161068007349968
3124062464.0,0.11844311654567719
3124999936.0,0.11947900056838989
3125937408.0,0.12068154662847519
3126874880.0,0.1217673197388649
3127812608.0,0.14215141534805298
3128750080.0,0.13943450152873993
3129687552.0,0.1375046819448471
3130625024.0,0.1347578763961792
3131562496.0,0.13344848155975342
3132499968.0,0.1313754916191101
3133437440.0,0.12981942296028137
3134374912.0,0.1279844492673874
3135312384.0,0.12680348753929138
3136250112.0,0.12552829086780548
3137187584.0,0.12449444830417633
3138125056.0,0.12309368699789047
3139062528.0,0.12268425524234772
3140000000.0,0.12185342609882355
3140937472.0,0.1211562529206276
3141874944.0,0.12003170698881149
3142812416.0,0.11938446015119553
3143749888.0,0.1184912919998169
3144687616.0,0.11677135527133942
3145625088.0,0.11515966057777405
3146562560.0,0.11342398077249527
3147500032.0,0.11131148040294647
3148437504.0,0.10788506269454956
3149374976.0,0.10477025806903839
3150312448.0,0.1006268560886383
3151249920.0,0.09659784287214279
3152187392.0,0.0918755829334259
3153125120.0,0.08570360392332077
3154062592.0,0.07866796106100082
3155000064.0,0.07142499089241028
3155937536.0,0.06344455480575562
3156875008.0,0.055313851684331894
3157812480.0,0.045674774795770645
3158749952.0,0.03563176095485687
3159687424.0,0.024999545887112617
3160624896.0,0.013162853196263313
3161562624.0,0.0014292736304923892
3162500096.0,-0.010186543688178062
3163437568.0,-0.022058291360735893
3164375040.0,-0.03494282811880112
3165312512.0,-0.047619983553886414
3166249984.0,-0.05949440598487854
3167187456.0,-0.07189729809761047
3168124928.0,-0.08224288374185562
3169062400.0,-0.09298165142536163
3169999872.0,-0.10356298834085464
3170937600.0,-0.1129726991057396
3171875072.0,-0.12196213752031326
3172812544.0,-0.13066279888153076
3173750016.0,-0.13762718439102173
3174687488.0,-0.14315427839756012
3175624960.0,-0.14630067348480225
3176562432.0,-0.14882168173789978
3177499904.0,-0.15039990842342377
3178437376.0,-0.1498902142047882
3179375104.0,-0.14771346747875214
3180312576.0,-0.14403189718723297
3181250048.0,-0.13876056671142578
3182187520.0,-0.1316668540239334
3183124992.0,-0.12434754520654678
3184062464.0,-0.11406688392162323
3184999936.0,-0.10311508178710938
3185937408.0,-0.09010977298021317
3186874880.0,-0.07697200030088425
3187812608.0,0.05314428359270096
3188750080.0,0.052069634199142456
3189687552.0,0.05134918540716171
3190625024.0,0.051752202212810516
3191562496.0,0.0538468062877655
3192499968.0,0.05630812793970108
3193437440.0,0.058796610683202744
3194374912.0,0.06275972723960876
3195312384.0,0.06701009720563889
3196250112.0,0.07165887951850891
3197187584.0,0.07684237509965897
3198125056.0,0.08232826739549637
3199062528.0,0.08728004992008209
3200000000.0,0.09347278624773026
3200937472.0,0.09768404811620712
3201874944.0,0.10219115018844604
3202812416.0,0.10492672771215439
3203749888.0,0.1083206906914711
3204687616.0,0.10965727269649506
3205625088.0,0.10998863726854324
3206562560.0,0.11020263284444809
3207500032.0,0.1077229306101799
3208437504.0,0.10394059866666794
3209374976.0,0.10164771229028702
3210312448.0,0.09579688310623169
3211249920.0,0.08905740827322006
3212187392.0,0.08135563880205154
3213125120.0,0.07306129485368729
3214062592.0,0.06328330934047699
3215000064.0,0.052714988589286804
3215937536.0,0.04098404571413994
3216875008.0,0.028778696432709694
3217812480.0,0.015984326601028442
3218749952.0,0.003033290384337306
3219687424.0,-0.009992619976401329
3220624896.0,-0.022786248475313187
3221562624.0,-0.03514266386628151
3222500096.0,-0.04832860082387924
3223437568.0,-0.05975457280874252
3224375040.0,-0.07078201323747635
3225312512.0,-0.07962851226329803
3226249984.0,-0.08926957100629807
3227187456.0,-0.09693019837141037
3228124928.0,-0.10341749340295792
3229062400.0,-0.10943526774644852
3230000128.0,-0.11268188804388046
3230937600.0,-0.1150621697306633
3231875072.0,-0.11751473695039749
3232812544.0,-0.1173163652420044
3233750016.0,-0.11600567400455475
3234687488.0,-0.114143006503582
3235624960.0,-0.11134069412946701
3236562432.0,-0.10798735916614532
3237499904.0,-0.10431811958551407
3238437376.0,-0.10024203360080719
3239375104.0,-0.09511164575815201
3240312576.0,-0.08972646296024323
3241250048.0,-0.08544366806745529
3242187520.0,-0.08152466267347336
3243124992.0,-0.07813960313796997
3244062464.0,-0.07544657588005066
3244999936.0,-0.07245857268571854
3245937408.0,-0.07131899893283844
3246874880.0,-0.07008940726518631
3247812608.0,-0.06309933960437775
3248750080.0,-0.06751693785190582
3249687552.0,-0.07079572975635529
3250625024.0,-0.07495663315057755
3251562496.0,-0.07882612943649292
3252499968.0,-0.08107566088438034
3253437440.0,-0.08287425339221954
3254374912.0,-0.0840638130903244
3255312384.0,-0.08375494927167892
3256250112.0,-0.08249454200267792
3257187584.0,-0.08012551069259644
3258125056.0,-0.07611596584320068
3259062528.0,-0.07236254960298538
3260000000.0,-0.06669268757104874
3260937472.0,-0.05956536903977394
3261874944.0,-0.05205557122826576
3262812416.0,-0.043861061334609985
3263749888.0,-0.03623532876372337
3264687616.0,-0.026756651699543
3265625088.0,-0.01775190979242325
3266562560.0,-0.009772628545761108
3267500032.0,-0.002761615440249443
3268437504.0,0.00514987064525485
3269374976.0,0.010560479946434498
3270312448.0,0.014774136245250702
3271249920.0,0.018647827208042145
3272187392.0,0.02057483047246933
3273125120.0,0.02233116701245308
3274062592.0,0.022151248529553413
3275000064.0,0.02181256003677845
3275937536.0,0.020104827359318733
3276875008.0,0.01898167096078396
3277812480.0,0.016647256910800934
3278749952.0,0.015346945263445377
3279687424.0,0.013932278379797935
3280624896.0,0.012316297739744186
3281562624.0,0.01222237665206194
3282500096.0,0.011368799954652786
3283437568.0,0.01270171720534563
3284375040.0,0.014353358186781406
3285312512.0,0.015490307472646236
3286249984.0,0.01856117695569992
3287187456.0,0.020664157345891
3288124928.0,0.02199193276464939
3289062400.0,0.023465236648917198
3289999872.0,0.02505883201956749
3290937600.0,0.02607380785048008
3291875072.0,0.025184275582432747
3292812544.0,0.022890670225024223
3293750016.0,0.019610097631812096
3294687488.0,0.015102406032383442
3295624960.0,0.010140333324670792
3296562432.0,0.00402215076610446
3297499904.0,-0.0032943866681307554
3298437376.0,-0.010950075462460518
3299375104.0,-0.019725074991583824
3300312576.0,-0.027966734021902084
3301250048.0,-0.03771175816655159
3302187520.0,-0.04559105262160301
3303124992.0,-0.05511379614472389
3304062464.0,-0.06412782520055771
3304999936.0,-0.07298118621110916
3305937408.0,-0.08180208504199982
3306874880.0,-0.09001641720533371
3307812608.0,-0.05918252095580101
3308750080.0,-0.05749853700399399
3309687552.0,-0.055312130600214005
3310625024.0,-0.05322510376572609
3311562496.0,-0.052574679255485535
3312499968.0,-0.05134004354476929
3313437440.0,-0.05056154355406761
3314374912.0,-0.049924932420253754
3315312384.0,-0.051215242594480515
3316250112.0,-0.05190439522266388
3317187584.0,-0.05431235954165459
3318125056.0,-0.05591176822781563
3319062528.0,-0.05942705273628235
3320000000.0,-0.06427717953920364
3320937472.0,-0.06836928427219391
3321874944.0,-0.07352922111749649
3322812416.0,-0.08028392493724823
3323749888.0,-0.08593745529651642
3324687616.0,-0.09226739406585693
3325625088.0,-0.10013099014759064
3326562560.0,-0.1067795678973198
3327500032.0,-0.1135478988289833
3328437504.0,-0.12021353095769882
3329374976.0,-0.1265377253293991
3330312448.0,-0.1326906830072403
3331249920.0,-0.13815151154994965
3332187392.0,-0.1436316817998886
3333125120.0,-0.14727269113063812
3334062592.0,-0.14975973963737488
3335000064.0,-0.15106859803199768
3335937536.0,-0.15328317880630493
3336875008.0,-0.15349392592906952
3337812480.0,-0.1518964022397995
3338749952.0,-0.1493118852376938
3339687424.0,-0.1466224044561386
3340624896.0,-0.14263217151165009
3341562624.0,-0.13676407933235168
3342500096.0,-0.13168852031230927
3343437568.0,-0.1245618462562561
3344375040.0,-0.11631333827972412
3345312512.0,-0.10797001421451569
3346249984.0,-0.09853754937648773
3347187456.0,-0.0909031331539154
3348124928.0,-0.08038091659545898
3349062400.0,-0.0698094591498375
3350000128.0,-0.05995170772075653
3350937600.0,-0.05036880820989609
3351875072.0,-0.040893930941820145
3352812544.0,-0.03169403225183487
3353750016.0,-0.022567782551050186
3354687488.0,-0.014650528319180012
3355624960.0,-0.00805617030709982
3356562432.0,-0.0026917550712823868
3357499904.0,0.0027796875219792128
3358437376.0,0.008783715777099133
3359375104.0,0.013570117764174938
3360312576.0,0.017781242728233337
3361250048.0,0.021563146263360977
3362187520.0,0.024383140727877617
3363124992.0,0.02688424102962017
3364062464.0,0.029259568080306053
3364999936.0,0.03192412480711937
3365937408.0,0.03377891704440117
3366874880.0,0.03592872992157936
3367812608.0,0.04527968168258667
3368750080.0,0.05265487730503082
3369687552.0,0.061445556581020355
3370625024.0,0.06849990040063858
3371562496.0,0.07402358949184418
3372499968.0,0.07894670963287354
3373437440.0,0.08286263793706894
3374374912.0,0.08532503247261047
3375312384.0,0.08798708021640778
3376250112.0,0.08829839527606964
3377187584.0,0.0879455953836441
3378125056.0,0.08506278693675995
3379062528.0,0.08209045231342316
3380000000.0,0.07716477662324905
3380937472.0,0.070901058614254
3381874944.0,0.06352172046899796
3382812416.0,0.056397952139377594
3383749888.0,0.04756718873977661
3384687616.0,0.038205645978450775
3385625088.0,0.02886255644261837
3386562560.0,0.017681749537587166
3387500032.0,0.007370274513959885
3388437504.0,-0.0024830754846334457
3389374976.0,-0.012870606034994125
3390312448.0,-0.02339070290327072
3391249920.0,-0.032589323818683624
3392187392.0,-0.0426829531788826
3393125120.0,-0.051583658903837204
3394062592.0,-0.059944480657577515
3395000064.0,-0.06871461868286133
3395937536.0,-0.07468419522047043
3396875008.0,-0.0816195160150528
3397812480.0,-0.08734162896871567
3398749952.0,-0.09206566959619522
3399687424.0,-0.09619272500276566
3400624896.0,-0.0975976511836052
3401562624.0,-0.10016440600156784
3402500096.0,-0.10218128561973572
3403437568.0,-0.10138136148452759
3404375040.0,-0.10237845778465271
3405312512.0,-0.10176049917936325
3406249984.0,-0.10006380826234818
3407187456.0,-0.09795733541250229
3408124928.0,-0.09549560397863388
3409062400.0,-0.09342724829912186
3409999872.0,-0.0906517282128334
3410937600.0,-0.08643176406621933
3411875072.0,-0.0830925926566124
3412812544.0,-0.0791020616889
3413750016.0,-0.07584767788648605
3414687488.0,-0.0711839497089386
3415624960.0,-0.06667808443307877
3416562432.0,-0.06140883266925812
3417499904.0,-0.057595472782850266
3418437376.0,-0.05400952696800232
3419375104.0,-0.050514183938503265
3420312576.0,-0.04659473896026611
3421250048.0,-0.04204758256673813
3422187520.0,-0.038944926112890244
3423124992.0,-0.03427363932132721
3424062464.0,-0.03040246106684208
3424999936.0,-0.026332195848226547
3425937408.0,-0.02136041782796383
3426874880.0,-0.017733115702867508
3427812608.0,-0.014067703858017921
3428750080.0,-0.010509531944990158
3429687552.0,-0.007954571396112442
3430625024.0,-0.0045735472813248634
3431562496.0,-0.0014405939728021622
3432499968.0,0.0029328768141567707
3433437440.0,0.007349683903157711
3434374912.0,0.013438394293189049
3435312384.0,0.019804801791906357
3436250112.0,0.026851335540413857
3437187584.0,0.03525743633508682
3438125056.0,0.04507499560713768
3439062528.0,0.05514533817768097
3440000000.0,0.06731186807155609
3440937472.0,0.07922647148370743
3441874944.0,0.09187324345111847
3442812416.0,0.10626410692930222
3443749888.0,0.12023761123418808
3444687616.0,0.13455578684806824
3445625088.0,0.14865872263908386
3446562560.0,0.16206753253936768
3447500032.0,0.17572371661663055
3448437504.0,0.18806907534599304
3449374976.0,0.19848597049713135
3450312448.0,0.20779550075531006
3451249920.0,0.21504263579845428
3452187392.0,0.22011606395244598
3453125120.0,0.22348570823669434
3454062592.0,0.22347772121429443
3455000064.0,0.2219950258731842
3455937536.0,0.21665379405021667
3456875008.0,0.20926836133003235
3457812480.0,0.19819913804531097
3458749952.0,0.18602368235588074
3459687424.0,0.1720535308122635
3460624896.0,0.15688401460647583
3461562624.0,0.1386522650718689
3462500096.0,0.1197996512055397
3463437568.0,0.10094597190618515
3464375040.0,0.08136238157749176
3465312512.0,0.06136571243405342
3466249984.0,0.0421607531607151
3467187456.0,0.022675039246678352
3468124928.0,0.003980171866714954
3469062400.0,-0.012608039192855358
3470000128.0,-0.027045128867030144
3470937600.0,-0.0405159518122673
3471875072.0,-0.05264914408326149
3472812544.0,-0.061700332909822464
3473750016.0,-0.0699574276804924
3474687488.0,-0.0763082206249237
3475624960.0,-0.08041639626026154
3476562432.0,-0.08280687779188156
3477499904.0,-0.08398476243019104
3478437376.0,-0.08306759595870972
3479375104.0,-0.08017245680093765
3480312576.0,-0.07702142000198364
3481250048.0,-0.07263021916151047
3482187520.0,-0.06817641854286194
3483124992.0,-0.06386154890060425
3484062464.0,-0.05968707054853439
3484999936.0,-0.05396503582596779
3485937408.0,-0.049295395612716675
3486874880.0,-0.045182518661022186
3487812608.0,-0.030993804335594177
3488750080.0,-0.034150131046772
3489687552.0,-0.037695977836847305
3490625024.0,-0.04272442311048508
3491562496.0,-0.0482616201043129
3492499968.0,-0.05421020835638046
3493437440.0,-0.059490639716386795
3494374912.0,-0.0649549812078476
3495312384.0,-0.07063940912485123
3496250112.0,-0.07622560858726501
3497187584.0,-0.07974483072757721
3498125056.0,-0.08360596746206284
3499062528.0,-0.08787381649017334
3500000000.0,-0.0892171785235405
3500937472.0,-0.08934471756219864
3501874944.0,-0.08843732625246048
3502812416.0,-0.08536160737276077
3503749888.0,-0.08262866735458374
3504687616.0,-0.07785607129335403
3505625088.0,-0.07117213308811188
3506562560.0,-0.06453629583120346
3507500032.0,-0.05817987397313118
3508437504.0,-0.04948258027434349
3509374976.0,-0.04060264676809311
3510312448.0,-0.030417993664741516
3511249920.0,-0.02093769609928131
3512187392.0,-0.010995871387422085
3513125120.0,-0.0007206206792034209
3514062592.0,0.009369666688144207
3515000064.0,0.017494630068540573
3515937536.0,0.026153234764933586
3516875008.0,0.03428313508629799
3517812480.0,0.04157804697751999
3518749952.0,0.04762459173798561
3519687424.0,0.053183164447546005
3520624896.0,0.05769026279449463
3521562624.0,0.06103406846523285
3522500096.0,0.0619567334651947
3523437568.0,0.06281935423612595
3524375040.0,0.06184776872396469
3525312512.0,0.060737550258636475
3526249984.0,0.05855758115649223
3527187456.0,0.05502825602889061
3528124928.0,0.050636108964681625
3529062400.0,0.04618743807077408
3529999872.0,0.040224839001894
3530937600.0,0.03446653112769127
3531875072.0,0.029154855757951736
3532812544.0,0.022979237139225006
3533750016.0,0.016217926517128944
3534687488.0,0.01170363649725914
3535624960.0,0.006028186995536089
3536562432.0,0.003907918464392424
3537499904.0,-0.0001667079486651346
3538437376.0,-0.0026855063624680042
3539375104.0,-0.0032997720409184694
3540312576.0,-0.005226594861596823
3541250048.0,-0.004374180920422077
3542187520.0,-0.004218501038849354
3543124992.0,-0.0022063436917960644
3544062464.0,0.0010582500835880637
3544999936.0,0.004084535408765078
3545937408.0,0.008200750686228275
3546874880.0,0.013108099810779095
3547812608.0,0.013653658330440521
3548750080.0,0.011983798816800117
3549687552.0,0.009789747186005116
3550625024.0,0.00779939629137516
3551562496.0,0.004318750463426113
3552499968.0,0.0007747065974399447
3553437440.0,-0.002776352223008871
3554374912.0,-0.005297481548041105
3555312384.0,-0.009280558675527573
3556250112.0,-0.012380054220557213
3557187584.0,-0.01607746258378029
3558125056.0,-0.020443538203835487
3559062528.0,-0.02335919439792633
3560000000.0,-0.026758156716823578
3560937472.0,-0.02928747795522213
3561874944.0,-0.03327493742108345
3562812416.0,-0.037343330681324005
3563749888.0,-0.04051315784454346
3564687616.0,-0.04375838115811348
3565625088.0,-0.04605009779334068
3566562560.0,-0.04777563735842705
3567500032.0,-0.04950711876153946
3568437504.0,-0.050388872623443604
3569374976.0,-0.05035215988755226
3570312448.0,-0.05280972272157669
3571249920.0,-0.05176905542612076
3572187392.0,-0.05185062810778618
3573125120.0,-0.05210619047284126
3574062592.0,-0.050212010741233826
3575000064.0,-0.04963275417685509
3575937536.0,-0.04800152778625488
3576875008.0,-0.04584566503763199
3577812480.0,-0.04405811056494713
3578749952.0,-0.041719868779182434
3579687424.0,-0.03885820508003235
3580624896.0,-0.03648752719163895
3581562624.0,-0.033798132091760635
3582500096.0,-0.031382519751787186
3583437568.0,-0.028540341183543205
3584375040.0,-0.028411123901605606
3585312512.0,-0.02633693814277649
3586249984.0,-0.02611808478832245
3587187456.0,-0.024839457124471664
3588124928.0,-0.023940924555063248
3589062400.0,-0.023471321910619736
3590000128.0,-0.023986708372831345
3590937600.0,-0.023260856047272682
3591875072.0,-0.023477980867028236
3592812544.0,-0.023108087480068207
3593750016.0,-0.022128311917185783
3594687488.0,-0.02202787436544895
3595624960.0,-0.020473064854741096
3596562432.0,-0.01945224031805992
3597499904.0,-0.01800611987709999
3598437376.0,-0.016058970242738724
3599375104.0,-0.012745524756610394
3600312576.0,-0.00955866277217865
3601250048.0,-0.005924011114984751
3602187520.0,-0.0012301338138058782
3603124992.0,0.004290890414267778
3604062464.0,0.008671512827277184
3604999936.0,0.014740657061338425
3605937408.0,0.020379140973091125
3606874880.0,0.025228427723050117
3607812608.0,0.04850881174206734
3608750080.0,0.05699823424220085
3609687552.0,0.06582506000995636
3610625024.0,0.07421544194221497
3611562496.0,0.08242719620466232
3612499968.0,0.08938971906900406
3613437440.0,0.09513296186923981
3614374912.0,0.10073251277208328
3615312384.0,0.10652589052915573
3616250112.0,0.10986679047346115
3617187584.0,0.11311082541942596
3618125056.0,0.1145513728260994
3619062528.0,0.1146949976682663
3620000000.0,0.11374460160732269
3620937472.0,0.11193887144327164
3621874944.0,0.1092802956700325
3622812416.0,0.10500287264585495
3623749888.0,0.10085709393024445
3624687616.0,0.09512987732887268
3625625088.0,0.08947081863880157
3626562560.0,0.08369902521371841
3627500032.0,0.0758565366268158
3628437504.0,0.06832219660282135
3629374976.0,0.05948115885257721
3630312448.0,0.050984371453523636
3631249920.0,0.04178100451827049
3632187392.0,0.03214960917830467
3633125120.0,0.022981295362114906
3634062592.0,0.012521722353994846
3635000064.0,0.003647620091214776
3635937536.0,-0.007182309869676828
3636875008.0,-0.01683560572564602
3637812480.0,-0.026947790756821632
3638749952.0,-0.03619566187262535
3639687424.0,-0.04613246023654938
3640624896.0,-0.05456113442778587
3641562624.0,-0.06396523863077164
3642500096.0,-0.07230957597494125
3643437568.0,-0.08032119274139404
3644375040.0,-0.08659497648477554
3645312512.0,-0.09220491349697113
3646249984.0,-0.09885207563638687
3647187456.0,-0.10481595993041992
3648124928.0,-0.1087583601474762
3649062400.0,-0.1138664036989212
3649999872.0,-0.11687231808900833
3650937600.0,-0.1211128979921341
3651875072.0,-0.12303949147462845
3652812544.0,-0.12598489224910736
3653750016.0,-0.12621891498565674
3654687488.0,-0.12768851220607758
3655624960.0,-0.127213716506958
3656562432.0,-0.12644121050834656
3657499904.0,-0.12508688867092133
3658437376.0,-0.12382446974515915
3659375104.0,-0.12176211923360825
3660312576.0,-0.11904481798410416
3661250048.0,-0.11607283353805542
3662187520.0,-0.11210492998361588
3663124992.0,-0.10926613956689835
3664062464.0,-0.1054319217801094
3664999936.0,-0.10142254829406738
3665937408.0,-0.09605918079614639
3666874880.0,-0.09140652418136597
3667812608.0,-0.07447629421949387
3668750080.0,-0.07248546183109283
3669687552.0,-0.07133211195468903
3670625024.0,-0.0701446458697319
3671562496.0,-0.06754429638385773
3672499968.0,-0.06465667486190796
3673437440.0,-0.06025426462292671
3674374912.0,-0.055460114032030106
3675312384.0,-0.05002825707197189
3676250112.0,-0.04391249641776085
3677187584.0,-0.03680838271975517
3678125056.0,-0.029261751100420952
3679062528.0,-0.022154780104756355
3680000000.0,-0.013808373361825943
3680937472.0,-0.004485080484300852
3681874944.0,0.005146147683262825
3682812416.0,0.014430609531700611
3683749888.0,0.023649923503398895
3684687616.0,0.032860204577445984
3685625088.0,0.0417863130569458
3686562560.0,0.05014753341674805
3687500032.0,0.05863348767161369
3688437504.0,0.06561218202114105
3689374976.0,0.07297105342149734
3690312448.0,0.07995770871639252
3691249920.0,0.08670387417078018
3692187392.0,0.09075909107923508
3693125120.0,0.09507420659065247
3694062592.0,0.09808379411697388
3695000064.0,0.09998347610235214
3695937536.0,0.10120046883821487
3696875008.0,0.09998933225870132
3697812480.0,0.09891165047883987
3698749952.0,0.09640361368656158
3699687424.0,0.09312641620635986
3700624896.0,0.08877235651016235
3701562624.0,0.08344759047031403
3702500096.0,0.07730673998594284
3703437568.0,0.07079125940799713
3704375040.0,0.0638953298330307
3705312512.0,0.05567016452550888
3706249984.0,0.048092134296894073
3707187456.0,0.04034188762307167
3708124928.0,0.03165397047996521
3709062400.0,0.02236109972000122
3710000128.0,0.012652372010052204
3710937600.0,0.0032256401609629393
3711875072.0,-0.005523404106497765
3712812544.0,-0.013355454429984093
3713750016.0,-0.020298171788454056
3714687488.0,-0.02815954014658928
3715624960.0,-0.03281039744615555
3716562432.0,-0.03764922544360161
3717499904.0,-0.04223530367016792
3718437376.0,-0.04533737897872925
3719375104.0,-0.04804115369915962
3720312576.0,-0.04923837631940842
3721250048.0,-0.051054708659648895
3722187520.0,-0.04993404820561409
3723124992.0,-0.04955228418111801
3724062464.0,-0.04767703264951706
3724999936.0,-0.046645138412714005
3725937408.0,-0.044907353818416595
3726874880.0,-0.042858242988586426
3727812608.0,-0.04555848613381386
3728750080.0,-0.04464641585946083
3729687552.0,-0.04351601004600525
3730625024.0,-0.042302317917346954
3731562496.0,-0.04181176424026489
3732499968.0,-0.04039083793759346
3733437440.0,-0.040381379425525665
3734374912.0,-0.03960978984832764
3735312384.0,-0.0403083935379982
3736250112.0,-0.040840886533260345
3737187584.0,-0.04247153922915459
3738125056.0,-0.04459226876497269
3739062528.0,-0.04682544991374016
3740000000.0,-0.05074537172913551
3740937472.0,-0.054724059998989105
3741874944.0,-0.05757175013422966
3742812416.0,-0.06204519048333168
3743749888.0,-0.06674635410308838
3744687616.0,-0.07218988239765167
3745625088.0,-0.07627784460783005
3746562560.0,-0.08170582354068756
3747500032.0,-0.08699390292167664
3748437504.0,-0.09143595397472382
3749374976.0,-0.09737883508205414
3750312448.0,-0.1027899980545044
3751249920.0,-0.10912476480007172
3752187392.0,-0.1139216274023056
3753125120.0,-0.11862120032310486
3754062592.0,-0.1239166259765625
3755000064.0,-0.127667635679245
3755937536.0,-0.130027636885643
3756875008.0,-0.1323276162147522
3757812480.0,-0.13348829746246338
3758749952.0,-0.13233308494091034
3759687424.0,-0.13076172769069672
3760624896.0,-0.12698034942150116
3761562624.0,-0.1218828558921814
3762500096.0,-0.11502066999673843
3763437568.0,-0.10796508938074112
3764375040.0,-0.09971781820058823
3765312512.0,-0.091715969145298
3766249984.0,-0.0812109187245369
3767187456.0,-0.07031499594449997
3768124928.0,-0.05903593823313713
3769062400.0,-0.04759994521737099
3769999872.0,-0.03646685183048248
3770937600.0,-0.02552134171128273
3771875072.0,-0.01346125639975071
3772812544.0,-0.0028672069311141968
3773750016.0,0.006899544969201088
3774687488.0,0.015140555799007416
3775624960.0,0.023002678528428078
3776562432.0,0.02824649214744568
3777499904.0,0.03318404033780098
3778437376.0,0.03710944578051567
3779375104.0,0.03916981443762779
3780312576.0,0.03875177726149559
3781250048.0,0.03760116547346115
3782187520.0,0.03478460758924484
3783124992.0,0.02993053011596203
3784062464.0,0.0243331678211689
3784999936.0,0.017042215913534164
3785937408.0,0.007403747644275427
3786874880.0,0.009691277518868446
3787812608.0,0.0012714206241071224
3788750080.0,-0.00811709649860859
3789687552.0,-0.018078211694955826
3790625024.0,-0.0304429829120636
3791562496.0,-0.042055610567331314
3792499968.0,-0.05376381427049637
3793437440.0,-0.06471673399209976
3794374912.0,-0.07659018784761429
3795312384.0,-0.08825159072875977
3796250112.0,-0.09967038035392761
3797187584.0,-0.10975413024425507
3798125056.0,-0.12042195349931717
3799062528.0,-0.1290140151977539
3800000000.0,-0.1383136808872223
3800937472.0,-0.14591814577579498
3801874944.0,-0.15251880884170532
3802812416.0,-0.15633413195610046
3803749888.0,-0.1588713824748993
3804687616.0,-0.16155625879764557
3805625088.0,-0.16289523243904114
3806562560.0,-0.16197465360164642
3807500032.0,-0.16101911664009094
3808437504.0,-0.15750034153461456
3809374976.0,-0.15254953503608704
3810312448.0,-0.14805608987808228
3811249920.0,-0.14174982905387878
3812187392.0,-0.1347498595714569
3813125120.0,-0.12498178333044052
3814062592.0,-0.11609507352113724
3815000064.0,-0.10685525089502335
3815937536.0,-0.09610874205827713
3816875008.0,-0.0854722261428833
3817812480.0,-0.07631099224090576
3818749952.0,-0.06528083980083466
3819687424.0,-0.0568433441221714
3820624896.0,-0.047278039157390594
3821562624.0,-0.03861921653151512
3822500096.0,-0.0300925113260746
3823437568.0,-0.02256425842642784
3824375040.0,-0.01630953699350357
3825312512.0,-0.011935430578887463
3826249984.0,-0.0064558410085737705
3827187456.0,-0.0029815612360835075
3828124928.0,-0.0007578015793114901
3829062400.0,0.0007647087913937867
3830000128.0,0.000550860189832747
3830937600.0,-0.0004922304069623351
3831875072.0,-0.001478308462537825
3832812544.0,-0.004178621340543032
3833750016.0,-0.006609427276998758
3834687488.0,-0.009792318567633629
3835624960.0,-0.014332891441881657
3836562432.0,-0.018111752346158028
3837499904.0,-0.021543750539422035
3838437376.0,-0.025742309167981148
3839375104.0,-0.029956122860312462
3840312576.0,-0.03442088142037392
3841250048.0,-0.037257421761751175
3842187520.0,-0.04084068164229393
3843124992.0,-0.04404918849468231
3844062464.0,-0.046054907143116
3844999936.0,-0.04780823364853859
3845937408.0,-0.04967731982469559
3846874880.0,-0.04177765175700188
3847812608.0,-0.03739885613322258
3848750080.0,-0.03360257297754288
3849687552.0,-0.029939863830804825
3850625024.0,-0.027729105204343796
3851562496.0,-0.025577059015631676
3852499968.0,-0.02377740480005741
3853437440.0,-0.022148294374346733
3854374912.0,-0.020848965272307396
3855312384.0,-0.02011210285127163
3856250112.0,-0.019510434940457344
3857187584.0,-0.01993313618004322
3858125056.0,-0.020779281854629517
3859062528.0,-0.021503997966647148
3860000000.0,-0.024138839915394783
3860937472.0,-0.026160828769207
3861874944.0,-0.028398584574460983
3862812416.0,-0.030686775222420692
3863749888.0,-0.033616166561841965
3864687616.0,-0.03686796873807907
3865625088.0,-0.039995599538087845
3866562560.0,-0.04248739778995514
3867500032.0,-0.045333296060562134
3868437504.0,-0.04871554300189018
3869374976.0,-0.05082815885543823
3870312448.0,-0.053362224251031876
3871249920.0,-0.05533427745103836
3872187392.0,-0.05798444151878357
3873125120.0,-0.05913783609867096
3874062592.0,-0.06104946881532669
3875000064.0,-0.06114300712943077
3875937536.0,-0.06391668319702148
3876875008.0,-0.066346675157547
3877812480.0,-0.06943761557340622
3878749952.0,-0.07057292759418488
3879687424.0,-0.072605662047863
3880624896.0,-0.07322820276021957
3881562624.0,-0.07414468377828598
3882500096.0,-0.07480893284082413
3883437568.0,-0.0743570402264595
3884375040.0,-0.07393238693475723
3885312512.0,-0.07409200817346573
3886249984.0,-0.07332149893045425
3887187456.0,-0.07259956747293472
3888124928.0,-0.07274309545755386
3889062400.0,-0.0728989765048027
3889999872.0,-0.0727643296122551
3890937600.0,-0.0731598436832428
3891875072.0,-0.07389889657497406
3892812544.0,-0.07529298961162567
3893750016.0,-0.07662908732891083
3894687488.0,-0.07756859064102173
3895624960.0,-0.0789569616317749
3896562432.0,-0.08133856952190399
3897499904.0,-0.08435998111963272
3898437376.0,-0.0873817726969719
3899375104.0,-0.09043879806995392
3900312576.0,-0.09413962811231613
3901250048.0,-0.09869644790887833
3902187520.0,-0.10200947523117065
3903124992.0,-0.10791995376348495
3904062464.0,-0.11266665160655975
3904999936.0,-0.11664511263370514
3905937408.0,-0.12040720134973526
3906874880.0,-0.13730588555335999
3907812608.0,-0.1438685804605484
3908750080.0,-0.15070314705371857
3909687552.0,-0.15393580496311188
3910625024.0,-0.15581297874450684
3911562496.0,-0.1565321534872055
3912499968.0,-0.15488512814044952
3913437440.0,-0.1498652696609497
3914374912.0,-0.14462338387966156
3915312384.0,-0.1368245631456375
3916250112.0,-0.12615716457366943
3917187584.0,-0.11542482674121857
3918125056.0,-0.10174969583749771
3919062528.0,-0.08738130331039429
3920000000.0,-0.07175039499998093
3920937472.0,-0.05731421336531639
3921874944.0,-0.04142726957798004
3922812416.0,-0.023733697831630707
3923749888.0,-0.008119838312268257
3924687616.0,0.007697997149080038
3925625088.0,0.0226439218968153
3926562560.0,0.03648960962891579
3927500032.0,0.04926043003797531
3928437504.0,0.060596488416194916
3929374976.0,0.07094629108905792
3930312448.0,0.07844118773937225
3931249920.0,0.08361267298460007
3932187392.0,0.08696873486042023
3933125120.0,0.08853340148925781
3934062592.0,0.0873204693198204
3935000064.0,0.08509024977684021
3935937536.0,0.08121008425951004
3936875008.0,0.07543284446001053
3937812480.0,0.06858769059181213
3938749952.0,0.06041371449828148
3939687424.0,0.05316820368170738
3940624896.0,0.04348859563469887
3941562624.0,0.034120120108127594
3942500096.0,0.025484995916485786
3943437568.0,0.01773761957883835
3944375040.0,0.008250067010521889
3945312512.0,0.0003071508836001158
3946249984.0,-0.007483391091227531
3947187456.0,-0.014698904007673264
3948124928.0,-0.02155417390167713
3949062400.0,-0.027193905785679817
3950000128.0,-0.03157123550772667
3950937600.0,-0.03595089167356491
3951875072.0,-0.039184845983982086
3952812544.0,-0.042008303105831146
3953750016.0,-0.04361950606107712
3954687488.0,-0.0449218675494194
3955624960.0,-0.04740685597062111
3956562432.0,-0.049213919788599014
3957499904.0,-0.050806280225515366
3958437376.0,-0.05316811427474022
3959375104.0,-0.05276381969451904
3960312576.0,-0.05364624038338661
3961250048.0,-0.05517802760004997
3962187520.0,-0.05676715821027756
3963124992.0,-0.06014476716518402
3964062464.0,-0.06424672156572342
3964999936.0,-0.06957418471574783
3965937408.0,-0.07421818375587463
3966874880.0,-0.08837863057851791
3967812608.0,-0.10270871967077255
3968750080.0,-0.11710426956415176
3969687552.0,-0.13044729828834534
3970625024.0,-0.1449442356824875
3971562496.0,-0.15865202248096466
3972499968.0,-0.17057864367961884
3973437440.0,-0.1824578195810318
3974374912.0,-0.1933235079050064
3975312384.0,-0.20174239575862885
3976250112.0,-0.20865142345428467
3977187584.0,-0.21410663425922394
3978125056.0,-0.21773254871368408
3979062528.0,-0.21855828166007996
3980000000.0,-0.21958217024803162
3980937472.0,-0.21803757548332214
3981874944.0,-0.21442322432994843
3982812416.0,-0.20878149569034576
3983749888.0,-0.20240618288516998
3984687616.0,-0.19451341032981873
3985625088.0,-0.18518531322479248
3986562560.0,-0.1748410314321518
3987500032.0,-0.16397710144519806
3988437504.0,-0.1521836519241333
3989374976.0,-0.14017626643180847
3990312448.0,-0.12814244627952576
3991249920.0,-0.11628112941980362
3992187392.0,-0.10391496121883392
3993125120.0,-0.09229575097560883
3994062592.0,-0.0794142633676529
3995000064.0,-0.0701603889465332
3995937536.0,-0.06098730489611626
3996875008.0,-0.05211774632334709
3997812480.0,-0.04425531625747681
3998749952.0,-0.03801559656858444
3999687424.0,-0.030974308028817177
4000624896.0,-0.035048846155405045
4001562624.0,-0.033186960965394974
4002500096.0,-0.03233995661139488
4003437568.0,-0.03268744796514511
4004375040.0,-0.03509894758462906
4005312512.0,-0.03765973821282387
4006249984.0,-0.041378747671842575
4007187456.0,-0.04760849103331566
4008124928.0,-0.05346282199025154
4009062400.0,-0.0604545921087265
4009999872.0,-0.06885544955730438
4010937600.0,-0.07613924145698547
4011875072.0,-0.08457229286432266
4012812544.0,-0.09265498071908951
4013750016.0,-0.10047176480293274
4014687488.0,-0.10902658849954605
4015624960.0,-0.11749175190925598
4016562432.0,-0.12474795430898666
4017499904.0,-0.13126441836357117
4018437376.0,-0.13864034414291382
4019375104.0,-0.14534607529640198
4020312576.0,-0.15240497887134552
4021250048.0,-0.15781307220458984
4022187520.0,-0.163361594080925
4023124992.0,-0.16736085712909698
4024062464.0,-0.1726420819759369
4024999936.0,-0.1765046864748001
4025937408.0,-0.1794338971376419
4026874880.0,-0.1729889065027237
4027812608.0,-0.1792811155319214
4028750080.0,-0.1867232471704483
4029687552.0,-0.19304557144641876
4030625024.0,-0.19827179610729218
4031562496.0,-0.20343075692653656
4032499968.0,-0.20701318979263306
4033437440.0,-0.21053937077522278
4034374912.0,-0.21278764307498932
4035312384.0,-0.21477554738521576
4036250112.0,-0.2138063758611679
4037187584.0,-0.21309523284435272
4038125056.0,-0.21040499210357666
4039062528.0,-0.20648376643657684
4040000000.0,-0.20186588168144226
4040937472.0,-0.19585004448890686
4041874944.0,-0.18993082642555237
4042812416.0,-0.18301774561405182
4043749888.0,-0.17325589060783386
4044687616.0,-0.16382567584514618
4045625088.0,-0.1529453545808792
4046562560.0,-0.14148810505867004
4047500032.0,-0.12837082147598267
4048437504.0,-0.11546631902456284
4049374976.0,-0.10268909484148026
4050312448.0,-0.08873606473207474
4051249920.0,-0.07439213991165161
4052187392.0,-0.06122004613280296
4053125120.0,-0.047599561512470245
4054062592.0,-0.03501388803124428
4055000064.0,-0.021709159016609192
4055937536.0,-0.010328203439712524
4056875008.0,-0.0004874556325376034
4057812480.0,0.009398682042956352
4058749952.0,0.01686246320605278
4059687424.0,0.023285161703824997
4060624896.0,0.028463317081332207
4061562624.0,0.032280098646879196
4062500096.0,0.03298501670360565
4063437568.0,0.03219345584511757
4064375040.0,0.030869830399751663
4065312512.0,0.026674918830394745
4066249984.0,0.02204749546945095
4067187456.0,0.015554999001324177
4068124928.0,0.007901758886873722
4069062400.0,-0.0008877687505446374
4070000128.0,-0.011564637534320354
4070937600.0,-0.022058069705963135
4071875072.0,-0.03377104550600052
4072812544.0,-0.04610194265842438
4073750016.0,-0.05878377705812454
4074687488.0,-0.0716778114438057
4075624960.0,-0.08526277542114258
4076562432.0,-0.09704729169607162
4077499904.0,-0.10759224742650986
4078437376.0,-0.11905299127101898
4079375104.0,-0.1298954039812088
4080312576.0,-0.1393267661333084
4081250048.0,-0.1478009968996048
4082187520.0,-0.1562523990869522
4083124992.0,-0.16257989406585693
4084062464.0,-0.16756421327590942
4084999936.0,-0.17184334993362427
4085937408.0,-0.17322397232055664
4086874880.0,-0.1560828536748886
4087812608.0,-0.1567622721195221
4088750080.0,-0.15627042949199677
4089687552.0,-0.15436837077140808
4090625024.0,-0.15279075503349304
4091562496.0,-0.14863571524620056
4092499968.0,-0.14383713901042938
4093437440.0,-0.14038801193237305
4094374912.0,-0.13464127480983734
4095312384.0,-0.128751739859581
4096250112.0,-0.1228480264544487
4097187584.0,-0.11702288687229156
4098125056.0,-0.11030546575784683
4099062528.0,-0.10365325957536697
4100000000.0,-0.09923507273197174
4100937472.0,-0.09282236546278
4101874944.0,-0.08740320801734924
4102812416.0,-0.08134949952363968
4103749888.0,-0.07535535842180252
4104687616.0,-0.07009540498256683
4105625088.0,-0.06607074290513992
4106562560.0,-0.06087896600365639
4107500032.0,-0.05668417364358902
4108437504.0,-0.052539169788360596
4109374976.0,-0.050152141600847244
4110312448.0,-0.04659614339470863
4111249920.0,-0.04416269063949585
4112187392.0,-0.04118461161851883
4113125120.0,-0.03931949660181999
4114062592.0,-0.03819455951452255
4115000064.0,-0.03619491308927536
4115937536.0,-0.035090163350105286
4116875008.0,-0.0356060266494751
4117812480.0,-0.03486792370676994
4118749952.0,-0.03504591062664986
4119687424.0,-0.03383731096982956
4120624896.0,-0.03440641611814499
4121562624.0,-0.03570036590099335
4122500096.0,-0.036580830812454224
4123437568.0,-0.03694504126906395
4124375040.0,-0.037954751402139664
4125312512.0,-0.03986317291855812
4126249984.0,-0.04241403937339783
4127187456.0,-0.045273590832948685
4128124928.0,-0.048022329807281494
4129062400.0,-0.05068248137831688
4129999872.0,-0.053906816989183426
4130937600.0,-0.05729826167225838
4131875072.0,-0.06178751960396767
4132812544.0,-0.06674464046955109
4133750016.0,-0.07211572676897049
4134687488.0,-0.07857661694288254
4135624960.0,-0.08481886982917786
4136562432.0,-0.09227120131254196
4137499904.0,-0.09958566725254059
4138437376.0,-0.108238585293293
4139375104.0,-0.11516249924898148
4140312576.0,-0.12371513247489929
4141250048.0,-0.13167408108711243
4142187520.0,-0.14065392315387726
4143124992.0,-0.14949800074100494
4144062464.0,-0.15865062177181244
4144999936.0,-0.1661548614501953
4145937408.0,-0.17562176287174225
4146874880.0,-0.1963430494070053
4147812608.0,-0.20365934073925018
4148750080.0,-0.20905669033527374
4149687552.0,-0.21196295320987701
4150625024.0,-0.21359828114509583
4151562496.0,-0.2122155874967575
4152499968.0,-0.2088857740163803
4153437440.0,-0.20527158677577972
4154374912.0,-0.1984427273273468
4155312384.0,-0.19144031405448914
4156250112.0,-0.18246661126613617
4157187584.0,-0.17279548943042755
4158125056.0,-0.16141743957996368
4159062528.0,-0.15004289150238037
4160000000.0,-0.13832955062389374
4160937472.0,-0.12678003311157227
4161874944.0,-0.11494375020265579
4162812416.0,-0.1025398001074791
4163749888.0,-0.09111326187849045
4164687616.0,-0.07995039224624634
4165625088.0,-0.06814634799957275
4166562560.0,-0.0572534054517746
4167500032.0,-0.04681071266531944
4168437504.0,-0.037618838250637054
4169374976.0,-0.028871474787592888
4170312448.0,-0.02066913992166519
4171249920.0,-0.013283755630254745
4172187392.0,-0.007037878502160311
4173125120.0,-0.0011459096567705274
4174062592.0,0.0038235222455114126
4175000064.0,0.008029259741306305
4175937536.0,0.01111631654202938
4176875008.0,0.014128869399428368
4177812480.0,0.016569223254919052
4178749952.0,0.018254991620779037
4179687424.0,0.01943453960120678
4180624896.0,0.02072969637811184
4181562624.0,0.02069864049553871
4182500096.0,0.020383767783641815
4183437568.0,0.01992275007069111
4184375040.0,0.01784343644976616
4185312512.0,0.015852702781558037
4186249984.0,0.012999995611608028
4187187456.0,0.009778549894690514
4188124928.0,0.006718664895743132
4189062400.0,0.0018948600627481937
4190000128.0,-0.0022441567853093147
4190937600.0,-0.00795291643589735
4191875072.0,-0.014475669711828232
4192812544.0,-0.02173790894448757
4193750016.0,-0.029195511713624
4194687488.0,-0.03684872388839722
4195624960.0,-0.045876339077949524
4196562432.0,-0.055778373032808304
4197499904.0,-0.06481862813234329
4198437376.0,-0.07617608457803726
4199375104.0,-0.08767817169427872
4200312576.0,-0.09875093400478363
4201250048.0,-0.11119164526462555
4202187520.0,-0.12348860502243042
4203124992.0,-0.1355484277009964
4204062464.0,-0.1483430117368698
4204999936.0,-0.16109852492809296
4205937408.0,-0.1724667102098465
4206874880.0,-0.1758015751838684
4207812608.0,-0.18711510300636292
4208750080.0,-0.19837088882923126
4209687552.0,-0.21025200188159943
4210625024.0,-0.22014597058296204
4211562496.0,-0.22954235970973969
4212499968.0,-0.23800097405910492
4213437440.0,-0.24582776427268982
4214374912.0,-0.2515457272529602
4215312384.0,-0.25558748841285706
4216250112.0,-0.25735652446746826
4217187584.0,-0.2576786279678345
4218125056.0,-0.2546810209751129
4219062528.0,-0.2489570528268814
4220000000.0,-0.24194559454917908
4220937472.0,-0.23210109770298004
4221874944.0,-0.2196197211742401
4222812416.0,-0.2065623253583908
4223749888.0,-0.18964576721191406
4224687616.0,-0.17194239795207977
4225625088.0,-0.1510956585407257
4226562560.0,-0.1315775066614151
4227500032.0,-0.1084207072854042
4228437504.0,-0.08560704439878464
4229374976.0,-0.06381956487894058
4230312448.0,-0.04027354344725609
4231249920.0,-0.01678130030632019
4232187392.0,0.005447920877486467
4233125120.0,0.026545971632003784
4234062592.0,0.04592771828174591
4235000064.0,0.06402690708637238
4235937536.0,0.08079206198453903
4236875008.0,0.094365194439888
4237812480.0,0.10631508380174637
4238749952.0,0.11600516736507416
4239687424.0,0.12294701486825943
4240624896.0,0.12729670107364655
4241562624.0,0.13023734092712402
4242500096.0,0.12902091443538666
4243437568.0,0.1254182606935501
4244375040.0,0.11947707086801529
4245312512.0,0.1119079515337944
4246249984.0,0.10230222344398499
4247187456.0,0.09155090153217316
4248124928.0,0.07742589712142944
4249062400.0,0.06301289796829224
4249999872.0,0.046943869441747665
4250937600.0,0.029748305678367615
4251875072.0,0.011862737126648426
4252812544.0,-0.006710729096084833
4253750016.0,-0.02576107159256935
4254687488.0,-0.04452146217226982
4255624960.0,-0.0640828087925911
4256562432.0,-0.08234979957342148
4257499904.0,-0.10045811533927917
4258437376.0,-0.11855585873126984
4259375104.0,-0.13456684350967407
4260312576.0,-0.1510639488697052
4261250048.0,-0.1665017455816269
4262187520.0,-0.18112817406654358
4263124992.0,-0.19612526893615723
4264062464.0,-0.20977509021759033
4264999936.0,-0.222690150141716
4265937408.0,-0.23463475704193115
4266874880.0,-0.24775482714176178
4267812608.0,-0.25247618556022644
4268750080.0,-0.25754502415657043
4269687552.0,-0.2628317177295685
4270625024.0,-0.26760420203208923
4271562496.0,-0.27295735478401184
4272499968.0,-0.27842384576797485
4273437440.0,-0.28243574500083923
4274374912.0,-0.286035418510437
4275312384.0,-0.2874986231327057
4276250112.0,-0.2879832088947296
4277187584.0,-0.2872627079486847
4278125056.0,-0.2842216193675995
4279062528.0,-0.2790679633617401
4280000000.0,-0.2727501392364502
4280937472.0,-0.26328417658805847
4281874944.0,-0.2533828020095825
4282812416.0,-0.2403586059808731
4283749888.0,-0.22604623436927795
4284687616.0,-0.20986557006835938
4285625088.0,-0.1921994984149933
4286562560.0,-0.17406369745731354
4287500032.0,-0.15357735753059387
4288437504.0,-0.1320481300354004
4289374976.0,-0.10863202810287476
4290312448.0,-0.08631376922130585
4291249920.0,-0.061741817742586136
4292187392.0,-0.03796578571200371
4293125120.0,-0.0146186463534832
4294062592.0,0.008324887603521347
4295000064.0,0.030863728374242783
4295937536.0,0.05261729285120964
4296875008.0,0.07329230010509491
4297812480.0,0.09252383559942245
4298749952.0,0.10995084792375565
4299687424.0,0.126536563038826
4300624896.0,0.14023728668689728
4301562368.0,0.1511019468307495
4302499840.0,0.16048100590705872
4303437312.0,0.16754567623138428
4304374784.0,0.17122356593608856
4305312256.0,0.17226508259773254
4306250240.0,0.17083115875720978
4307187712.0,0.16658449172973633
4308125184.0,0.1578112691640854
4309062656.0,0.1480168104171753
4310000128.0,0.13398393988609314
4310937600.0,0.11816594004631042
4311875072.0,0.0982380211353302
4312812544.0,0.07678227871656418
4313750016.0,0.052717581391334534
4314687488.0,0.026913227513432503
4315624960.0,-0.0006167961400933564
4316562432.0,-0.02991580404341221
4317499904.0,-0.0591760091483593
4318437376.0,-0.08990336954593658
4319374848.0,-0.1197957992553711
4320312320.0,-0.15086188912391663
4321249792.0,-0.17964904010295868
4322187264.0,-0.20677955448627472
4323125248.0,-0.2337416708469391
4324062720.0,-0.25890636444091797
4325000192.0,-0.2819473445415497
4325937664.0,-0.3028295934200287
4326875136.0,-0.34279656410217285
4327812608.0,-0.337369829416275
4328750080.0,-0.33056461811065674
4329687552.0,-0.3240829408168793
4330625024.0,-0.3161035180091858
4331562496.0,-0.30821579694747925
4332499968.0,-0.30053678154945374
4333437440.0,-0.29314368963241577
4334374912.0,-0.2845420837402344
4335312384.0,-0.27676889300346375
4336249856.0,-0.27035245299339294
4337187328.0,-0.2626846730709076
4338124800.0,-0.2579054832458496
4339062272.0,-0.2518330216407776
4339999744.0,-0.24722881615161896
4340937728.0,-0.24157094955444336
4341875200.0,-0.23689226806163788
4342812672.0,-0.2318287491798401
4343750144.0,-0.22586670517921448
4344687616.0,-0.22067208588123322
4345625088.0,-0.21495215594768524
4346562560.0,-0.2089405059814453
4347500032.0,-0.20123474299907684
4348437504.0,-0.19293680787086487
4349374976.0,-0.18444976210594177
4350312448.0,-0.1745237410068512
4351249920.0,-0.16473378241062164
4352187392.0,-0.152201846241951
4353124864.0,-0.136738583445549
4354062336.0,-0.1223268210887909
4354999808.0,-0.10591989755630493
4355937280.0,-0.08934786915779114
4356874752.0,-0.0723511129617691
4357812736.0,-0.05559956654906273
4358750208.0,-0.041135385632514954
4359687680.0,-0.029462380334734917
4360625152.0,-0.021718798205256462
4361562624.0,-0.015378282405436039
4362500096.0,-0.012238716706633568
4363437568.0,-0.009774834848940372
4364375040.0,-0.008715706877410412
4365312512.0,-0.00783891323953867
4366249984.0,-0.008040618151426315
4367187456.0,-0.007562051061540842
4368124928.0,-0.008550494909286499
4369062400.0,-0.009177111089229584
4369999872.0,-0.010064557194709778
4370937344.0,-0.013546187430620193
4371874816.0,-0.015029926784336567
4372812288.0,-0.020608989521861076
4373749760.0,-0.026057181879878044
4374687744.0,-0.03320794180035591
4375625216.0,-0.040622778236866
4376562688.0,-0.04964737221598625
4377500160.0,-0.061710912734270096
4378437632.0,-0.07545462250709534
4379375104.0,-0.09069634974002838
4380312576.0,-0.10851916670799255
4381250048.0,-0.12661059200763702
4382187520.0,-0.14788095653057098
4383124992.0,-0.16954289376735687
4384062464.0,-0.19324086606502533
4384999936.0,-0.2171843945980072
4385937408.0,-0.24204911291599274
4386874880.0,-0.3358202278614044
4387812352.0,-0.3520849645137787
4388749824.0,-0.3654690682888031
4389687296.0,-0.37675997614860535
4390624768.0,-0.3853679597377777
4391562752.0,-0.39166244864463806
4392500224.0,-0.39384132623672485
4393437696.0,-0.39322197437286377
4394375168.0,-0.3884804844856262
4395312640.0,-0.3822103440761566
4396250112.0,-0.37073591351509094
4397187584.0,-0.35745662450790405
4398125056.0,-0.34109678864479065
4399062528.0,-0.32071590423583984
4400000000.0,-0.29780077934265137
4400937472.0,-0.2732340097427368
4401874944.0,-0.24605098366737366
4402812416.0,-0.21727053821086884
4403749888.0,-0.18651556968688965
4404687360.0,-0.15513351559638977
4405624832.0,-0.12303528189659119
4406562304.0,-0.09050917625427246
4407499776.0,-0.05837332084774971
4408437248.0,-0.027075594291090965
4409375232.0,0.0028553190641105175
4410312704.0,0.03174939006567001
4411250176.0,0.05934730917215347
4412187648.0,0.08371233195066452
4413125120.0,0.10638416558504105
4414062592.0,0.12667754292488098
4415000064.0,0.1430213898420334
4415937536.0,0.15655750036239624
4416875008.0,0.16734927892684937
4417812480.0,0.1747804433107376
4418749952.0,0.17740711569786072
4419687424.0,0.17905546724796295
4420624896.0,0.17611859738826752
4421562368.0,0.1689624935388565
4422499840.0,0.15971893072128296
4423437312.0,0.14736156165599823
4424374784.0,0.13205145299434662
4425312256.0,0.11454297602176666
4426250240.0,0.09344931691884995
4427187712.0,0.07136915624141693
4428125184.0,0.04748430848121643
4429062656.0,0.022380108013749123
4430000128.0,-0.004610141273587942
4430937600.0,-0.031422391533851624
4431875072.0,-0.059363674372434616
4432812544.0,-0.08673419803380966
4433750016.0,-0.11278659105300903
4434687488.0,-0.13879837095737457
4435624960.0,-0.1617279350757599
4436562432.0,-0.18464316427707672
4437499904.0,-0.20486536622047424
4438437376.0,-0.22334608435630798
4439374848.0,-0.23897109925746918
4440312320.0,-0.25129517912864685
4441249792.0,-0.26338455080986023
4442187264.0,-0.2704519033432007
4443125248.0,-0.2766971290111542
4444062720.0,-0.28070899844169617
4445000192.0,-0.28280413150787354
4445937664.0,-0.2834523320198059
4446875136.0,-0.2253326177597046
4447812608.0,-0.23159098625183105
4448750080.0,-0.23360231518745422
4449687552.0,-0.23374156653881073
4450625024.0,-0.23068451881408691
4451562496.0,-0.2237183302640915
4452499968.0,-0.21562136709690094
4453437440.0,-0.20394551753997803
4454374912.0,-0.19064946472644806
4455312384.0,-0.1751459836959839
4456249856.0,-0.1574678122997284
4457187328.0,-0.1371205449104309
4458124800.0,-0.1158728376030922
4459062272.0,-0.09456390887498856
4460000256.0,-0.07175549864768982
4460937728.0,-0.049308765679597855
4461875200.0,-0.027605414390563965
4462812672.0,-0.005822510924190283
4463750144.0,0.01472984254360199
4464687616.0,0.034095123410224915
4465625088.0,0.0508330799639225
4466562560.0,0.06633512675762177
4467500032.0,0.07992050796747208
4468437504.0,0.09027333557605743
4469374976.0,0.09821335226297379
4470312448.0,0.1042245402932167
4471249920.0,0.10647401958703995
4472187392.0,0.10605166852474213
4473124864.0,0.10290580242872238
4474062336.0,0.0973120853304863
4474999808.0,0.08761345595121384
4475937280.0,0.07587411999702454
4476874752.0,0.06065233796834946
4477812736.0,0.04413373023271561
4478750208.0,0.024642448872327805
4479687680.0,0.0017210075166076422
4480625152.0,-0.020179376006126404
4481562624.0,-0.04609609395265579
4482500096.0,-0.07155149430036545
4483437568.0,-0.09850522875785828
4484375040.0,-0.12562844157218933
4485312512.0,-0.1550760120153427
4486249984.0,-0.18325725197792053
4487187456.0,-0.21038781106472015
4488124928.0,-0.23927664756774902
4489062400.0,-0.26508691906929016
4489999872.0,-0.2889605164527893
4490937344.0,-0.31300973892211914
4491874816.0,-0.3340013325214386
4492812288.0,-0.3530610501766205
4493749760.0,-0.3690887987613678
4494687744.0,-0.38311511278152466
4495625216.0,-0.39651593565940857
4496562688.0,-0.4055255055427551
4497500160.0,-0.4138728976249695
4498437632.0,-0.41869065165519714
4499375104.0,-0.42198482155799866
4500312576.0,-0.4253299832344055
4501250048.0,-0.425851434469223
4502187520.0,-0.4234228730201721
4503124992.0,-0.42242446541786194
4504062464.0,-0.41979333758354187
4504999936.0,-0.41658294200897217
4505937408.0,-0.41273051500320435
4506874880.0,-0.29352307319641113
4507812352.0,-0.2907000184059143
4508749824.0,-0.2888154685497284
4509687296.0,-0.28929176926612854
4510624768.0,-0.28742921352386475
4511562752.0,-0.28683310747146606
4512500224.0,-0.2880972623825073
4513437696.0,-0.2901138961315155
4514375168.0,-0.29311633110046387
4515312640.0,-0.2966935634613037
4516250112.0,-0.3022688925266266
4517187584.0,-0.30679160356521606
4518125056.0,-0.3137514889240265
4519062528.0,-0.3206275403499603
4520000000.0,-0.3290031850337982
4520937472.0,-0.33641186356544495
4521874944.0,-0.34484413266181946
4522812416.0,-0.3547413647174835
4523749888.0,-0.36421671509742737
4524687360.0,-0.37329065799713135
4525624832.0,-0.3825277090072632
4526562304.0,-0.3913116753101349
4527499776.0,-0.3988214135169983
4528437248.0,-0.4076395630836487
4529375232.0,-0.4154021739959717
4530312704.0,-0.4230238199234009
4531250176.0,-0.4322015345096588
4532187648.0,-0.4384280741214752
4533125120.0,-0.4449334144592285
4534062592.0,-0.4505227208137512
4535000064.0,-0.45589104294776917
4535937536.0,-0.4597891569137573
4536875008.0,-0.4643361568450928
4537812480.0,-0.4661949574947357
4538749952.0,-0.46814844012260437
4539687424.0,-0.47062456607818604
4540624896.0,-0.47152405977249146
4541562368.0,-0.4725978970527649
4542499840.0,-0.473346084356308
4543437312.0,-0.47287365794181824
4544374784.0,-0.47074466943740845
4545312256.0,-0.4687977433204651
4546250240.0,-0.46653977036476135
4547187712.0,-0.46362048387527466
4548125184.0,-0.4609632194042206
4549062656.0,-0.45708563923835754
4550000128.0,-0.4552862346172333
4550937600.0,-0.45118600130081177
4551875072.0,-0.44847235083580017
4552812544.0,-0.446254163980484
4553750016.0,-0.44351762533187866
4554687488.0,-0.44122979044914246
4555624960.0,-0.4392194151878357
4556562432.0,-0.436298668384552
4557499904.0,-0.4352453649044037
4558437376.0,-0.43368589878082275
4559374848.0,-0.4331967830657959
4560312320.0,-0.43230170011520386
4561249792.0,-0.43254417181015015
4562187264.0,-0.43124592304229736
4563125248.0,-0.43168601393699646
4564062720.0,-0.42968061566352844
4565000192.0,-0.4288554787635803
4565937664.0,-0.4274064600467682
4566875136.0,-0.37983864545822144
4567812608.0,-0.3861883282661438
4568750080.0,-0.39140480756759644
4569687552.0,-0.394229918718338
4570625024.0,-0.3965989053249359
4571562496.0,-0.39586207270622253
4572499968.0,-0.3937426805496216
4573437440.0,-0.3904198706150055
4574374912.0,-0.38269391655921936
4575312384.0,-0.37336328625679016
4576249856.0,-0.36133038997650146
4577187328.0,-0.3474961519241333
4578124800.0,-0.33183640241622925
4579062272.0,-0.31561121344566345
4579999744.0,-0.2957908809185028
4580937728.0,-0.27543914318084717
4581875200.0,-0.25488561391830444
4582812672.0,-0.2328297644853592
4583750144.0,-0.2102067768573761
4584687616.0,-0.18850159645080566
4585625088.0,-0.16486124694347382
4586562560.0,-0.14231395721435547
4587500032.0,-0.12020908296108246
4588437504.0,-0.09956788271665573
4589374976.0,-0.07967881113290787
4590312448.0,-0.05982845649123192
4591249920.0,-0.04288717359304428
4592187392.0,-0.028642823919653893
4593124864.0,-0.015066444873809814
4594062336.0,-0.0037228877190500498
4594999808.0,0.004729559179395437
4595937280.0,0.011090959422290325
4596874752.0,0.013620453886687756
4597812736.0,0.014830541796982288
4598750208.0,0.011943647637963295
4599687680.0,0.007301928475499153
4600625152.0,3.291922257631086e-05
4601562624.0,-0.010532639920711517
4602500096.0,-0.02227706089615822
4603437568.0,-0.0379837229847908
4604375040.0,-0.054702967405319214
4605312512.0,-0.07334531098604202
4606249984.0,-0.09420410543680191
4607187456.0,-0.11507540941238403
4608124928.0,-0.13715645670890808
4609062400.0,-0.1600051075220108
4609999872.0,-0.18126721680164337
4610937344.0,-0.20412106812000275
4611874816.0,-0.22678779065608978
4612812288.0,-0.24940933287143707
4613749760.0,-0.2716168165206909
4614687744.0,-0.2908603847026825
4615625216.0,-0.31116580963134766
4616562688.0,-0.32797080278396606
4617500160.0,-0.34606167674064636
4618437632.0,-0.3605375587940216
4619375104.0,-0.37521958351135254
4620312576.0,-0.38776734471321106
4621250048.0,-0.40069618821144104
4622187520.0,-0.41244691610336304
4623124992.0,-0.4234759509563446
4624062464.0,-0.4329620897769928
4624999936.0,-0.4430314600467682
4625937408.0,-0.45089805126190186
4626874880.0,-0.4664165675640106
4627812352.0,-0.46123433113098145
4628749824.0,-0.4541919231414795
4629687296.0,-0.4467473030090332
4630624768.0,-0.4383102357387543
4631562752.0,-0.42765775322914124
4632500224.0,-0.41717272996902466
4633437696.0,-0.40802475810050964
4634375168.0,-0.3965553641319275
4635312640.0,-0.3866538107395172
4636250112.0,-0.37692511081695557
4637187584.0,-0.366938978433609
4638125056.0,-0.3583148121833801
4639062528.0,-0.34982484579086304
4640000000.0,-0.3417360484600067
4640937472.0,-0.3347449004650116
4641874944.0,-0.32841572165489197
4642812416.0,-0.32374101877212524
4643749888.0,-0.31866490840911865
4644687360.0,-0.3154343068599701
4645624832.0,-0.31239649653434753
4646562304.0,-0.3127024173736572
4647499776.0,-0.3123190701007843
4648437248.0,-0.313556432723999
4649375232.0,-0.31782251596450806
4650312704.0,-0.32111218571662903
4651250176.0,-0.3259081244468689
4652187648.0,-0.3327809274196625
4653125120.0,-0.33934077620506287
4654062592.0,-0.3465667963027954
4655000064.0,-0.35638734698295593
4655937536.0,-0.3657333552837372
4656875008.0,-0.375537633895874
4657812480.0,-0.3859158158302307
4658749952.0,-0.39764562249183655
4659687424.0,-0.4091140329837799
4660624896.0,-0.42246800661087036
4661562368.0,-0.43483927845954895
4662499840.0,-0.44892480969429016
4663437312.0,-0.46183404326438904
4664374784.0,-0.47643300890922546
4665312256.0,-0.4908943176269531
4666250240.0,-0.5058568120002747
4667187712.0,-0.5211217999458313
4668125184.0,-0.5373337268829346
4669062656.0,-0.5526587963104248
4670000128.0,-0.5651834011077881
4670937600.0,-0.5795847177505493
4671875072.0,-0.5930977463722229
4672812544.0,-0.6074910163879395
4673750016.0,-0.6210949420928955
4674687488.0,-0.6332982182502747
4675624960.0,-0.646536648273468
4676562432.0,-0.6600334048271179
4677499904.0,-0.6690542697906494
4678437376.0,-0.6804302930831909
4679374848.0,-0.6892365217208862
4680312320.0,-0.6960713267326355
4681249792.0,-0.7013343572616577
4682187264.0,-0.7070768475532532
4683125248.0,-0.7097751498222351
4684062720.0,-0.7129212021827698
4685000192.0,-0.7133398652076721
4685937664.0,-0.7125983238220215
4686875136.0,-0.687767505645752
4687812608.0,-0.6861391067504883
4688750080.0,-0.6846165657043457
4689687552.0,-0.6785496473312378
4690625024.0,-0.6702277660369873
4691562496.0,-0.6587877869606018
4692499968.0,-0.6459473967552185
4693437440.0,-0.6317957639694214
4694374912.0,-0.6138603687286377
4695312384.0,-0.595407247543335
4696249856.0,-0.574027419090271
4697187328.0,-0.5518821477890015
4698124800.0,-0.5281586647033691
4699062272.0,-0.504159152507782
4700000256.0,-0.48030099272727966
4700937728.0,-0.45745861530303955
4701875200.0,-0.43676331639289856
4702812672.0,-0.41579774022102356
4703750144.0,-0.3976554870605469
4704687616.0,-0.3821088373661041
4705625088.0,-0.36941173672676086
4706562560.0,-0.3605402410030365
4707500032.0,-0.355649471282959
4708437504.0,-0.35370662808418274
4709374976.0,-0.35716432332992554
4710312448.0,-0.36463603377342224
4711249920.0,-0.3774798810482025
4712187392.0,-0.39487504959106445
4713124864.0,-0.4161694645881653
4714062336.0,-0.44440680742263794
4714999808.0,-0.4763839542865753
4715937280.0,-0.5133764743804932
4716874752.0,-0.5524464845657349
4717812736.0,-0.5962615013122559
4718750208.0,-0.6427143216133118
4719687680.0,-0.6896989345550537
4720625152.0,-0.7388675212860107
4721562624.0,-0.7883612513542175
4722500096.0,-0.8385534882545471
4723437568.0,-0.8865392804145813
4724375040.0,-0.9331642389297485
4725312512.0,-0.9761120676994324
4726249984.0,-1.0177415609359741
4727187456.0,-1.053507685661316
4728124928.0,-1.086643099784851
4729062400.0,-1.1137349605560303
4729999872.0,-1.1386222839355469
4730937344.0,-1.15763258934021
4731874816.0,-1.1731747388839722
4732812288.0,-1.1839004755020142
4733749760.0,-1.1917920112609863
4734687744.0,-1.1949516534805298
4735625216.0,-1.1942214965820312
4736562688.0,-1.1906945705413818
4737500160.0,-1.1860511302947998
4738437632.0,-1.177011251449585
4739375104.0,-1.1683430671691895
4740312576.0,-1.156125783920288
4741250048.0,-1.143409252166748
4742187520.0,-1.1304352283477783
4743124992.0,-1.116956114768982
4744062464.0,-1.102095603942871
4744999936.0,-1.08860445022583
4745937408.0,-1.0732289552688599
4746874880.0,-0.8232351541519165
4747812352.0,-0.8295035362243652
4748749824.0,-0.8352574110031128
4749687296.0,-0.8417971730232239
4750624768.0,-0.8481149673461914
4751562752.0,-0.8541418313980103
4752500224.0,-0.8603560328483582
4753437696.0,-0.8657061457633972
4754375168.0,-0.8707002997398376
4755312640.0,-0.8748716115951538
4756250112.0,-0.8793436884880066
4757187584.0,-0.8814790844917297
4758125056.0,-0.8835709095001221
4759062528.0,-0.8846938610076904
4760000000.0,-0.884194552898407
4760937472.0,-0.8836794495582581
4761874944.0,-0.8818274736404419
4762812416.0,-0.879933774471283
4763749888.0,-0.8766493201255798
4764687360.0,-0.8725473284721375
4765624832.0,-0.8681433796882629
4766562304.0,-0.8638416528701782
4767499776.0,-0.8580304384231567
4768437248.0,-0.8513917922973633
4769375232.0,-0.8450624346733093
4770312704.0,-0.8387206196784973
4771250176.0,-0.8320322036743164
4772187648.0,-0.8261532187461853
4773125120.0,-0.821237325668335
4774062592.0,-0.8184908628463745
4775000064.0,-0.8151503801345825
4775937536.0,-0.8134146332740784
4776875008.0,-0.8141712546348572
4777812480.0,-0.8156445026397705
4778749952.0,-0.8181138634681702
4779687424.0,-0.8224215507507324
4780624896.0,-0.828781008720398
4781562368.0,-0.8369782567024231
4782499840.0,-0.8468335866928101
4783437312.0,-0.8599717617034912
4784374784.0,-0.8745496273040771
4785312256.0,-0.8912337422370911
4786250240.0,-0.9104250073432922
4787187712.0,-0.9311082363128662
4788125184.0,-0.9539127945899963
4789062656.0,-0.9766819477081299
4790000128.0,-1.0022023916244507
4790937600.0,-1.0282646417617798
4791875072.0,-1.0551390647888184
4792812544.0,-1.0817850828170776
4793750016.0,-1.109972357749939
4794687488.0,-1.1393375396728516
4795624960.0,-1.168768048286438
4796562432.0,-1.1965919733047485
4797499904.0,-1.2237735986709595
4798437376.0,-1.2507108449935913
4799374848.0,-1.274208903312683
4800312320.0,-1.2975349426269531
4801249792.0,-1.3186432123184204
4802187264.0,-1.3367292881011963
4803125248.0,-1.3527230024337769
4804062720.0,-1.3666282892227173
4805000192.0,-1.378737449645996
4805937664.0,-1.387731909751892
4806875136.0,-1.244436264038086
4807812608.0,-1.2489103078842163
4808750080.0,-1.2516978979110718
4809687552.0,-1.2528718709945679
4810625024.0,-1.2540826797485352
4811562496.0,-1.2534008026123047
4812499968.0,-1.2497386932373047
4813437440.0,-1.2451341152191162
4814374912.0,-1.240946888923645
4815312384.0,-1.2348785400390625
4816249856.0,-1.2287687063217163
4817187328.0,-1.2225031852722168
4818124800.0,-1.2158629894256592
4819062272.0,-1.208749771118164
4819999744.0,-1.2010140419006348
4820937728.0,-1.196046233177185
4821875200.0,-1.1916496753692627
4822812672.0,-1.1873003244400024
4823750144.0,-1.1834467649459839
4824687616.0,-1.18408203125
4825625088.0,-1.1834474802017212
4826562560.0,-1.1857976913452148
4827500032.0,-1.189044713973999
4828437504.0,-1.193817138671875
4829374976.0,-1.2008721828460693
4830312448.0,-1.2099475860595703
4831249920.0,-1.2205857038497925
4832187392.0,-1.2339208126068115
4833124864.0,-1.2478688955307007
4834062336.0,-1.264891505241394
4834999808.0,-1.2819093465805054
4835937280.0,-1.3008811473846436
4836874752.0,-1.3200637102127075
4837812736.0,-1.340467929840088
4838750208.0,-1.3601694107055664
4839687680.0,-1.3810200691223145
4840625152.0,-1.4018052816390991
4841562624.0,-1.4226568937301636
4842500096.0,-1.4431432485580444
4843437568.0,-1.463526725769043
4844375040.0,-1.4822263717651367
4845312512.0,-1.5018038749694824
4846249984.0,-1.5213422775268555
4847187456.0,-1.5382847785949707
4848124928.0,-1.5534870624542236
4849062400.0,-1.5689151287078857
4849999872.0,-1.5817941427230835
4850937344.0,-1.5934925079345703
4851874816.0,-1.602972388267517
4852812288.0,-1.6117101907730103
4853749760.0,-1.6185766458511353
4854687744.0,-1.6235464811325073
4855625216.0,-1.6280369758605957
4856562688.0,-1.6317095756530762
4857500160.0,-1.6348291635513306
4858437632.0,-1.6375732421875
4859375104.0,-1.6412218809127808
4860312576.0,-1.6443488597869873
4861250048.0,-1.6482532024383545
4862187520.0,-1.652392029762268
4863124992.0,-1.6569114923477173
4864062464.0,-1.6610275506973267
4864999936.0,-1.665793538093567
4865937408.0,-1.6703327894210815
4866874880.0,-1.6545227766036987
4867812352.0,-1.6573013067245483
4868749824.0,-1.661081314086914
4869687296.0,-1.6657253503799438
4870624768.0,-1.668557047843933
4871562752.0,-1.6728531122207642
4872500224.0,-1.6769267320632935
4873437696.0,-1.6819581985473633
4874375168.0,-1.6873035430908203
4875312640.0,-1.6943755149841309
4876250112.0,-1.701351523399353
4877187584.0,-1.7112464904785156
4878125056.0,-1.720409870147705
4879062528.0,-1.7313703298568726
4880000000.0,-1.7431166172027588
4880937472.0,-1.7547338008880615
4881874944.0,-1.7658780813217163
4882812416.0,-1.7767324447631836
4883749888.0,-1.7881866693496704
4884687360.0,-1.8003597259521484
4885624832.0,-1.8129152059555054
4886562304.0,-1.825006127357483
4887499776.0,-1.8366334438323975
4888437248.0,-1.8456223011016846
4889375232.0,-1.8544100522994995
4890312704.0,-1.8605387210845947
4891250176.0,-1.8646286725997925
4892187648.0,-1.8659230470657349
4893125120.0,-1.864410638809204
4894062592.0,-1.8600735664367676
4895000064.0,-1.8524770736694336
4895937536.0,-1.8425370454788208
4896875008.0,-1.8302057981491089
4897812480.0,-1.814888834953308
4898749952.0,-1.7978198528289795
4899687424.0,-1.7791765928268433
4900624896.0,-1.7573553323745728
4901562368.0,-1.7338846921920776
4902499840.0,-1.7095626592636108
4903437312.0,-1.6839386224746704
4904374784.0,-1.6559393405914307
4905312256.0,-1.6279637813568115
4906250240.0,-1.6019569635391235
4907187712.0,-1.5749359130859375
4908125184.0,-1.5490487813949585
4909062656.0,-1.524181604385376
4910000128.0,-1.4988086223602295
4910937600.0,-1.4757245779037476
4911875072.0,-1.4547868967056274
4912812544.0,-1.4358450174331665
4913750016.0,-1.4184536933898926
4914687488.0,-1.404798984527588
4915624960.0,-1.3910558223724365
4916562432.0,-1.3807798624038696
4917499904.0,-1.372228980064392
4918437376.0,-1.3658318519592285
4919374848.0,-1.3620630502700806
4920312320.0,-1.3611832857131958
4921249792.0,-1.3616355657577515
4922187264.0,-1.3142726421356201
4923125248.0,-1.3021222352981567
4924062720.0,-1.291488528251648
4925000192.0,-1.2819021940231323
4925937664.0,-1.382972240447998
4926875136.0,-1.3893120288848877
4927812608.0,-1.3956348896026611
4928750080.0,-1.4008469581604004
4929687552.0,-1.4049838781356812
4930625024.0,-1.4071372747421265
4931562496.0,-1.4084346294403076
4932499968.0,-1.4078624248504639
4933437440.0,-1.4034678936004639
4934374912.0,-1.398428201675415
4935312384.0,-1.3902068138122559
4936249856.0,-1.3788089752197266
4937187328.0,-1.3655284643173218
4938124800.0,-1.3503931760787964
4939062272.0,-1.3325999975204468
4940000256.0,-1.3132859468460083
4940937728.0,-1.293243408203125
4941875200.0,-1.2708683013916016
4942812672.0,-1.247637152671814
4943750144.0,-1.2233643531799316
4944687616.0,-1.2000994682312012
4945625088.0,-1.17597234249115
4946562560.0,-1.1526079177856445
4947500032.0,-1.1312404870986938
4948437504.0,-1.1101534366607666
4949374976.0,-1.0907143354415894
4950312448.0,-1.0745515823364258
4951249920.0,-1.0596016645431519
4952187392.0,-1.0470186471939087
4953124864.0,-1.0381553173065186
4954062336.0,-1.0286058187484741
4954999808.0,-1.0231246948242188
4955937280.0,-1.0191277265548706
4956874752.0,-1.0148961544036865
4957812736.0,-1.0144168138504028
4958750208.0,-1.0136094093322754
4959687680.0,-1.0133864879608154
4960625152.0,-1.0132437944412231
4961562624.0,-1.0115662813186646
4962500096.0,-1.0111918449401855
4963437568.0,-1.0071282386779785
4964375040.0,-1.0030287504196167
4965312512.0,-0.9974053502082825
4966249984.0,-0.9908413887023926
4967187456.0,-0.9828935265541077
4968124928.0,-0.9748703241348267
4969062400.0,-0.9673333764076233
4969999872.0,-0.9587587714195251
4970937344.0,-0.9507825970649719
4971874816.0,-0.9402856826782227
4972812288.0,-0.9310864806175232
4973749760.0,-0.9225408434867859
4974687744.0,-0.9129067063331604
4975625216.0,-0.9042572975158691
4976562688.0,-0.8966387510299683
4977500160.0,-0.8889503479003906
4978437632.0,-0.881382167339325
4979375104.0,-0.8738940954208374
4980312576.0,-0.8657343983650208
4981250048.0,-0.8575511574745178
4982187520.0,-0.8485137820243835
4983124992.0,-0.8414911031723022
4984062464.0,-0.8313960433006287
4984999936.0,-0.8231683373451233
4985937408.0,-0.7998057007789612
4986874880.0,-0.7914620041847229
4987812352.0,-0.7830638289451599
4988749824.0,-0.7761144042015076
4989687296.0,-0.7704963684082031
4990624768.0,-0.7656611800193787
4991562752.0,-0.7627711296081543
4992500224.0,-0.7608243227005005
4993437696.0,-0.7605147361755371
4994375168.0,-0.7607868909835815
4995312640.0,-0.761576771736145
4996250112.0,-0.766068696975708
4997187584.0,-0.7699100971221924
4998125056.0,-0.7763609290122986
4999062528.0,-0.7815333008766174
5000000000.0,-0.7896729707717896
5000937472.0,-0.7958510518074036
5001874944.0,-0.8038502931594849
5002812416.0,-0.8114048838615417
5003749888.0,-0.8188619017601013
5004687360.0,-0.8269804120063782
5005624832.0,-0.833210825920105
5006562304.0,-0.8382271528244019
5007499776.0,-0.8428516983985901
5008437248.0,-0.84687340259552
5009375232.0,-0.8477895855903625
5010312704.0,-0.8458837866783142
5011250176.0,-0.8418225646018982
5012187648.0,-0.835853099822998
5013125120.0,-0.8274797797203064
5014062592.0,-0.8158784508705139
5015000064.0,-0.8010109663009644
5015937536.0,-0.7850955724716187
5016875008.0,-0.7665367722511292
5017812480.0,-0.7455125451087952
5018749952.0,-0.7218889594078064
5019687424.0,-0.6968221068382263
5020624896.0,-0.6694298982620239
5021562368.0,-0.6406951546669006
5022499840.0,-0.6103251576423645
5023437312.0,-0.5810368061065674
5024374784.0,-0.5492541790008545
5025312256.0,-0.5183947086334229
5026250240.0,-0.48708584904670715
5027187712.0,-0.45685356855392456
5028125184.0,-0.42737284302711487
5029062656.0,-0.39912232756614685
5030000128.0,-0.3724639415740967
5030937600.0,-0.34826821088790894
5031875072.0,-0.3254631459712982
5032812544.0,-0.3043878376483917
5033750016.0,-0.2871476113796234
5034687488.0,-0.2725318372249603
5035624960.0,-0.25974369049072266
5036562432.0,-0.25171977281570435
5037499904.0,-0.2459946721792221
5038437376.0,-0.24458083510398865
5039374848.0,-0.24602332711219788
5040312320.0,-0.2491956353187561
5041249792.0,-0.25691190361976624
5042187264.0,-0.26673728227615356
5043125248.0,-0.2791109085083008
5044062720.0,-0.29453304409980774
5045000192.0,-0.31049710512161255
5045937664.0,-0.5815331339836121
5046875136.0,-0.5906656980514526
5047812608.0,-0.6005375385284424
5048750080.0,-0.6103291511535645
5049687552.0,-0.6193106174468994
5050625024.0,-0.6290100812911987
5051562496.0,-0.6375479102134705
5052499968.0,-0.648161768913269
5053437440.0,-0.6573675870895386
5054374912.0,-0.6666903495788574
5055312384.0,-0.6755056977272034
5056249856.0,-0.6837990283966064
5057187328.0,-0.6906091570854187
5058124800.0,-0.6966113448143005
5059062272.0,-0.7008869647979736
5059999744.0,-0.7038482427597046
5060937728.0,-0.706439733505249
5061875200.0,-0.7069964408874512
5062812672.0,-0.7059235572814941
5063750144.0,-0.7029215097427368
5064687616.0,-0.6986825466156006
5065625088.0,-0.6931463479995728
5066562560.0,-0.6836155652999878
5067500032.0,-0.6743430495262146
5068437504.0,-0.6631065607070923
5069374976.0,-0.6490764021873474
5070312448.0,-0.6332786083221436
5071249920.0,-0.6158862709999084
5072187392.0,-0.5964195728302002
5073124864.0,-0.5761298537254333
5074062336.0,-0.5534744262695312
5074999808.0,-0.5309379696846008
5075937280.0,-0.5058748722076416
5076874752.0,-0.48123255372047424
5077812736.0,-0.45536911487579346
5078750208.0,-0.42958390712738037
5079687680.0,-0.4039388597011566
5080625152.0,-0.37924671173095703
5081562624.0,-0.3547472357749939
5082500096.0,-0.33112698793411255
5083437568.0,-0.307585209608078
5084375040.0,-0.28667011857032776
5085312512.0,-0.26649966835975647
5086249984.0,-0.2491980344057083
5087187456.0,-0.2340863198041916
5088124928.0,-0.22136938571929932
5089062400.0,-0.21091753244400024
5089999872.0,-0.20281195640563965
5090937344.0,-0.19710738956928253
5091874816.0,-0.19339992105960846
5092812288.0,-0.19428707659244537
5093749760.0,-0.1958422213792801
5094687744.0,-0.20100566744804382
5095625216.0,-0.20800454914569855
5096562688.0,-0.2179691046476364
5097500160.0,-0.23004759848117828
5098437632.0,-0.2450728565454483
5099375104.0,-0.261187881231308
5100312576.0,-0.28034037351608276
5101250048.0,-0.300793319940567
5102187520.0,-0.32445430755615234
5103124992.0,-0.3485792279243469
5104062464.0,-0.3736773729324341
5104999936.0,-0.39848044514656067
5105937408.0,-0.4968342185020447
5106874880.0,-0.515143096446991
5107812352.0,-0.5326216816902161
5108749824.0,-0.5485919713973999
5109687296.0,-0.5621892809867859
5110624768.0,-0.5742152333259583
5111562752.0,-0.584669291973114
5112500224.0,-0.5924732089042664
5113437696.0,-0.5970779061317444
5114375168.0,-0.6016353368759155
5115312640.0,-0.6029175519943237
5116250112.0,-0.6035062074661255
5117187584.0,-0.6019474267959595
5118125056.0,-0.5991710424423218
5119062528.0,-0.5942689180374146
5120000000.0,-0.5896095037460327
5120937472.0,-0.5843355059623718
5121874944.0,-0.5775498151779175
5122812416.0,-0.572052001953125
5123749888.0,-0.5640790462493896
5124687360.0,-0.5574921369552612
5125624832.0,-0.5488860607147217
5126562304.0,-0.5415799617767334
5127499776.0,-0.5341430306434631
5128437248.0,-0.52564936876297
5129375232.0,-0.5165960788726807
5130312704.0,-0.5076053142547607
5131250176.0,-0.49543774127960205
5132187648.0,-0.4825380742549896
5133125120.0,-0.469847172498703
5134062592.0,-0.4544910192489624
5135000064.0,-0.43887457251548767
5135937536.0,-0.4232884645462036
5136875008.0,-0.4054732322692871
5137812480.0,-0.3871888816356659
5138749952.0,-0.3679678738117218
5139687424.0,-0.3489363491535187
5140624896.0,-0.3306404650211334
5141562368.0,-0.31277966499328613
5142499840.0,-0.29802343249320984
5143437312.0,-0.28522130846977234
5144374784.0,-0.27613285183906555
5145312256.0,-0.27298665046691895
5146250240.0,-0.27744072675704956
5147187712.0,-0.28701213002204895
5148125184.0,-0.30131182074546814
5149062656.0,-0.3175927996635437
5150000128.0,-0.3367565870285034
5150937600.0,-0.35680118203163147
5151875072.0,-0.37649357318878174
5152812544.0,-0.3965844213962555
5153750016.0,-0.4169315993785858
5154687488.0,-0.4352732300758362
5155624960.0,-0.4528734087944031
5156562432.0,-0.46881023049354553
5157499904.0,-0.4826261103153229
5158437376.0,-0.49564582109451294
5159374848.0,-0.5079183578491211
5160312320.0,-0.518973708152771
5161249792.0,-0.5292205810546875
5162187264.0,-0.5382616519927979
5163125248.0,-0.5462385416030884
5164062720.0,-0.5533010363578796
5165000192.0,-0.5598359107971191
5165937664.0,-0.5656965970993042
5166875136.0,-0.5790913105010986
5167812608.0,-0.594516396522522
5168750080.0,-0.6108621954917908
5169687552.0,-0.6267675161361694
5170625024.0,-0.642518162727356
5171562496.0,-0.6597845554351807
5172499968.0,-0.6759223341941833
5173437440.0,-0.6924335956573486
5174374912.0,-0.7080631256103516
5175312384.0,-0.7230903506278992
5176249856.0,-0.7360879778862
5177187328.0,-0.7475898861885071
5178124800.0,-0.7573243975639343
5179062272.0,-0.7654286623001099
5180000256.0,-0.7702327966690063
5180937728.0,-0.7728227376937866
5181875200.0,-0.7724589109420776
5182812672.0,-0.7693512439727783
5183750144.0,-0.7626227140426636
5184687616.0,-0.7526703476905823
5185625088.0,-0.7398927807807922
5186562560.0,-0.7254146337509155
5187500032.0,-0.707660436630249
5188437504.0,-0.688849687576294
5189374976.0,-0.6680680513381958
5190312448.0,-0.6451101303100586
5191249920.0,-0.6217621564865112
5192187392.0,-0.5986421704292297
5193124864.0,-0.5732820630073547
5194062336.0,-0.5501466393470764
5194999808.0,-0.5263545513153076
5195937280.0,-0.5021655559539795
5196874752.0,-0.4799591898918152
5197812736.0,-0.4588102400302887
5198750208.0,-0.44012996554374695
5199687680.0,-0.4219440519809723
5200625152.0,-0.4064256250858307
5201562624.0,-0.3930976688861847
5202500096.0,-0.3819214403629303
5203437568.0,-0.37316685914993286
5204375040.0,-0.36672648787498474
5205312512.0,-0.3637498915195465
5206249984.0,-0.36387574672698975
5207187456.0,-0.36642369627952576
5208124928.0,-0.3731757402420044
5209062400.0,-0.38230711221694946
5209999872.0,-0.39299580454826355
5210937344.0,-0.4085090160369873
5211874816.0,-0.4250333905220032
5212812288.0,-0.4432840049266815
5213749760.0,-0.4653772711753845
5214687744.0,-0.48795878887176514
5215625216.0,-0.5130103230476379
5216562688.0,-0.5388171076774597
5217500160.0,-0.5653781890869141
5218437632.0,-0.5939553380012512
5219375104.0,-0.6231014728546143
5220312576.0,-0.6520821452140808
5221250048.0,-0.6819611191749573
5222187520.0,-0.7112352848052979
5223124992.0,-0.7391809225082397
5224062464.0,-0.7665426731109619
5224999936.0,-0.7927085161209106
5225937408.0,-0.8451840877532959
5226874880.0,-0.8699724674224854
5227812352.0,-0.8940849900245667
5228749824.0,-0.9150201082229614
5229687296.0,-0.9350196719169617
5230624768.0,-0.9509376287460327
5231562752.0,-0.9647487998008728
5232500224.0,-0.9766407012939453
5233437696.0,-0.9860001802444458
5234375168.0,-0.9929308295249939
5235312640.0,-0.9959836602210999
5236250112.0,-0.9980282783508301
5237187584.0,-0.9962335228919983
5238125056.0,-0.9933570623397827
5239062528.0,-0.9878165125846863
5240000000.0,-0.9802538156509399
5240937472.0,-0.9708144664764404
5241874944.0,-0.9604533314704895
5242812416.0,-0.9486246109008789
5243749888.0,-0.9337744116783142
5244687360.0,-0.9182653427124023
5245624832.0,-0.901955783367157
5246562304.0,-0.8861109614372253
5247499776.0,-0.869757354259491
5248437248.0,-0.8534391522407532
5249375232.0,-0.8385312557220459
5250312704.0,-0.8233020305633545
5251250176.0,-0.8085137009620667
5252187648.0,-0.7936619520187378
5253125120.0,-0.7788548469543457
5254062592.0,-0.765856146812439
5255000064.0,-0.7535517811775208
5255937536.0,-0.7435145974159241
5256875008.0,-0.7340352535247803
5257812480.0,-0.7269382476806641
5258749952.0,-0.7215232849121094
5259687424.0,-0.7177515625953674
5260624896.0,-0.7154866456985474
5261562368.0,-0.7155598402023315
5262499840.0,-0.7176332473754883
5263437312.0,-0.7217467427253723
5264374784.0,-0.7278796434402466
5265312256.0,-0.7360983490943909
5266250240.0,-0.7473849058151245
5267187712.0,-0.7599651217460632
5268125184.0,-0.7745092511177063
5269062656.0,-0.7921199798583984
5270000128.0,-0.8125199675559998
5270937600.0,-0.8349401950836182
5271875072.0,-0.8594282269477844
5272812544.0,-0.8858307003974915
5273750016.0,-0.9161196947097778
5274687488.0,-0.9465939402580261
5275624960.0,-0.979677677154541
5276562432.0,-1.0147221088409424
5277499904.0,-1.0500333309173584
5278437376.0,-1.0875049829483032
5279374848.0,-1.125585913658142
5280312320.0,-1.165097951889038
5281249792.0,-1.2058496475219727
5282187264.0,-1.2464810609817505
5283125248.0,-1.2865334749221802
5284062720.0,-1.3271564245224
5285000192.0,-1.3667669296264648
5285937664.0,-1.3974087238311768
5286875136.0,-1.4306812286376953
5287812608.0,-1.46331787109375
5288750080.0,-1.494646430015564
5289687552.0,-1.5224555730819702
5290625024.0,-1.5485525131225586
5291562496.0,-1.5715761184692383
5292499968.0,-1.5924080610275269
5293437440.0,-1.6098898649215698
5294374912.0,-1.6258498430252075
5295312384.0,-1.6372628211975098
5296249856.0,-1.6449135541915894
5297187328.0,-1.648911714553833
5298124800.0,-1.6492899656295776
5299062272.0,-1.6462454795837402
5299999744.0,-1.6427512168884277
5300937728.0,-1.634159803390503
5301875200.0,-1.6247291564941406
5302812672.0,-1.6140176057815552
5303750144.0,-1.6020208597183228
5304687616.0,-1.5885649919509888
5305625088.0,-1.5730078220367432
5306562560.0,-1.557394027709961
5307500032.0,-1.541100263595581
5308437504.0,-1.524877905845642
5309374976.0,-1.5081322193145752
5310312448.0,-1.4915739297866821
5311249920.0,-1.476694941520691
5312187392.0,-1.4616578817367554
5313124864.0,-1.4483561515808105
5314062336.0,-1.4350072145462036
5314999808.0,-1.424770474433899
5315937280.0,-1.4160175323486328
5316874752.0,-1.4089198112487793
5317812736.0,-1.4054412841796875
5318750208.0,-1.4017698764801025
5319687680.0,-1.4038065671920776
5320625152.0,-1.4060524702072144
5321562624.0,-1.4124221801757812
5322500096.0,-1.418979525566101
5323437568.0,-1.4294300079345703
5324375040.0,-1.442720651626587
5325312512.0,-1.4573767185211182
5326249984.0,-1.4765287637710571
5327187456.0,-1.4997860193252563
5328124928.0,-1.5253760814666748
5329062400.0,-1.553895354270935
5329999872.0,-1.5868616104125977
5330937344.0,-1.6222976446151733
5331874816.0,-1.660085678100586
5332812288.0,-1.7273706197738647
5333749760.0,-1.776346206665039
5334687744.0,-1.824484944343567
5335625216.0,-1.8748347759246826
5336562688.0,-1.9271252155303955
5337500160.0,-1.9808048009872437
5338437632.0,-2.0365281105041504
5339375104.0,-2.0938498973846436
5340312576.0,-2.1516692638397217
5341250048.0,-2.2095346450805664
5342187520.0,-2.267512798309326
5343124992.0,-2.3244128227233887
5344062464.0,-2.3797667026519775
5344999936.0,-2.431494951248169
5345937408.0,-2.379080295562744
5346874880.0,-2.4107251167297363
5347812352.0,-2.439969301223755
5348749824.0,-2.4650821685791016
5349687296.0,-2.488342523574829
5350624768.0,-2.508401393890381
5351562752.0,-2.5244171619415283
5352500224.0,-2.5381240844726562
5353437696.0,-2.5486087799072266
5354375168.0,-2.5544660091400146
5355312640.0,-2.5568904876708984
5356250112.0,-2.555326223373413
5357187584.0,-2.5485055446624756
5358125056.0,-2.538125991821289
5359062528.0,-2.525578022003174
5360000000.0,-2.5099563598632812
5360937472.0,-2.492859363555908
5361874944.0,-2.4733917713165283
5362812416.0,-2.4524848461151123
5363749888.0,-2.4296178817749023
5364687360.0,-2.4064724445343018
5365624832.0,-2.3815388679504395
5366562304.0,-2.3558170795440674
5367499776.0,-2.3308777809143066
5368437248.0,-2.3055195808410645
5369375232.0,-2.2790892124176025
5370312704.0,-2.255160331726074
5371250176.0,-2.229912757873535
5372187648.0,-2.2069168090820312
5373125120.0,-2.182084798812866
5374062592.0,-2.1588432788848877
5375000064.0,-2.1367456912994385
5375937536.0,-2.1148037910461426
5376875008.0,-2.094580888748169
5377812480.0,-2.076326847076416
5378749952.0,-2.0580174922943115
5379687424.0,-2.042095184326172
5380624896.0,-2.0281615257263184
5381562368.0,-2.015136480331421
5382499840.0,-2.002678394317627
5383437312.0,-1.9900363683700562
5384374784.0,-1.980751872062683
5385312256.0,-1.9724092483520508
5386250240.0,-1.9662951231002808
5387187712.0,-1.962467908859253
5388125184.0,-1.9592390060424805
5389062656.0,-1.9595019817352295
5390000128.0,-1.9600578546524048
5390937600.0,-1.9615522623062134
5391875072.0,-1.9640610218048096
5392812544.0,-1.9655123949050903
5393750016.0,-1.9670499563217163
5394687488.0,-1.9706075191497803
5395624960.0,-1.9737621545791626
5396562432.0,-1.977170467376709
5397499904.0,-1.9832508563995361
5398437376.0,-1.9874688386917114
5399374848.0,-1.9916242361068726
5400312320.0,-1.9967076778411865
5401249792.0,-1.999076247215271
5402187264.0,-2.001952648162842
5403125248.0,-2.0034613609313965
5404062720.0,-2.004385232925415
5405000192.0,-2.0050137042999268
5405937664.0,-2.1458170413970947
5406875136.0,-2.146124839782715
5407812608.0,-2.1422996520996094
5408750080.0,-2.136059522628784
5409687552.0,-2.1252646446228027
5410625024.0,-2.1128454208374023
5411562496.0,-2.0955984592437744
5412499968.0,-2.0760843753814697
5413437440.0,-2.0555403232574463
5414374912.0,-2.032360315322876
5415312384.0,-2.007685422897339
5416249856.0,-1.9816410541534424
5417187328.0,-1.9540023803710938
5418124800.0,-1.924670934677124
5419062272.0,-1.894737720489502
5420000256.0,-1.8644695281982422
5420937728.0,-1.832525372505188
5421875200.0,-1.801476001739502
5422812672.0,-1.7701817750930786
5423750144.0,-1.7382593154907227
5424687616.0,-1.7072958946228027
5425625088.0,-1.676391363143921
5426562560.0,-1.6461820602416992
5427500032.0,-1.6166409254074097
5428437504.0,-1.587934970855713
5429374976.0,-1.5601613521575928
5430312448.0,-1.5334231853485107
5431249920.0,-1.5074129104614258
5432187392.0,-1.4824426174163818
5433124864.0,-1.4585466384887695
5434062336.0,-1.4353489875793457
5434999808.0,-1.4132457971572876
5435937280.0,-1.3925284147262573
5436874752.0,-1.3732482194900513
5437812736.0,-1.354773759841919
5438750208.0,-1.3384628295898438
5439687680.0,-1.3220595121383667
5440625152.0,-1.3086862564086914
5441562624.0,-1.2964895963668823
5442500096.0,-1.2851237058639526
5443437568.0,-1.27470862865448
5444375040.0,-1.2667797803878784
5445312512.0,-1.2616244554519653
5446249984.0,-1.2565934658050537
5447187456.0,-1.2533925771713257
5448124928.0,-1.2523231506347656
5449062400.0,-1.2534846067428589
5449999872.0,-1.2566187381744385
5450937344.0,-1.260783076286316
5451874816.0,-1.2660436630249023
5452812288.0,-1.2737407684326172
5453749760.0,-1.281599521636963
5454687744.0,-1.2913243770599365
5455625216.0,-1.3013933897018433
5456562688.0,-1.3124442100524902
5457500160.0,-1.3239169120788574
5458437632.0,-1.335080623626709
5459375104.0,-1.3454254865646362
5460312576.0,-1.3570252656936646
5461250048.0,-1.3677014112472534
5462187520.0,-1.376883625984192
5463124992.0,-1.3854376077651978
5464062464.0,-1.3925617933273315
5464999936.0,-1.3986132144927979
5465937408.0,-1.407674789428711
5466874880.0,-1.4086335897445679
5467812352.0,-1.4070298671722412
5468749824.0,-1.4044725894927979
5469687296.0,-1.3982266187667847
5470624768.0,-1.3906322717666626
5471562752.0,-1.3802129030227661
5472500224.0,-1.3682279586791992
5473437696.0,-1.3530926704406738
5474375168.0,-1.3373255729675293
5475312640.0,-1.3187637329101562
5476250112.0,-1.2993451356887817
5477187584.0,-1.2769286632537842
5478125056.0,-1.2533330917358398
5479062528.0,-1.2288997173309326
5480000000.0,-1.2026680707931519
5480937472.0,-1.176842451095581
5481874944.0,-1.1488879919052124
5482812416.0,-1.1214914321899414
5483749888.0,-1.0938664674758911
5484687360.0,-1.0657105445861816
5485624832.0,-1.0385146141052246
5486562304.0,-1.0105124711990356
5487499776.0,-0.984022855758667
5488437248.0,-0.9583070874214172
5489375232.0,-0.9318599104881287
5490312704.0,-0.9065427780151367
5491250176.0,-0.8815782070159912
5492187648.0,-0.8581411242485046
5493125120.0,-0.8363083600997925
5494062592.0,-0.81614089012146
5495000064.0,-0.7968094348907471
5495937536.0,-0.7795618176460266
5496875008.0,-0.7648769021034241
5497812480.0,-0.7536088228225708
5498749952.0,-0.7428048849105835
5499687424.0,-0.7356177568435669
5500624896.0,-0.729646623134613
5501562368.0,-0.727083683013916
5502499840.0,-0.7269920706748962
5503437312.0,-0.7298246026039124
5504374784.0,-0.7357478737831116
5505312256.0,-0.7454229593276978
5506250240.0,-0.7564014792442322
5507187712.0,-0.7710673213005066
5508125184.0,-0.7879679203033447
5509062656.0,-0.8076196312904358
5510000128.0,-0.8295488953590393
5510937600.0,-0.8549259901046753
5511875072.0,-0.8812766075134277
5512812544.0,-0.9088589549064636
5513750016.0,-0.9397432208061218
5514687488.0,-0.971333920955658
5515624960.0,-1.0037477016448975
5516562432.0,-1.0361374616622925
5517499904.0,-1.0693427324295044
5518437376.0,-1.101183533668518
5519374848.0,-1.1316808462142944
5520312320.0,-1.1614269018173218
5521249792.0,-1.190163016319275
5522187264.0,-1.2164331674575806
5523125248.0,-1.2393604516983032
5524062720.0,-1.259443998336792
5525000192.0,-1.2750366926193237
5525937664.0,-1.1143988370895386
5526875136.0,-1.121328592300415
5527812608.0,-1.1259533166885376
5528750080.0,-1.1280226707458496
5529687552.0,-1.1293282508850098
5530625024.0,-1.1295874118804932
5531562496.0,-1.12580144405365
5532499968.0,-1.1219756603240967
5533437440.0,-1.1156545877456665
5534374912.0,-1.1093305349349976
5535312384.0,-1.0984554290771484
5536249856.0,-1.088840365409851
5537187328.0,-1.0768554210662842
5538124800.0,-1.0638033151626587
5539062272.0,-1.0502063035964966
5539999744.0,-1.0355496406555176
5540937728.0,-1.0204975605010986
5541875200.0,-1.0044668912887573
5542812672.0,-0.9888429641723633
5543750144.0,-0.9719658493995667
5544687616.0,-0.9566773176193237
5545625088.0,-0.9406185150146484
5546562560.0,-0.92498779296875
5547500032.0,-0.9098871946334839
5548437504.0,-0.8953884243965149
5549374976.0,-0.8815393447875977
5550312448.0,-0.8695631623268127
5551249920.0,-0.8573530912399292
5552187392.0,-0.8471509218215942
5553124864.0,-0.8381490707397461
5554062336.0,-0.8309634923934937
5554999808.0,-0.825946569442749
5555937280.0,-0.8218504786491394
5556874752.0,-0.8192464709281921
5557812736.0,-0.8184996843338013
5558750208.0,-0.8211790919303894
5559687680.0,-0.8261587023735046
5560625152.0,-0.832862377166748
5561562624.0,-0.8436537384986877
5562500096.0,-0.857839047908783
5563437568.0,-0.8735144734382629
5564375040.0,-0.891873300075531
5565312512.0,-0.9134283661842346
5566249984.0,-0.9369828104972839
5567187456.0,-0.9612734317779541
5568124928.0,-0.9880343675613403
5569062400.0,-1.016540765762329
5569999872.0,-1.0457067489624023
5570937344.0,-1.0736265182495117
5571874816.0,-1.103762149810791
5572812288.0,-1.1325916051864624
5573749760.0,-1.1609430313110352
5574687744.0,-1.1884474754333496
5575625216.0,-1.2139939069747925
5576562688.0,-1.2377490997314453
5577500160.0,-1.2581613063812256
5578437632.0,-1.2777998447418213
5579375104.0,-1.2946134805679321
5580312576.0,-1.3076931238174438
5581250048.0,-1.3179128170013428
5582187520.0,-1.3264989852905273
5583124992.0,-1.3314036130905151
5584062464.0,-1.3344756364822388
5584999936.0,-1.334620475769043
5585937408.0,-1.255837082862854
5586874880.0,-1.2617648839950562
5587812352.0,-1.2665939331054688
5588749824.0,-1.2701492309570312
5589687296.0,-1.2726755142211914
5590624768.0,-1.2738691568374634
5591562752.0,-1.2747163772583008
5592500224.0,-1.275342345237732
5593437696.0,-1.2742892503738403
5594375168.0,-1.272115707397461
5595312640.0,-1.2703402042388916
5596250112.0,-1.2669427394866943
5597187584.0,-1.262227177619934
5598125056.0,-1.256878137588501
5599062528.0,-1.2518597841262817
5600000000.0,-1.2469112873077393
5600937472.0,-1.2399730682373047
5601874944.0,-1.2343968152999878
5602812416.0,-1.2278530597686768
5603749888.0,-1.2214796543121338
5604687360.0,-1.216558814048767
5605624832.0,-1.2102975845336914
5606562304.0,-1.2056621313095093
5607499776.0,-1.2003055810928345
5608437248.0,-1.1936142444610596
5609375232.0,-1.1877024173736572
5610312704.0,-1.1828516721725464
5611250176.0,-1.1771522760391235
5612187648.0,-1.171007513999939
5613125120.0,-1.1653908491134644
5614062592.0,-1.1596993207931519
5615000064.0,-1.1540350914001465
5615937536.0,-1.149552583694458
5616875008.0,-1.1449673175811768
5617812480.0,-1.1417001485824585
5618749952.0,-1.1379303932189941
5619687424.0,-1.1362948417663574
5620624896.0,-1.1324265003204346
5621562368.0,-1.129751443862915
5622499840.0,-1.1270850896835327
5623437312.0,-1.125430941581726
5624374784.0,-1.1245824098587036
5625312256.0,-1.1226847171783447
5626250240.0,-1.121164321899414
5627187712.0,-1.1194005012512207
5628125184.0,-1.1180546283721924
5629062656.0,-1.1169496774673462
5630000128.0,-1.116532325744629
5630937600.0,-1.1147074699401855
5631875072.0,-1.113547921180725
5632812544.0,-1.1103655099868774
5633750016.0,-1.1075890064239502
5634687488.0,-1.1056325435638428
5635624960.0,-1.1018662452697754
5636562432.0,-1.0974225997924805
5637499904.0,-1.0899256467819214
5638437376.0,-1.0836913585662842
5639374848.0,-1.0757317543029785
5640312320.0,-1.0678675174713135
5641249792.0,-1.0594981908798218
5642187264.0,-1.0517399311065674
5643125248.0,-1.0426185131072998
5644062720.0,-1.0327109098434448
5645000192.0,-1.0240354537963867
5645937664.0,-1.0220698118209839
5646875136.0,-1.0092273950576782
5647812608.0,-0.9951841831207275
5648750080.0,-0.9804958701133728
5649687552.0,-0.966004490852356
5650625024.0,-0.9497829675674438
5651562496.0,-0.9322915077209473
5652499968.0,-0.9135014414787292
5653437440.0,-0.8955992460250854
5654374912.0,-0.8767555952072144
5655312384.0,-0.8567549586296082
5656249856.0,-0.8361689448356628
5657187328.0,-0.815531313419342
5658124800.0,-0.7939074039459229
5659062272.0,-0.7748529314994812
5660000256.0,-0.753341019153595
5660937728.0,-0.7317699193954468
5661875200.0,-0.7116464376449585
5662812672.0,-0.6917971968650818
5663750144.0,-0.6727088093757629
5664687616.0,-0.6542024612426758
5665625088.0,-0.6374559998512268
5666562560.0,-0.6205326318740845
5667500032.0,-0.6053019165992737
5668437504.0,-0.5920144319534302
5669374976.0,-0.5788477063179016
5670312448.0,-0.568376362323761
5671249920.0,-0.5596113801002502
5672187392.0,-0.5517579913139343
5673124864.0,-0.5468055605888367
5674062336.0,-0.5433673858642578
5674999808.0,-0.5412370562553406
5675937280.0,-0.5398467183113098
5676874752.0,-0.5396169424057007
5677812736.0,-0.5394325852394104
5678750208.0,-0.5408521890640259
5679687680.0,-0.5446040630340576
5680625152.0,-0.547964870929718
5681562624.0,-0.5523349642753601
5682500096.0,-0.5582520365715027
5683437568.0,-0.5615742206573486
5684375040.0,-0.5656780004501343
5685312512.0,-0.5696245431900024
5686249984.0,-0.5731735229492188
5687187456.0,-0.5775011777877808
5688124928.0,-0.579412579536438
5689062400.0,-0.5809069871902466
5689999872.0,-0.5818880200386047
5690937344.0,-0.58213871717453
5691874816.0,-0.5800497531890869
5692812288.0,-0.5766313076019287
5693749760.0,-0.5716766119003296
5694687744.0,-0.5646663904190063
5695625216.0,-0.5569190979003906
5696562688.0,-0.5467448234558105
5697500160.0,-0.5358325242996216
5698437632.0,-0.523537278175354
5699375104.0,-0.5096142292022705
5700312576.0,-0.4958483874797821
5701250048.0,-0.48195329308509827
5702187520.0,-0.4683467447757721
5703124992.0,-0.4543597400188446
5704062464.0,-0.4409955143928528
5704999936.0,-0.42883676290512085
5705937408.0,-0.39444804191589355
5706874880.0,-0.3934638202190399
5707812352.0,-0.3914777636528015
5708749824.0,-0.39060720801353455
5709687296.0,-0.38964933156967163
5710624768.0,-0.38710707426071167
5711562752.0,-0.385003000497818
5712500224.0,-0.3831002414226532
5713437696.0,-0.3827664256095886
5714375168.0,-0.3813609182834625
5715312640.0,-0.37824612855911255
5716250112.0,-0.37551116943359375
5717187584.0,-0.37091943621635437
5718125056.0,-0.36686697602272034
5719062528.0,-0.36104753613471985
5720000000.0,-0.3550264239311218
5720937472.0,-0.34933486580848694
5721874944.0,-0.3419163227081299
5722812416.0,-0.33316776156425476
5723749888.0,-0.32463839650154114
5724687360.0,-0.3158736824989319
5725624832.0,-0.30629515647888184
5726562304.0,-0.2983834743499756
5727499776.0,-0.28865575790405273
5728437248.0,-0.28143277764320374
5729375232.0,-0.2746350169181824
5730312704.0,-0.26850625872612
5731250176.0,-0.26323261857032776
5732187648.0,-0.2600499093532562
5733125120.0,-0.25877314805984497
5734062592.0,-0.2597554922103882
5735000064.0,-0.26083704829216003
5735937536.0,-0.2655346691608429
5736875008.0,-0.27050280570983887
5737812480.0,-0.27890342473983765
5738749952.0,-0.2883418798446655
5739687424.0,-0.3003416359424591
5740624896.0,-0.31358420848846436
5741562368.0,-0.32743826508522034
5742499840.0,-0.339944452047348
5743437312.0,-0.35407698154449463
5744374784.0,-0.36565908789634705
5745312256.0,-0.3762090504169464
5746250240.0,-0.38598155975341797
5747187712.0,-0.39317694306373596
5748125184.0,-0.39816999435424805
5749062656.0,-0.4005551338195801
5750000128.0,-0.40057364106178284
5750937600.0,-0.3984127640724182
5751875072.0,-0.3950260877609253
5752812544.0,-0.3902072608470917
5753750016.0,-0.3843352496623993
5754687488.0,-0.37771108746528625
5755624960.0,-0.37025216221809387
5756562432.0,-0.3626698851585388
5757499904.0,-0.3549434244632721
5758437376.0,-0.3474927544593811
5759374848.0,-0.341372549533844
5760312320.0,-0.3344503939151764
5761249792.0,-0.3307895362377167
5762187264.0,-0.3265702426433563
5763125248.0,-0.3229827582836151
5764062720.0,-0.3201056718826294
5765000192.0,-0.3174225389957428
5765937664.0,-0.2376188337802887
5766875136.0,-0.24155305325984955
5767812608.0,-0.24569329619407654
5768750080.0,-0.24896907806396484
5769687552.0,-0.2544194459915161
5770625024.0,-0.26047831773757935
5771562496.0,-0.26615825295448303
5772499968.0,-0.27229639887809753
5773437440.0,-0.27900901436805725
5774374912.0,-0.28568246960639954
5775312384.0,-0.29320329427719116
5776249856.0,-0.3010675311088562
5777187328.0,-0.30760517716407776
5778124800.0,-0.31490665674209595
5779062272.0,-0.3223613500595093
5779999744.0,-0.3296406865119934
5780937728.0,-0.3359805941581726
5781875200.0,-0.34293556213378906
5782812672.0,-0.3488503694534302
5783750144.0,-0.35498809814453125
5784687616.0,-0.35957685112953186
5785625088.0,-0.3645373284816742
5786562560.0,-0.3677137494087219
5787500032.0,-0.3710167706012726
5788437504.0,-0.3726816475391388
5789374976.0,-0.3717825710773468
5790312448.0,-0.3716191053390503
5791249920.0,-0.3687845766544342
5792187392.0,-0.3648335337638855
5793124864.0,-0.36163169145584106
5794062336.0,-0.3560263514518738
5794999808.0,-0.35022178292274475
5795937280.0,-0.3437809646129608
5796874752.0,-0.33517494797706604
5797812736.0,-0.32794833183288574
5798750208.0,-0.31780922412872314
5799687680.0,-0.3082999289035797
5800625152.0,-0.2978404760360718
5801562624.0,-0.2848301827907562
5802500096.0,-0.2721133530139923
5803437568.0,-0.25849518179893494
5804375040.0,-0.24424795806407928
5805312512.0,-0.2297581136226654
5806249984.0,-0.21470044553279877
5807187456.0,-0.1992591917514801
5808124928.0,-0.18386687338352203
5809062400.0,-0.1676998734474182
5809999872.0,-0.15255138278007507
5810937344.0,-0.1365538388490677
5811874816.0,-0.12011066824197769
5812812288.0,-0.10484577715396881
5813749760.0,-0.08850708603858948
5814687744.0,-0.07443729788064957
5815625216.0,-0.059616852551698685
5816562688.0,-0.045617908239364624
5817500160.0,-0.03253531455993652
5818437632.0,-0.020317185670137405
5819375104.0,-0.009480605833232403
5820312576.0,0.0008914351928979158
5821250048.0,0.011491336859762669
5822187520.0,0.01977905072271824
5823124992.0,0.028322258964180946
5824062464.0,0.036399610340595245
5824999936.0,0.04334518313407898
5825937408.0,-0.1384168267250061
5826874880.0,-0.14307603240013123
5827812352.0,-0.14719770848751068
5828749824.0,-0.15012922883033752
5829687296.0,-0.15115703642368317
5830624768.0,-0.15150970220565796
5831562752.0,-0.14925894141197205
5832500224.0,-0.14750151336193085
5833437696.0,-0.144882470369339
5834375168.0,-0.14166711270809174
5835312640.0,-0.13828279078006744
5836250112.0,-0.13517993688583374
5837187584.0,-0.13196085393428802
5838125056.0,-0.128322571516037
5839062528.0,-0.12683817744255066
5840000000.0,-0.12677425146102905
5840937472.0,-0.1272163838148117
5841874944.0,-0.12887683510780334
5842812416.0,-0.13178938627243042
5843749888.0,-0.13591252267360687
5844687360.0,-0.14119532704353333
5845624832.0,-0.14596058428287506
5846562304.0,-0.1532161682844162
5847499776.0,-0.16090132296085358
5848437248.0,-0.1690640151500702
5849375232.0,-0.17883595824241638
5850312704.0,-0.18901345133781433
5851250176.0,-0.19998286664485931
5852187648.0,-0.2118796855211258
5853125120.0,-0.22193285822868347
5854062592.0,-0.2321334034204483
5855000064.0,-0.2428792417049408
5855937536.0,-0.2507077157497406
5856875008.0,-0.25950226187705994
5857812480.0,-0.26644009351730347
5858749952.0,-0.2726218104362488
5859687424.0,-0.27609744668006897
5860624896.0,-0.278411328792572
5861562368.0,-0.2784331142902374
5862499840.0,-0.2776615023612976
5863437312.0,-0.2737393081188202
5864374784.0,-0.26780858635902405
5865312256.0,-0.2609253227710724
5866250240.0,-0.25297728180885315
5867187712.0,-0.24262967705726624
5868125184.0,-0.23054757714271545
5869062656.0,-0.2188548445701599
5870000128.0,-0.20465759932994843
5870937600.0,-0.19100810587406158
5871875072.0,-0.17811226844787598
5872812544.0,-0.16478945314884186
5873750016.0,-0.15168748795986176
5874687488.0,-0.1400892585515976
5875624960.0,-0.12827704846858978
5876562432.0,-0.11930675059556961
5877499904.0,-0.11233080178499222
5878437376.0,-0.10706982016563416
5879374848.0,-0.10425513237714767
5880312320.0,-0.10271704941987991
5881249792.0,-0.10307218879461288
5882187264.0,-0.10602351278066635
5883125248.0,-0.11007390916347504
5884062720.0,-0.11641466617584229
5885000192.0,-0.12487933784723282
5885937664.0,-0.06428731232881546
5886875136.0,-0.06853428483009338
5887812608.0,-0.07271403819322586
5888750080.0,-0.07930535078048706
5889687552.0,-0.0849248543381691
5890625024.0,-0.09111497551202774
5891562496.0,-0.09713558852672577
5892499968.0,-0.10348605364561081
5893437440.0,-0.11171576380729675
5894374912.0,-0.11971047520637512
5895312384.0,-0.1276937574148178
5896249856.0,-0.13747288286685944
5897187328.0,-0.1457996815443039
5898124800.0,-0.15478035807609558
5899062272.0,-0.16321446001529694
5900000256.0,-0.17127735912799835
5900937728.0,-0.18086062371730804
5901875200.0,-0.18996122479438782
5902812672.0,-0.20042389631271362
5903750144.0,-0.20977365970611572
5904687616.0,-0.21902914345264435
5905625088.0,-0.22930516302585602
5906562560.0,-0.23801150918006897
5907500032.0,-0.2475244104862213
5908437504.0,-0.2565436363220215
5909374976.0,-0.2637932598590851
5910312448.0,-0.27222880721092224
5911249920.0,-0.2797839939594269
5912187392.0,-0.2871452271938324
5913124864.0,-0.2954464256763458
5914062336.0,-0.3028755187988281
5914999808.0,-0.3103296756744385
5915937280.0,-0.3159787654876709
5916874752.0,-0.31985199451446533
5917812736.0,-0.3252731263637543
5918750208.0,-0.3280254602432251
5919687680.0,-0.33016932010650635
5920625152.0,-0.3327168822288513
5921562624.0,-0.3338233232498169
5922500096.0,-0.3339749574661255
5923437568.0,-0.3327103853225708
5924375040.0,-0.3317092955112457
5925312512.0,-0.328565776348114
5926249984.0,-0.3239964246749878
5927187456.0,-0.3177359700202942
5928124928.0,-0.3105189800262451
5929062400.0,-0.3013589382171631
5929999872.0,-0.29177531599998474
5930937344.0,-0.2788766622543335
5931874816.0,-0.2655204236507416
5932812288.0,-0.25114524364471436
5933749760.0,-0.23529015481472015
5934687744.0,-0.2187366485595703
5935625216.0,-0.20147639513015747
5936562688.0,-0.18335676193237305
5937500160.0,-0.1656992882490158
5938437632.0,-0.1465425044298172
5939375104.0,-0.12781402468681335
5940312576.0,-0.1096687912940979
5941250048.0,-0.09147382527589798
5942187520.0,-0.07361990213394165
5943124992.0,-0.05752412974834442
5944062464.0,-0.04246047884225845
5944999936.0,-0.02849099412560463
5945937408.0,-0.12800641357898712
5946874880.0,-0.13779430091381073
5947812352.0,-0.1472662389278412
5948749824.0,-0.1583264172077179
5949687296.0,-0.17247360944747925
5950624768.0,-0.1861133575439453
5951562752.0,-0.20259878039360046
5952500224.0,-0.2199636846780777
5953437696.0,-0.23790857195854187
5954375168.0,-0.2558949887752533
5955312640.0,-0.2750411033630371
5956250112.0,-0.2957749366760254
5957187584.0,-0.3151474595069885
5958125056.0,-0.33357569575309753
5959062528.0,-0.3538967967033386
5960000000.0,-0.37371566891670227
5960937472.0,-0.3909372389316559
5961874944.0,-0.407267302274704
5962812416.0,-0.4213395118713379
5963749888.0,-0.43377816677093506
5964687360.0,-0.4434361457824707
5965624832.0,-0.4505128562450409
5966562304.0,-0.45487818121910095
5967499776.0,-0.4565049409866333
5968437248.0,-0.4539049565792084
5969375232.0,-0.4492284059524536
5970312704.0,-0.4403311014175415
5971250176.0,-0.428615003824234
5972187648.0,-0.4136967957019806
5973125120.0,-0.395577073097229
5974062592.0,-0.3755655884742737
5975000064.0,-0.35341954231262207
5975937536.0,-0.3309405744075775
5976875008.0,-0.30570611357688904
5977812480.0,-0.28031450510025024
5978749952.0,-0.2565399706363678
5979687424.0,-0.23182323575019836
5980624896.0,-0.2083325833082199
5981562368.0,-0.1859416365623474
5982499840.0,-0.16516216099262238
5983437312.0,-0.1466500163078308
5984374784.0,-0.12984052300453186
5985312256.0,-0.1156463548541069
5986250240.0,-0.10429061949253082
5987187712.0,-0.09486754238605499
5988125184.0,-0.08870674669742584
5989062656.0,-0.08536957949399948
5990000128.0,-0.08387572318315506
5990937600.0,-0.08425380289554596
5991875072.0,-0.08690450340509415
5992812544.0,-0.09225496649742126
5993750016.0,-0.0989159494638443
5994687488.0,-0.10577593743801117
5995624960.0,-0.11393674463033676
5996562432.0,-0.12353530526161194
5997499904.0,-0.13267065584659576
5998437376.0,-0.14213742315769196
5999374848.0,-0.1519019454717636
6000312320.0,-0.1607331931591034
6001249792.0,-0.16959887742996216
6002187264.0,-0.17723368108272552
6003125248.0,-0.1833493411540985
6004062720.0,-0.1900622397661209
6005000192.0,-0.15043549239635468
6005937664.0,-0.15634772181510925
6006875136.0,-0.16412240266799927
6007812608.0,-0.17214249074459076
6008750080.0,-0.18097616732120514
6009687552.0,-0.19100689888000488
6010625024.0,-0.2018120139837265
6011562496.0,-0.21338452398777008
6012499968.0,-0.2253796011209488
6013437440.0,-0.2375626564025879
6014374912.0,-0.2511293292045593
6015312384.0,-0.2649639844894409
6016249856.0,-0.2785118520259857
6017187328.0,-0.292664110660553
6018124800.0,-0.3061155378818512
6019062272.0,-0.3186585605144501
6019999744.0,-0.3301975429058075
6020937728.0,-0.34264910221099854
6021875200.0,-0.3527067303657532
6022812672.0,-0.3634405732154846
6023750144.0,-0.37281107902526855
6024687616.0,-0.38124796748161316
6025625088.0,-0.3878537714481354
6026562560.0,-0.39304688572883606
6027500032.0,-0.39754021167755127
6028437504.0,-0.3998071253299713
6029374976.0,-0.4010063707828522
6030312448.0,-0.3994670808315277
6031249920.0,-0.39672890305519104
6032187392.0,-0.3914637565612793
6033124864.0,-0.38540738821029663
6034062336.0,-0.37730464339256287
6034999808.0,-0.3685275912284851
6035937280.0,-0.35895609855651855
6036874752.0,-0.3471240699291229
6037812736.0,-0.3360462188720703
6038750208.0,-0.32437294721603394
6039687680.0,-0.31131380796432495
6040625152.0,-0.298635870218277
6041562624.0,-0.28745588660240173
6042500096.0,-0.27594202756881714
6043437568.0,-0.265083909034729
6044375040.0,-0.255302369594574
6045312512.0,-0.2451685070991516
6046249984.0,-0.23717661201953888
6047187456.0,-0.23014341294765472
6048124928.0,-0.2229999601840973
6049062400.0,-0.21830794215202332
6049999872.0,-0.214565247297287
6050937344.0,-0.21115708351135254
6051874816.0,-0.2087896764278412
6052812288.0,-0.20698651671409607
6053749760.0,-0.20614497363567352
6054687744.0,-0.206730917096138
6055625216.0,-0.20713266730308533
6056562688.0,-0.2101118266582489
6057500160.0,-0.21346892416477203
6058437632.0,-0.21741218864917755
6059375104.0,-0.22128364443778992
6060312576.0,-0.22521451115608215
6061250048.0,-0.23051100969314575
6062187520.0,-0.23540160059928894
6063124992.0,-0.24125395715236664
6064062464.0,-0.24719835817813873
6064999936.0,-0.142839714884758
6065937408.0,-0.16308064758777618
6066874880.0,-0.18443363904953003
6067812352.0,-0.20570482313632965
6068749824.0,-0.22564968466758728
6069687296.0,-0.24642515182495117
6070624768.0,-0.2655591666698456
6071562752.0,-0.28558459877967834
6072500224.0,-0.30485469102859497
6073437696.0,-0.32316458225250244
6074375168.0,-0.34087422490119934
6075312640.0,-0.3576985001564026
6076250112.0,-0.37226879596710205
6077187584.0,-0.3859134614467621
6078125056.0,-0.3984103202819824
6079062528.0,-0.41038283705711365
6080000000.0,-0.42095470428466797
6080937472.0,-0.4291714131832123
6081874944.0,-0.43659618496894836
6082812416.0,-0.44316017627716064
6083749888.0,-0.4479053020477295
6084687360.0,-0.4505977928638458
6085624832.0,-0.4518650770187378
6086562304.0,-0.45163387060165405
6087499776.0,-0.4505247473716736
6088437248.0,-0.4469873607158661
6089375232.0,-0.44267067313194275
6090312704.0,-0.4372902512550354
6091250176.0,-0.43052321672439575
6092187648.0,-0.4226072430610657
6093125120.0,-0.4133056104183197
6094062592.0,-0.4025542736053467
6095000064.0,-0.39023980498313904
6095937536.0,-0.37882745265960693
6096875008.0,-0.3662213087081909
6097812480.0,-0.35351496934890747
6098749952.0,-0.33925822377204895
6099687424.0,-0.32671433687210083
6100624896.0,-0.3104669749736786
6101562368.0,-0.29558250308036804
6102499840.0,-0.280730277299881
6103437312.0,-0.26545023918151855
6104374784.0,-0.2490393966436386
6105312256.0,-0.2348773330450058
6106250240.0,-0.21892932057380676
6107187712.0,-0.20530730485916138
6108125184.0,-0.19030150771141052
6109062656.0,-0.17666253447532654
6110000128.0,-0.16353759169578552
6110937600.0,-0.15077055990695953
6111875072.0,-0.13783591985702515
6112812544.0,-0.12623532116413116
6113750016.0,-0.1159646064043045
6114687488.0,-0.10507096350193024
6115624960.0,-0.09582512825727463
6116562432.0,-0.08715617656707764
6117499904.0,-0.08019376546144485
6118437376.0,-0.07614904642105103
6119374848.0,-0.07349550724029541
6120312320.0,-0.07532898336648941
6121249792.0,-0.07659036666154861
6122187264.0,-0.07849657535552979
6123125248.0,-0.08348339051008224
6124062720.0,-0.0901370570063591
6125000192.0,-0.1430903524160385
6125937664.0,-0.15633216500282288
6126875136.0,-0.1707853376865387
6127812608.0,-0.18516410887241364
6128750080.0,-0.20066098868846893
6129687552.0,-0.2165500670671463
6130625024.0,-0.23272579908370972
6131562496.0,-0.24865858256816864
6132499968.0,-0.2644822895526886
6133437440.0,-0.2812260687351227
6134374912.0,-0.29538318514823914
6135312384.0,-0.31213125586509705
6136249856.0,-0.32672804594039917
6137187328.0,-0.34110310673713684
6138124800.0,-0.3567031919956207
6139062272.0,-0.36877167224884033
6140000256.0,-0.38317468762397766
6140937728.0,-0.39447230100631714
6141875200.0,-0.40428659319877625
6142812672.0,-0.414583683013916
6143750144.0,-0.4227406680583954
6144687616.0,-0.43283650279045105
6145625088.0,-0.4404233992099762
6146562560.0,-0.44671761989593506
6147500032.0,-0.4514561891555786
6148437504.0,-0.45495402812957764
6149374976.0,-0.4564816355705261
6150312448.0,-0.45624619722366333
6151249920.0,-0.4562716782093048
6152187392.0,-0.4530628025531769
6153124864.0,-0.4487626254558563
6154062336.0,-0.4432351887226105
6154999808.0,-0.4366000294685364
6155937280.0,-0.4274216592311859
6156874752.0,-0.41773784160614014
6157812736.0,-0.40610527992248535
6158750208.0,-0.3941080868244171
6159687680.0,-0.38167476654052734
6160625152.0,-0.3685687184333801
6161562624.0,-0.35509201884269714
6162500096.0,-0.34189337491989136
6163437568.0,-0.32779741287231445
6164375040.0,-0.31367599964141846
6165312512.0,-0.29939281940460205
6166249984.0,-0.285540372133255
6167187456.0,-0.2724188566207886
6168124928.0,-0.2588372230529785
6169062400.0,-0.24486441910266876
6169999872.0,-0.2304982990026474
6170937344.0,-0.21718867123126984
6171874816.0,-0.20398658514022827
6172812288.0,-0.19212119281291962
6173749760.0,-0.180571049451828
6174687744.0,-0.16927605867385864
6175625216.0,-0.1600724756717682
6176562688.0,-0.15186180174350739
6177500160.0,-0.14479392766952515
6178437632.0,-0.13778892159461975
6179375104.0,-0.1330684870481491
6180312576.0,-0.12938305735588074
6181250048.0,-0.12636467814445496
6182187520.0,-0.12649717926979065
6183124992.0,-0.12819458544254303
6184062464.0,-0.13037769496440887
6184999936.0,-0.2736929953098297
6185937408.0,-0.2888747751712799
6186874880.0,-0.3034437894821167
6187812352.0,-0.31921395659446716
6188749824.0,-0.3345857858657837
6189687296.0,-0.3510464131832123
6190624768.0,-0.36654922366142273
6191562752.0,-0.3819655776023865
6192500224.0,-0.3970465660095215
6193437696.0,-0.41104114055633545
6194375168.0,-0.4237166941165924
6195312640.0,-0.4337136447429657
6196250112.0,-0.4438125491142273
6197187584.0,-0.4511849582195282
6198125056.0,-0.4572947919368744
6199062528.0,-0.46292150020599365
6200000000.0,-0.46639135479927063
6200937472.0,-0.4698152542114258
6201874944.0,-0.4723294973373413
6202812416.0,-0.4744378328323364
6203749888.0,-0.47541162371635437
6204687360.0,-0.47722628712654114
6205624832.0,-0.48086017370224
6206562304.0,-0.4844059348106384
6207499776.0,-0.4882791042327881
6208437248.0,-0.49460625648498535
6209375232.0,-0.5009927153587341
6210312704.0,-0.5089117288589478
6211250176.0,-0.5165002942085266
6212187648.0,-0.5249590277671814
6213125120.0,-0.5315297842025757
6214062592.0,-0.5375010967254639
6215000064.0,-0.5387882590293884
6215937536.0,-0.5351569056510925
6216875008.0,-0.5293222069740295
6217812480.0,-0.521916925907135
6218749952.0,-0.5132150650024414
6219687424.0,-0.5021839141845703
6220624896.0,-0.4897621273994446
6221562368.0,-0.47631341218948364
6222499840.0,-0.4627588391304016
6223437312.0,-0.44980588555336
6224374784.0,-0.4360249638557434
6225312256.0,-0.42402589321136475
6226250240.0,-0.4124905467033386
6227187712.0,-0.40281006693840027
6228125184.0,-0.3933613896369934
6229062656.0,-0.386918306350708
6230000128.0,-0.3780004382133484
6230937600.0,-0.3708619475364685
6231875072.0,-0.36419588327407837
6232812544.0,-0.35770249366760254
6233750016.0,-0.35129499435424805
6234687488.0,-0.3446637690067291
6235624960.0,-0.33903446793556213
6236562432.0,-0.3327922821044922
6237499904.0,-0.3267485797405243
6238437376.0,-0.3201604187488556
6239374848.0,-0.3132530450820923
6240312320.0,-0.3057091534137726
6241249792.0,-0.299207866191864
6242187264.0,-0.29092109203338623
6243125248.0,-0.28366464376449585
6244062720.0,-0.276752233505249
6245000192.0,-0.42180144786834717
6245937664.0,-0.4238085150718689
6246875136.0,-0.4270938038825989
6247812608.0,-0.43296900391578674
6248750080.0,-0.4401179552078247
6249687552.0,-0.4484652280807495
6250625024.0,-0.45957475900650024
6251562496.0,-0.4740683436393738
6252499968.0,-0.4903624355792999
6253437440.0,-0.5083573460578918
6254374912.0,-0.5289772748947144
6255312384.0,-0.5525783896446228
6256249856.0,-0.576599657535553
6257187328.0,-0.6025750041007996
6258124800.0,-0.6293901205062866
6259062272.0,-0.6577911376953125
6259999744.0,-0.6846921443939209
6260937728.0,-0.7133722901344299
6261875200.0,-0.7403849363327026
6262812672.0,-0.7649814486503601
6263750144.0,-0.7892740368843079
6264687616.0,-0.8104345202445984
6265625088.0,-0.8306081891059875
6266562560.0,-0.8469224572181702
6267500032.0,-0.8614846467971802
6268437504.0,-0.8717163801193237
6269374976.0,-0.8790098428726196
6270312448.0,-0.8823180198669434
6271249920.0,-0.8837522864341736
6272187392.0,-0.8812337517738342
6273124864.0,-0.8756436109542847
6274062336.0,-0.8656435608863831
6274999808.0,-0.8522350788116455
6275937280.0,-0.8370456695556641
6276874752.0,-0.8181391954421997
6277812736.0,-0.795674204826355
6278750208.0,-0.7721445560455322
6279687680.0,-0.7457038164138794
6280625152.0,-0.7184076905250549
6281562624.0,-0.6888973116874695
6282500096.0,-0.6588609218597412
6283437568.0,-0.6287824511528015
6284375040.0,-0.597891628742218
6285312512.0,-0.5673421025276184
6286249984.0,-0.5372296571731567
6287187456.0,-0.5081506967544556
6288124928.0,-0.47996628284454346
6289062400.0,-0.45338985323905945
6289999872.0,-0.4291033446788788
6290937344.0,-0.40572288632392883
6291874816.0,-0.38423895835876465
6292812288.0,-0.3640894889831543
6293749760.0,-0.34786882996559143
6294687744.0,-0.33296260237693787
6295625216.0,-0.3221338987350464
6296562688.0,-0.3180035948753357
6297500160.0,-0.3160768449306488
6298437632.0,-0.31809332966804504
6299375104.0,-0.32325947284698486
6300312576.0,-0.3312983214855194
6301250048.0,-0.34265968203544617
6302187520.0,-0.3567765951156616
6303124992.0,-0.3733832836151123
6304062464.0,-0.3922177255153656
6304999936.0,-0.5308298468589783
6305937408.0,-0.5505841970443726
6306874880.0,-0.5729737877845764
6307812352.0,-0.5956889986991882
6308749824.0,-0.6195661425590515
6309687296.0,-0.6446698904037476
6310624768.0,-0.6701117157936096
6311562752.0,-0.6965736150741577
6312500224.0,-0.723753035068512
6313437696.0,-0.750635027885437
6314375168.0,-0.7769607901573181
6315312640.0,-0.8031017184257507
6316250112.0,-0.8276803493499756
6317187584.0,-0.8510183691978455
6318125056.0,-0.8730086088180542
6319062528.0,-0.893271803855896
6320000000.0,-0.9108918905258179
6320937472.0,-0.9272106885910034
6321874944.0,-0.9436936378479004
6322812416.0,-0.9570341110229492
6323749888.0,-0.9685609936714172
6324687360.0,-0.9767049551010132
6325624832.0,-0.9831693172454834
6326562304.0,-0.9866273403167725
6327499776.0,-0.9869524240493774
6328437248.0,-0.9842631816864014
6329375232.0,-0.9779137372970581
6330312704.0,-0.9713836908340454
6331250176.0,-0.9615938663482666
6332187648.0,-0.950401782989502
6333125120.0,-0.9360799789428711
6334062592.0,-0.920745849609375
6335000064.0,-0.9050341844558716
6335937536.0,-0.8876041769981384
6336875008.0,-0.8679799437522888
6337812480.0,-0.8475704193115234
6338749952.0,-0.8278335928916931
6339687424.0,-0.8051970601081848
6340624896.0,-0.782742977142334
6341562368.0,-0.7614505887031555
6342499840.0,-0.7388502955436707
6343437312.0,-0.7163344621658325
6344374784.0,-0.6942956447601318
6345312256.0,-0.6721237301826477
6346250240.0,-0.6513386368751526
6347187712.0,-0.6289811134338379
6348125184.0,-0.6075894236564636
6349062656.0,-0.5878756046295166
6350000128.0,-0.5687227845191956
6350937600.0,-0.5522229671478271
6351875072.0,-0.5369744896888733
6352812544.0,-0.5237431526184082
6353750016.0,-0.5125181078910828
6354687488.0,-0.5026934742927551
6355624960.0,-0.4963285028934479
6356562432.0,-0.4903988838195801
6357499904.0,-0.4882466793060303
6358437376.0,-0.4876267611980438
6359374848.0,-0.4904492199420929
6360312320.0,-0.49604958295822144
6361249792.0,-0.5043558478355408
6362187264.0,-0.5152051448822021
6363125248.0,-0.5293157696723938
6364062720.0,-0.5452017784118652
6365000192.0,-0.8233656883239746
6365937664.0,-0.8286511301994324
6366875136.0,-0.8356368541717529
6367812608.0,-0.842837393283844
6368750080.0,-0.8493625521659851
6369687552.0,-0.8570049405097961
6370625024.0,-0.8666276931762695
6371562496.0,-0.875618577003479
6372499968.0,-0.8852450251579285
6373437440.0,-0.8965325355529785
6374374912.0,-0.9062374234199524
6375312384.0,-0.9152296185493469
6376249856.0,-0.9254284501075745
6377187328.0,-0.9339308142662048
6378124800.0,-0.9427850246429443
6379062272.0,-0.9502507448196411
6380000256.0,-0.9580404758453369
6380937728.0,-0.9643545150756836
6381875200.0,-0.9696022868156433
6382812672.0,-0.9749994277954102
6383750144.0,-0.9790346026420593
6384687616.0,-0.9830211997032166
6385625088.0,-0.986499011516571
6386562560.0,-0.9894922375679016
6387500032.0,-0.9920076727867126
6388437504.0,-0.9934514164924622
6389374976.0,-0.9957445859909058
6390312448.0,-0.9978392720222473
6391249920.0,-0.9982881546020508
6392187392.0,-0.9995529055595398
6393124864.0,-0.9994927644729614
6394062336.0,-0.9985990524291992
6394999808.0,-0.9979070425033569
6395937280.0,-0.9971495270729065
6396874752.0,-0.9957433938980103
6397812736.0,-0.9930371642112732
6398750208.0,-0.9896665811538696
6399687680.0,-0.9869978427886963
6400625152.0,-0.9846556186676025
6401562624.0,-0.9811281561851501
6402500096.0,-0.9789577126502991
6403437568.0,-0.9763827919960022
6404375040.0,-0.9757562279701233
6405312512.0,-0.9732815027236938
6406249984.0,-0.9749389290809631
6407187456.0,-0.9755032062530518
6408124928.0,-0.977217972278595
6409062400.0,-0.9796045422554016
6409999872.0,-0.9834569692611694
6410937344.0,-0.9875137805938721
6411874816.0,-0.9929869174957275
6412812288.0,-0.9993287324905396
6413749760.0,-1.0059247016906738
6414687744.0,-1.0125465393066406
6415625216.0,-1.02055025100708
6416562688.0,-1.0281002521514893
6417500160.0,-1.0367985963821411
6418437632.0,-1.0461180210113525
6419375104.0,-1.055064082145691
6420312576.0,-1.063315510749817
6421250048.0,-1.072913408279419
6422187520.0,-1.0805120468139648
6423124992.0,-1.0853549242019653
6424062464.0,-1.090714931488037
6424999936.0,-1.1082870960235596
6425937408.0,-1.1191617250442505
6426874880.0,-1.1304185390472412
6427812352.0,-1.139323115348816
6428749824.0,-1.1463382244110107
6429687296.0,-1.1524286270141602
6430624768.0,-1.1571465730667114
6431562752.0,-1.1603782176971436
6432500224.0,-1.1626198291778564
6433437696.0,-1.1616089344024658
6434375168.0,-1.1598483324050903
6435312640.0,-1.1582738161087036
6436250112.0,-1.1546516418457031
6437187584.0,-1.1510716676712036
6438125056.0,-1.1442266702651978
6439062528.0,-1.13629949092865
6440000000.0,-1.126250982284546
6440937472.0,-1.1167312860488892
6441874944.0,-1.1053636074066162
6442812416.0,-1.094657301902771
6443749888.0,-1.082901954650879
6444687360.0,-1.0714564323425293
6445624832.0,-1.0593550205230713
6446562304.0,-1.045186161994934
6447499776.0,-1.03337824344635
6448437248.0,-1.0220365524291992
6449375232.0,-1.0109626054763794
6450312704.0,-1.000583529472351
6451250176.0,-0.9904897212982178
6452187648.0,-0.9811883568763733
6453125120.0,-0.9721171259880066
6454062592.0,-0.9648182988166809
6455000064.0,-0.9575816988945007
6455937536.0,-0.950652539730072
6456875008.0,-0.9455944299697876
6457812480.0,-0.9406125545501709
6458749952.0,-0.935025691986084
6459687424.0,-0.9303069710731506
6460624896.0,-0.9257920980453491
6461562368.0,-0.9211333990097046
6462499840.0,-0.9171102643013
6463437312.0,-0.9144654273986816
6464374784.0,-0.9112449288368225
6465312256.0,-0.9087695479393005
6466250240.0,-0.9043376445770264
6467187712.0,-0.900705099105835
6468125184.0,-0.8976658582687378
6469062656.0,-0.8932088017463684
6470000128.0,-0.8890500664710999
6470937600.0,-0.8842033743858337
6471875072.0,-0.8797775506973267
6472812544.0,-0.8749397993087769
6473750016.0,-0.8716673254966736
6474687488.0,-0.8684859871864319
6475624960.0,-0.8657879829406738
6476562432.0,-0.8628321886062622
6477499904.0,-0.859257698059082
6478437376.0,-0.8575790524482727
6479374848.0,-0.8543432354927063
6480312320.0,-0.8524646162986755
6481249792.0,-0.8499523997306824
6482187264.0,-0.8483778834342957
6483125248.0,-0.847937285900116
6484062720.0,-0.8488665223121643
6485000192.0,-0.9509721398353577
6485937664.0,-0.957082211971283
6486875136.0,-0.9651030898094177
6487812608.0,-0.9721747040748596
6488750080.0,-0.9788461327552795
6489687552.0,-0.9861559867858887
6490625024.0,-0.9926358461380005
6491562496.0,-0.9983046054840088
6492499968.0,-1.0047943592071533
6493437440.0,-1.0091999769210815
6494374912.0,-1.01348078250885
6495312384.0,-1.0160354375839233
6496249856.0,-1.0197486877441406
6497187328.0,-1.0214447975158691
6498124800.0,-1.0238391160964966
6499062272.0,-1.025586485862732
6499999744.0,-1.0262038707733154
6500937728.0,-1.0265120267868042
6501875200.0,-1.025435209274292
6502812672.0,-1.0225193500518799
6503750144.0,-1.018955945968628
6504687616.0,-1.013767957687378
6505625088.0,-1.0072416067123413
6506562560.0,-0.9973809719085693
6507500032.0,-0.9900838136672974
6508437504.0,-0.9785011410713196
6509374976.0,-0.968304455280304
6510312448.0,-0.9566051363945007
6511249920.0,-0.9438462853431702
6512187392.0,-0.9311472773551941
6513124864.0,-0.9181060194969177
6514062336.0,-0.9050701856613159
6514999808.0,-0.8939232230186462
6515937280.0,-0.8811575770378113
6516874752.0,-0.8705432415008545
6517812736.0,-0.8599489331245422
6518750208.0,-0.8504021763801575
6519687680.0,-0.8421018123626709
6520625152.0,-0.8334847688674927
6521562624.0,-0.8256867527961731
6522500096.0,-0.8183985948562622
6523437568.0,-0.8118511438369751
6524375040.0,-0.8056396842002869
6525312512.0,-0.8003522157669067
6526249984.0,-0.7960805296897888
6527187456.0,-0.7935230731964111
6528124928.0,-0.7916038036346436
6529062400.0,-0.7911056876182556
6529999872.0,-0.7913492321968079
6530937344.0,-0.7920064330101013
6531874816.0,-0.7935374975204468
6532812288.0,-0.7977846264839172
6533749760.0,-0.8000473976135254
6534687744.0,-0.8031973242759705
6535625216.0,-0.8075075149536133
6536562688.0,-0.8114432096481323
6537500160.0,-0.8159112334251404
6538437632.0,-0.8218189477920532
6539375104.0,-0.8276846408843994
6540312576.0,-0.8339605331420898
6541250048.0,-0.8416019082069397
6542187520.0,-0.8491272330284119
6543124992.0,-0.8568498492240906
6544062464.0,-0.8648039698600769
6544999936.0,-0.8639608025550842
6545937408.0,-0.8687267899513245
6546874880.0,-0.8746253848075867
6547812352.0,-0.8787408471107483
6548749824.0,-0.8833385109901428
6549687296.0,-0.888009250164032
6550624768.0,-0.8921200633049011
6551562752.0,-0.89614337682724
6552500224.0,-0.9014439582824707
6553437696.0,-0.9062739014625549
6554375168.0,-0.9119783043861389
6555312640.0,-0.9181671738624573
6556250112.0,-0.9243465065956116
6557187584.0,-0.931544303894043
6558125056.0,-0.9395241737365723
6559062528.0,-0.9480007886886597
6560000000.0,-0.9572733044624329
6560937472.0,-0.9675494432449341
6561874944.0,-0.9790351390838623
6562812416.0,-0.989991307258606
6563749888.0,-1.0031849145889282
6564687360.0,-1.0160324573516846
6565624832.0,-1.0288246870040894
6566562304.0,-1.0430442094802856
6567499776.0,-1.057187557220459
6568437248.0,-1.0706932544708252
6569375232.0,-1.0858515501022339
6570312704.0,-1.1001547574996948
6571250176.0,-1.1133081912994385
6572187648.0,-1.1265126466751099
6573125120.0,-1.13914155960083
6574062592.0,-1.1501085758209229
6575000064.0,-1.160319447517395
6575937536.0,-1.1682441234588623
6576875008.0,-1.175889253616333
6577812480.0,-1.1828480958938599
6578749952.0,-1.1879087686538696
6579687424.0,-1.192147135734558
6580624896.0,-1.1952837705612183
6581562368.0,-1.1983345746994019
6582499840.0,-1.1999872922897339
6583437312.0,-1.1994173526763916
6584374784.0,-1.201061487197876
6585312256.0,-1.2006949186325073
6586250240.0,-1.1983497142791748
6587187712.0,-1.194809079170227
6588125184.0,-1.19246506690979
6589062656.0,-1.187300682067871
6590000128.0,-1.1829482316970825
6590937600.0,-1.1775527000427246
6591875072.0,-1.1723661422729492
6592812544.0,-1.166548728942871
6593750016.0,-1.1627439260482788
6594687488.0,-1.1578733921051025
6595624960.0,-1.1539874076843262
6596562432.0,-1.150944709777832
6597499904.0,-1.1472402811050415
6598437376.0,-1.145522952079773
6599374848.0,-1.1450852155685425
6600312320.0,-1.143737554550171
6601249792.0,-1.1427042484283447
6602187264.0,-1.1435126066207886
6603125248.0,-1.1442053318023682
6604062720.0,-1.1467996835708618
6605000192.0,-1.1433013677597046
6605937664.0,-1.1477086544036865
6606875136.0,-1.150655746459961
6607812608.0,-1.1528503894805908
6608750080.0,-1.1556814908981323
6609687552.0,-1.1592121124267578
6610625024.0,-1.1613638401031494
6611562496.0,-1.164511799812317
6612499968.0,-1.1685807704925537
6613437440.0,-1.1715890169143677
6614374912.0,-1.1758517026901245
6615312384.0,-1.1803630590438843
6616249856.0,-1.1854896545410156
6617187328.0,-1.1919045448303223
6618124800.0,-1.1967490911483765
6619062272.0,-1.2023296356201172
6620000256.0,-1.2078111171722412
6620937728.0,-1.2128164768218994
6621875200.0,-1.2186063528060913
6622812672.0,-1.2262780666351318
6623750144.0,-1.235657811164856
6624687616.0,-1.245771050453186
6625625088.0,-1.2600669860839844
6626562560.0,-1.2780762910842896
6627500032.0,-1.2965154647827148
6628437504.0,-1.3155571222305298
6629374976.0,-1.3352670669555664
6630312448.0,-1.354836344718933
6631249920.0,-1.375815749168396
6632187392.0,-1.3968760967254639
6633124864.0,-1.4187042713165283
6634062336.0,-1.4399213790893555
6634999808.0,-1.4617283344268799
6635937280.0,-1.4832104444503784
6636874752.0,-1.503288745880127
6637812736.0,-1.5240191221237183
6638750208.0,-1.5419114828109741
6639687680.0,-1.5607954263687134
6640625152.0,-1.5773594379425049
6641562624.0,-1.5928038358688354
6642500096.0,-1.6086485385894775
6643437568.0,-1.6211727857589722
6644375040.0,-1.634600281715393
6645312512.0,-1.6451330184936523
6646249984.0,-1.65354323387146
6647187456.0,-1.6633325815200806
6648124928.0,-1.669374942779541
6649062400.0,-1.6759165525436401
6649999872.0,-1.680752158164978
6650937344.0,-1.685713291168213
6651874816.0,-1.690621256828308
6652812288.0,-1.6960110664367676
6653749760.0,-1.697968602180481
6654687744.0,-1.7007962465286255
6655625216.0,-1.7029297351837158
6656562688.0,-1.7049381732940674
6657500160.0,-1.708358883857727
6658437632.0,-1.7130553722381592
6659375104.0,-1.7183176279067993
6660312576.0,-1.7243133783340454
6661250048.0,-1.7327932119369507
6662187520.0,-1.7437175512313843
6663124992.0,-1.7540017366409302
6664062464.0,-1.7675447463989258
6664999936.0,-1.7912685871124268
6665937408.0,-1.8047806024551392
6666874880.0,-1.8198106288909912
6667812352.0,-1.8359322547912598
6668749824.0,-1.852331280708313
6669687296.0,-1.8693115711212158
6670624768.0,-1.885148048400879
6671562752.0,-1.9014383554458618
6672500224.0,-1.9150952100753784
6673437696.0,-1.9284731149673462
6674375168.0,-1.9399689435958862
6675312640.0,-1.9506131410598755
6676250112.0,-1.9596682786941528
6677187584.0,-1.9656379222869873
6678125056.0,-1.9703516960144043
6679062528.0,-1.9732739925384521
6680000000.0,-1.9741543531417847
6680937472.0,-1.9732073545455933
6681874944.0,-1.9721043109893799
6682812416.0,-1.9691880941390991
6683749888.0,-1.9686366319656372
6684687360.0,-1.9675719738006592
6685624832.0,-1.9673479795455933
6686562304.0,-1.9672318696975708
6687499776.0,-1.967943787574768
6688437248.0,-1.9685755968093872
6689375232.0,-1.9713938236236572
6690312704.0,-1.9737505912780762
6691250176.0,-1.977964162826538
6692187648.0,-1.9836379289627075
6693125120.0,-1.9943748712539673
6694062592.0,-2.00449275970459
6695000064.0,-2.0180728435516357
6695937536.0,-2.0339930057525635
6696875008.0,-2.049436092376709
6697812480.0,-2.0665781497955322
6698749952.0,-2.0859477519989014
6699687424.0,-2.106663942337036
6700624896.0,-2.1281678676605225
6701562368.0,-2.150947093963623
6702499840.0,-2.174666166305542
6703437312.0,-2.199605941772461
6704374784.0,-2.224618434906006
6705312256.0,-2.2494678497314453
6706250240.0,-2.2729673385620117
6707187712.0,-2.2968223094940186
6708125184.0,-2.31955623626709
6709062656.0,-2.340489387512207
6710000128.0,-2.3613126277923584
6710937600.0,-2.3791861534118652
6711875072.0,-2.396552801132202
6712812544.0,-2.4120523929595947
6713750016.0,-2.4244742393493652
6714687488.0,-2.4328341484069824
6715624960.0,-2.436878204345703
6716562432.0,-2.4378459453582764
6717499904.0,-2.438434362411499
6718437376.0,-2.43674635887146
6719374848.0,-2.4349148273468018
6720312320.0,-2.4325027465820312
6721249792.0,-2.4304797649383545
6722187264.0,-2.426983118057251
6723125248.0,-2.425781011581421
6724062720.0,-2.4254555702209473
6725000192.0,-2.4031198024749756
6725937664.0,-2.4065029621124268
6726875136.0,-2.4140801429748535
6727812608.0,-2.420924425125122
6728750080.0,-2.4299442768096924
6729687552.0,-2.442139148712158
6730625024.0,-2.452378034591675
6731562496.0,-2.463038921356201
6732499968.0,-2.4774603843688965
6733437440.0,-2.4925055503845215
6734374912.0,-2.5103862285614014
6735312384.0,-2.52970290184021
6736249856.0,-2.552130937576294
6737187328.0,-2.5762946605682373
6738124800.0,-2.6012625694274902
6739062272.0,-2.629567861557007
6739999744.0,-2.658993721008301
6740937728.0,-2.69212007522583
6741875200.0,-2.7258527278900146
6742812672.0,-2.761712074279785
6743750144.0,-2.798084020614624
6744687616.0,-2.8338375091552734
6745625088.0,-2.8702640533447266
6746562560.0,-2.904588222503662
6747500032.0,-2.937587022781372
6748437504.0,-2.968921422958374
6749374976.0,-2.997036933898926
6750312448.0,-3.022857189178467
6751249920.0,-3.0467333793640137
6752187392.0,-3.071848154067993
6753124864.0,-3.0894367694854736
6754062336.0,-3.1019177436828613
6754999808.0,-3.110893487930298
6755937280.0,-3.116032361984253
6756874752.0,-3.1155588626861572
6757812736.0,-3.113983154296875
6758750208.0,-3.108238458633423
6759687680.0,-3.099088191986084
6760625152.0,-3.085925579071045
6761562624.0,-3.067187786102295
6762500096.0,-3.045039415359497
6763437568.0,-3.0158088207244873
6764375040.0,-2.981654405593872
6765312512.0,-2.9418649673461914
6766249984.0,-2.8963472843170166
6767187456.0,-2.8449792861938477
6768124928.0,-2.7908172607421875
6769062400.0,-2.7313005924224854
6769999872.0,-2.6697211265563965
6770937344.0,-2.606218099594116
6771874816.0,-2.5420610904693604
6772812288.0,-2.4761335849761963
6773749760.0,-2.4108293056488037
6774687744.0,-2.347059488296509
6775625216.0,-2.2822988033294678
6776562688.0,-2.220273494720459
6777500160.0,-2.159874439239502
6778437632.0,-2.104936122894287
6779375104.0,-2.0528011322021484
6780312576.0,-2.0037739276885986
6781250048.0,-1.9590084552764893
6782187520.0,-1.9183405637741089
6783124992.0,-1.8819838762283325
6784062464.0,-1.848510503768921
6784999936.0,-2.298948049545288
6785937408.0,-2.2809343338012695
6786874880.0,-2.2638704776763916
6787812352.0,-2.249444007873535
6788749824.0,-2.2354462146759033
6789687296.0,-2.224140167236328
6790624768.0,-2.2119104862213135
6791562752.0,-2.201749563217163
6792500224.0,-2.192373275756836
6793437696.0,-2.184676170349121
6794375168.0,-2.177940607070923
6795312640.0,-2.1732089519500732
6796250112.0,-2.1697349548339844
6797187584.0,-2.167191982269287
6798125056.0,-2.1665334701538086
6799062528.0,-2.1676785945892334
6800000000.0,-2.170071840286255
6800937472.0,-2.174119234085083
6801874944.0,-2.1809961795806885
6802812416.0,-2.1899750232696533
6803749888.0,-2.2044970989227295
6804687360.0,-2.2204878330230713
6805624832.0,-2.238621950149536
6806562304.0,-2.2587807178497314
6807499776.0,-2.2813405990600586
6808437248.0,-2.3041672706604004
6809375232.0,-2.327679395675659
6810312704.0,-2.3481686115264893
6811250176.0,-2.3684918880462646
6812187648.0,-2.3867745399475098
6813125120.0,-2.4021730422973633
6814062592.0,-2.416259527206421
6815000064.0,-2.4266035556793213
6815937536.0,-2.436985969543457
6816875008.0,-2.443204879760742
6817812480.0,-2.4493167400360107
6818749952.0,-2.45137882232666
6819687424.0,-2.4490747451782227
6820624896.0,-2.4435644149780273
6821562368.0,-2.4323782920837402
6822499840.0,-2.4175050258636475
6823437312.0,-2.3971638679504395
6824374784.0,-2.3749353885650635
6825312256.0,-2.3463809490203857
6826250240.0,-2.3161795139312744
6827187712.0,-2.285029649734497
6828125184.0,-2.252622127532959
6829062656.0,-2.2172255516052246
6830000128.0,-2.1794939041137695
6830937600.0,-2.1412417888641357
6831875072.0,-2.1021549701690674
6832812544.0,-2.060929775238037
6833750016.0,-2.0186045169830322
6834687488.0,-1.9754199981689453
6835624960.0,-1.931993842124939
6836562432.0,-1.8889530897140503
6837499904.0,-1.8472095727920532
6838437376.0,-1.8073400259017944
6839374848.0,-1.7700777053833008
6840312320.0,-1.7338321208953857
6841249792.0,-1.700235366821289
6842187264.0,-1.6676830053329468
6843125248.0,-1.6390811204910278
6844062720.0,-1.6108341217041016
6845000192.0,-1.5069490671157837
6845937664.0,-1.4802051782608032
6846875136.0,-1.4556299448013306
6847812608.0,-1.433315634727478
6848750080.0,-1.4153804779052734
6849687552.0,-1.3999415636062622
6850625024.0,-1.3862440586090088
6851562496.0,-1.3759649991989136
6852499968.0,-1.368499517440796
6853437440.0,-1.3638345003128052
6854374912.0,-1.359677791595459
6855312384.0,-1.3587477207183838
6856249856.0,-1.360274314880371
6857187328.0,-1.364305853843689
6858124800.0,-1.3699445724487305
6859062272.0,-1.3797192573547363
6860000256.0,-1.3904305696487427
6860937728.0,-1.402324914932251
6861875200.0,-1.4177318811416626
6862812672.0,-1.4332891702651978
6863750144.0,-1.4505029916763306
6864687616.0,-1.4680891036987305
6865625088.0,-1.4882781505584717
6866562560.0,-1.5084787607192993
6867500032.0,-1.5287895202636719
6868437504.0,-1.5480493307113647
6869374976.0,-1.5658291578292847
6870312448.0,-1.5825259685516357
6871249920.0,-1.5990153551101685
6872187392.0,-1.6126850843429565
6873124864.0,-1.6242082118988037
6874062336.0,-1.6337988376617432
6874999808.0,-1.6388075351715088
6875937280.0,-1.6432620286941528
6876874752.0,-1.6443203687667847
6877812736.0,-1.6423759460449219
6878750208.0,-1.6358071565628052
6879687680.0,-1.628044843673706
6880625152.0,-1.6169567108154297
6881562624.0,-1.6020591259002686
6882500096.0,-1.5838724374771118
6883437568.0,-1.5623546838760376
6884375040.0,-1.540665626525879
6885312512.0,-1.5160073041915894
6886249984.0,-1.490142583847046
6887187456.0,-1.4606438875198364
6888124928.0,-1.4318922758102417
6889062400.0,-1.401558756828308
6889999872.0,-1.372382402420044
6890937344.0,-1.3418406248092651
6891874816.0,-1.3115582466125488
6892812288.0,-1.2804780006408691
6893749760.0,-1.249750018119812
6894687744.0,-1.219216227531433
6895625216.0,-1.1902050971984863
6896562688.0,-1.1616796255111694
6897500160.0,-1.1332919597625732
6898437632.0,-1.108748197555542
6899375104.0,-1.0848475694656372
6900312576.0,-1.0630276203155518
6901250048.0,-1.0427221059799194
6902187520.0,-1.0239098072052002
6903124992.0,-1.006513237953186
6904062464.0,-0.9898923635482788
6904999936.0,-0.9861096143722534
6905937408.0,-0.9815988540649414
6906874880.0,-0.9801738858222961
6907812352.0,-0.9790132641792297
6908749824.0,-0.9811128377914429
6909687296.0,-0.9825179576873779
6910624768.0,-0.9860407114028931
6911562752.0,-0.9910468459129333
6912500224.0,-0.9953299760818481
6913437696.0,-1.0004068613052368
6914375168.0,-1.005845069885254
6915312640.0,-1.011412501335144
6916250112.0,-1.0160940885543823
6917187584.0,-1.0210199356079102
6918125056.0,-1.0232393741607666
6919062528.0,-1.0242656469345093
6920000000.0,-1.023734450340271
6920937472.0,-1.0216052532196045
6921874944.0,-1.0173088312149048
6922812416.0,-1.0107700824737549
6923749888.0,-1.003105878829956
6924687360.0,-0.9934903383255005
6925624832.0,-0.981687068939209
6926562304.0,-0.9675431251525879
6927499776.0,-0.9515916109085083
6928437248.0,-0.9350501298904419
6929375232.0,-0.9165815711021423
6930312704.0,-0.899029016494751
6931250176.0,-0.8788423538208008
6932187648.0,-0.8597238659858704
6933125120.0,-0.8382075428962708
6934062592.0,-0.8166395425796509
6935000064.0,-0.7934166193008423
6935937536.0,-0.7704460620880127
6936875008.0,-0.747627854347229
6937812480.0,-0.7259225845336914
6938749952.0,-0.7025402188301086
6939687424.0,-0.6812571287155151
6940624896.0,-0.6595472097396851
6941562368.0,-0.6390172839164734
6942499840.0,-0.621313214302063
6943437312.0,-0.6038358211517334
6944374784.0,-0.5879128575325012
6945312256.0,-0.5741848349571228
6946250240.0,-0.5619337558746338
6947187712.0,-0.5520910620689392
6948125184.0,-0.5440657138824463
6949062656.0,-0.5381921529769897
6950000128.0,-0.5333102345466614
6950937600.0,-0.5303458571434021
6951875072.0,-0.5295509696006775
6952812544.0,-0.529113233089447
6953750016.0,-0.5297517776489258
6954687488.0,-0.5308321118354797
6955624960.0,-0.5345412492752075
6956562432.0,-0.5404512286186218
6957499904.0,-0.5482049584388733
6958437376.0,-0.5565738677978516
6959374848.0,-0.5655848383903503
6960312320.0,-0.5747441649436951
6961249792.0,-0.5850551724433899
6962187264.0,-0.59432053565979
6963125248.0,-0.6055817604064941
6964062720.0,-0.6157363653182983
6965000192.0,-0.5242088437080383
6965937664.0,-0.5320531129837036
6966875136.0,-0.5402854681015015
6967812608.0,-0.5490418672561646
6968750080.0,-0.558158278465271
6969687552.0,-0.5686072707176208
6970625024.0,-0.5789549946784973
6971562496.0,-0.5910580158233643
6972499968.0,-0.6016483306884766
6973437440.0,-0.6139761209487915
6974374912.0,-0.6266723275184631
6975312384.0,-0.638982892036438
6976249856.0,-0.6509886980056763
6977187328.0,-0.6639808416366577
6978124800.0,-0.676691472530365
6979062272.0,-0.6884683966636658
6979999744.0,-0.7016319632530212
6980937728.0,-0.7133054137229919
6981875200.0,-0.7237895727157593
6982812672.0,-0.7330862879753113
6983750144.0,-0.742424726486206
6984687616.0,-0.7509267926216125
6985625088.0,-0.7594314217567444
6986562560.0,-0.7670629620552063
6987500032.0,-0.7732826471328735
6988437504.0,-0.7784390449523926
6989374976.0,-0.782604992389679
6990312448.0,-0.7866244316101074
6991249920.0,-0.7883210182189941
6992187392.0,-0.7894083261489868
6993124864.0,-0.7898638248443604
6994062336.0,-0.787766695022583
6994999808.0,-0.7868147492408752
6995937280.0,-0.7830633521080017
6996874752.0,-0.7776339650154114
6997812736.0,-0.7712106704711914
6998750208.0,-0.7632781267166138
6999687680.0,-0.7545220851898193
7000625152.0,-0.7440829873085022
7001562624.0,-0.733585774898529
7002500096.0,-0.7217966914176941
7003437568.0,-0.7101857662200928
7004375040.0,-0.6980887651443481
7005312512.0,-0.6850035190582275
7006249984.0,-0.6714872121810913
7007187456.0,-0.6560109257698059
7008124928.0,-0.6376475691795349
7009062400.0,-0.6212129592895508
7009999872.0,-0.6038157343864441
7010937344.0,-0.5867484211921692
7011874816.0,-0.56941819190979
7012812288.0,-0.5524009466171265
7013749760.0,-0.5366494655609131
7014687744.0,-0.5204043388366699
7015625216.0,-0.503413736820221
7016562688.0,-0.48795050382614136
7017500160.0,-0.472184956073761
7018437632.0,-0.45830264687538147
7019375104.0,-0.4435361921787262
7020312576.0,-0.43223291635513306
7021250048.0,-0.42104533314704895
7022187520.0,-0.40817588567733765
7023124992.0,-0.398398756980896
7024062464.0,-0.38655754923820496
7024999936.0,-0.29532894492149353
7025937408.0,-0.2967540919780731
7026874880.0,-0.30051690340042114
7027812352.0,-0.30467692017555237
7028749824.0,-0.3099132478237152
7029687296.0,-0.31583088636398315
7030624768.0,-0.32203683257102966
7031562752.0,-0.3290676176548004
7032500224.0,-0.33876916766166687
7033437696.0,-0.3489096164703369
7034375168.0,-0.3612856864929199
7035312640.0,-0.3723561465740204
7036250112.0,-0.385265052318573
7037187584.0,-0.3968067765235901
7038125056.0,-0.41071653366088867
7039062528.0,-0.4236418306827545
7040000000.0,-0.43709954619407654
7040937472.0,-0.4512917101383209
7041874944.0,-0.46428701281547546
7042812416.0,-0.47723501920700073
7043749888.0,-0.48956313729286194
7044687360.0,-0.5027329325675964
7045624832.0,-0.5145893692970276
7046562304.0,-0.5257187485694885
7047499776.0,-0.5363348722457886
7048437248.0,-0.546349287033081
7049375232.0,-0.5563658475875854
7050312704.0,-0.5650011301040649
7051250176.0,-0.5715848803520203
7052187648.0,-0.5769174098968506
7053125120.0,-0.5818307995796204
7054062592.0,-0.5848970413208008
7055000064.0,-0.5872950553894043
7055937536.0,-0.5880460143089294
7056875008.0,-0.588464081287384
7057812480.0,-0.5875357389450073
7058749952.0,-0.5880452990531921
7059687424.0,-0.5872785449028015
7060624896.0,-0.5863295197486877
7061562368.0,-0.5834949016571045
7062499840.0,-0.579323947429657
7063437312.0,-0.5729416012763977
7064374784.0,-0.5662530064582825
7065312256.0,-0.558512806892395
7066250240.0,-0.5501667857170105
7067187712.0,-0.5405551195144653
7068125184.0,-0.5301563143730164
7069062656.0,-0.5193843245506287
7070000128.0,-0.505915105342865
7070937600.0,-0.4952344000339508
7071875072.0,-0.48206308484077454
7072812544.0,-0.46902650594711304
7073750016.0,-0.4546104073524475
7074687488.0,-0.44138360023498535
7075624960.0,-0.42681169509887695
7076562432.0,-0.4123915433883667
7077499904.0,-0.39757058024406433
7078437376.0,-0.38196390867233276
7079374848.0,-0.36691561341285706
7080312320.0,-0.3516550660133362
7081249792.0,-0.33698171377182007
7082187264.0,-0.3209131360054016
7083125248.0,-0.3063797652721405
7084062720.0,-0.2916068136692047
7085000192.0,-0.35580959916114807
7085937664.0,-0.3456212878227234
7086875136.0,-0.3347971737384796
7087812608.0,-0.32523947954177856
7088750080.0,-0.31633856892585754
7089687552.0,-0.3080534338951111
7090625024.0,-0.2996775507926941
7091562496.0,-0.29314810037612915
7092499968.0,-0.28673648834228516
7093437440.0,-0.2809438109397888
7094374912.0,-0.27615898847579956
7095312384.0,-0.2724851369857788
7096249856.0,-0.2694528102874756
7097187328.0,-0.267910361289978
7098124800.0,-0.26718461513519287
7099062272.0,-0.2692830264568329
7100000256.0,-0.27178922295570374
7100937728.0,-0.277317613363266
7101875200.0,-0.28318336606025696
7102812672.0,-0.2906326651573181
7103750144.0,-0.299178808927536
7104687616.0,-0.3104584515094757
7105625088.0,-0.32199332118034363
7106562560.0,-0.3370484709739685
7107500032.0,-0.3523649275302887
7108437504.0,-0.3688729405403137
7109374976.0,-0.38830170035362244
7110312448.0,-0.4087919592857361
7111249920.0,-0.4297431409358978
7112187392.0,-0.45205166935920715
7113124864.0,-0.47549816966056824
7114062336.0,-0.49785560369491577
7114999808.0,-0.5203823447227478
7115937280.0,-0.5423434972763062
7116874752.0,-0.5638510584831238
7117812736.0,-0.5854596495628357
7118750208.0,-0.6063940525054932
7119687680.0,-0.6261277198791504
7120625152.0,-0.6458165645599365
7121562624.0,-0.6643010377883911
7122500096.0,-0.6805123090744019
7123437568.0,-0.6967337131500244
7124375040.0,-0.7103320360183716
7125312512.0,-0.7219451665878296
7126249984.0,-0.731332540512085
7127187456.0,-0.7387406826019287
7128124928.0,-0.7446191906929016
7129062400.0,-0.7476475834846497
7129999872.0,-0.748939573764801
7130937344.0,-0.7481966614723206
7131874816.0,-0.7440307140350342
7132812288.0,-0.7365463376045227
7133749760.0,-0.7294854521751404
7134687744.0,-0.7211158871650696
7135625216.0,-0.7094786167144775
7136562688.0,-0.6960384845733643
7137500160.0,-0.6815436482429504
7138437632.0,-0.6651103496551514
7139375104.0,-0.647881805896759
7140312576.0,-0.6288672685623169
7141250048.0,-0.6081069707870483
7142187520.0,-0.5865625739097595
7143124992.0,-0.5653983354568481
7144062464.0,-0.42634016275405884
7144999936.0,-0.4231916666030884
7145937408.0,-0.42084330320358276
7146874880.0,-0.4173082411289215
7147812352.0,-0.4149700105190277
7148749824.0,-0.4111625850200653
7149687296.0,-0.40796899795532227
7150624768.0,-0.4055095613002777
7151562752.0,-0.40407389402389526
7152500224.0,-0.4030315577983856
7153437696.0,-0.4040882885456085
7154375168.0,-0.4050818681716919
7155312640.0,-0.4073798954486847
7156250112.0,-0.4125829041004181
7157187584.0,-0.41808611154556274
7158125056.0,-0.4258207082748413
7159062528.0,-0.4346499443054199
7160000000.0,-0.4425923824310303
7160937472.0,-0.4483290910720825
7161874944.0,-0.45751556754112244
7162812416.0,-0.4659459590911865
7163749888.0,-0.4748939573764801
7164687360.0,-0.48471835255622864
7165624832.0,-0.4953795373439789
7166562304.0,-0.5053569078445435
7167499776.0,-0.5162606239318848
7168437248.0,-0.5270816683769226
7169375232.0,-0.5359897017478943
7170312704.0,-0.545013964176178
7171250176.0,-0.5527530312538147
7172187648.0,-0.5611242651939392
7173125120.0,-0.5671898722648621
7174062592.0,-0.5716288685798645
7175000064.0,-0.5745112299919128
7175937536.0,-0.5761867165565491
7176875008.0,-0.5761067867279053
7177812480.0,-0.5743996500968933
7178749952.0,-0.5711694955825806
7179687424.0,-0.5654802918434143
7180624896.0,-0.5590593814849854
7181562368.0,-0.5513273477554321
7182499840.0,-0.5419807434082031
7183437312.0,-0.5318799018859863
7184374784.0,-0.5202425718307495
7185312256.0,-0.5063270330429077
7186250240.0,-0.4896632134914398
7187187712.0,-0.4727506935596466
7188125184.0,-0.45381009578704834
7189062656.0,-0.43491682410240173
7190000128.0,-0.4144279360771179
7190937600.0,-0.3956367075443268
7191875072.0,-0.37546801567077637
7192812544.0,-0.3558792173862457
7193750016.0,-0.33504292368888855
7194687488.0,-0.3172334134578705
7195624960.0,-0.2997892200946808
7196562432.0,-0.28266850113868713
7197499904.0,-0.2655184268951416
7198437376.0,-0.2509042024612427
7199374848.0,-0.23726676404476166
7200312320.0,-0.22539624571800232
7201249792.0,-0.21600104868412018
7202187264.0,-0.20843102037906647
7203125248.0,-0.20384354889392853
7204062720.0,-0.30265507102012634
7205000192.0,-0.31327131390571594
7205937664.0,-0.3278493881225586
7206875136.0,-0.34438642859458923
7207812608.0,-0.36534383893013
7208750080.0,-0.38704821467399597
7209687552.0,-0.41148272156715393
7210625024.0,-0.4393320381641388
7211562496.0,-0.4707004129886627
7212499968.0,-0.5020344257354736
7213437440.0,-0.5366519093513489
7214374912.0,-0.5694875121116638
7215312384.0,-0.6050605177879333
7216249856.0,-0.6389521360397339
7217187328.0,-0.6727617383003235
7218124800.0,-0.7067111134529114
7219062272.0,-0.736648678779602
7219999744.0,-0.7666565775871277
7220937728.0,-0.7927951812744141
7221875200.0,-0.8162953853607178
7222812672.0,-0.8387730121612549
7223750144.0,-0.8555565476417542
7224687616.0,-0.8691978454589844
7225625088.0,-0.8780360817909241
7226562560.0,-0.884049654006958
7227500032.0,-0.8842546939849854
7228437504.0,-0.8802871704101562
7229374976.0,-0.8714352250099182
7230312448.0,-0.8597655892372131
7231249920.0,-0.8419821858406067
7232187392.0,-0.8206197023391724
7233124864.0,-0.7958431839942932
7234062336.0,-0.7662698030471802
7234999808.0,-0.7340396642684937
7235937280.0,-0.6999606490135193
7236874752.0,-0.6647542715072632
7237812736.0,-0.6268243193626404
7238750208.0,-0.5878037810325623
7239687680.0,-0.5483247637748718
7240625152.0,-0.5074407458305359
7241562624.0,-0.46521151065826416
7242500096.0,-0.4225127398967743
7243437568.0,-0.37923598289489746
7244375040.0,-0.33777984976768494
7245312512.0,-0.2941860258579254
7246249984.0,-0.2538554072380066
7247187456.0,-0.2142464816570282
7248124928.0,-0.17681731283664703
7249062400.0,-0.1411341428756714
7249999872.0,-0.10981131345033646
7250937344.0,-0.07939982414245605
7251874816.0,-0.05398397147655487
7252812288.0,-0.030719760805368423
7253749760.0,-0.009904577396810055
7254687744.0,0.006792184431105852
7255625216.0,0.01957656815648079
7256562688.0,0.027703532949090004
7257500160.0,0.03302045166492462
7258437632.0,0.033259376883506775
7259375104.0,0.028893446549773216
7260312576.0,0.020209642127156258
7261250048.0,0.007263353560119867
7262187520.0,-0.011067632585763931
7263124992.0,-0.03178810328245163
7264062464.0,-0.3138079047203064
7264999936.0,-0.3103713393211365
7265937408.0,-0.3089601695537567
7266874880.0,-0.3084115982055664
7267812352.0,-0.31146371364593506
7268749824.0,-0.31620433926582336
7269687296.0,-0.3238186240196228
7270624768.0,-0.33161821961402893
7271562752.0,-0.3427777886390686
7272500224.0,-0.35564079880714417
7273437696.0,-0.36952221393585205
7274375168.0,-0.38487789034843445
7275312640.0,-0.40086761116981506
7276250112.0,-0.4184768795967102
7277187584.0,-0.4357275068759918
7278125056.0,-0.4512914717197418
7279062528.0,-0.46846017241477966
7280000000.0,-0.48293641209602356
7280937472.0,-0.4969937205314636
7281874944.0,-0.5088488459587097
7282812416.0,-0.5198244452476501
7283749888.0,-0.5272648930549622
7284687360.0,-0.5338523387908936
7285624832.0,-0.5367574691772461
7286562304.0,-0.5387997031211853
7287499776.0,-0.5394471883773804
7288437248.0,-0.5392998456954956
7289375232.0,-0.5370408892631531
7290312704.0,-0.5333361029624939
7291250176.0,-0.525553822517395
7292187648.0,-0.5173894166946411
7293125120.0,-0.5060451030731201
7294062592.0,-0.4927183985710144
7295000064.0,-0.47901391983032227
7295937536.0,-0.4627566635608673
7296875008.0,-0.4458937644958496
7297812480.0,-0.4285185635089874
7298749952.0,-0.41004514694213867
7299687424.0,-0.39126095175743103
7300624896.0,-0.3726825416088104
7301562368.0,-0.35485193133354187
7302499840.0,-0.3355163335800171
7303437312.0,-0.3195406198501587
7304374784.0,-0.30293941497802734
7305312256.0,-0.2892562747001648
7306250240.0,-0.27548494935035706
7307187712.0,-0.2627824544906616
7308125184.0,-0.2530384659767151
7309062656.0,-0.24330568313598633
7310000128.0,-0.23533785343170166
7310937600.0,-0.22845228016376495
7311875072.0,-0.2224142849445343
7312812544.0,-0.21921083331108093
7313750016.0,-0.21685750782489777
7314687488.0,-0.2155296802520752
7315624960.0,-0.21588927507400513
7316562432.0,-0.21565671265125275
7317499904.0,-0.21520482003688812
7318437376.0,-0.21401198208332062
7319374848.0,-0.21221598982810974
7320312320.0,-0.20875224471092224
7321249792.0,-0.2054276168346405
7322187264.0,-0.1991748809814453
7323125248.0,-0.1908019483089447
7324062720.0,-0.3354533016681671
7325000192.0,-0.3146849274635315
7325937664.0,-0.2908848524093628
7326875136.0,-0.26606640219688416
7327812608.0,-0.23961976170539856
7328750080.0,-0.21158131957054138
7329687552.0,-0.18408724665641785
7330625024.0,-0.1566758155822754
7331562496.0,-0.1294526606798172
7332499968.0,-0.1063794195652008
7333437440.0,-0.08436695486307144
7334374912.0,-0.06573167443275452
7335312384.0,-0.051200609654188156
7336249856.0,-0.041451435536146164
7337187328.0,-0.03595781326293945
7338124800.0,-0.035545434802770615
7339062272.0,-0.037001833319664
7340000256.0,-0.04258226975798607
7340937728.0,-0.052689168602228165
7341875200.0,-0.06868234276771545
7342812672.0,-0.08691854774951935
7343750144.0,-0.10865390300750732
7344687616.0,-0.1336543709039688
7345625088.0,-0.15970949828624725
7346562560.0,-0.1850346475839615
7347500032.0,-0.21177728474140167
7348437504.0,-0.23615863919258118
7349374976.0,-0.25797414779663086
7350312448.0,-0.27845999598503113
7351249920.0,-0.29575687646865845
7352187392.0,-0.3074333965778351
7353124864.0,-0.3151019513607025
7354062336.0,-0.3194756507873535
7354999808.0,-0.31729546189308167
7355937280.0,-0.3119506537914276
7356874752.0,-0.3003659248352051
7357812736.0,-0.2850008010864258
7358750208.0,-0.2643032371997833
7359687680.0,-0.24010290205478668
7360625152.0,-0.21334104239940643
7361562624.0,-0.1834295392036438
7362500096.0,-0.15179535746574402
7363437568.0,-0.11936309933662415
7364375040.0,-0.08375418186187744
7365312512.0,-0.0511460117995739
7366249984.0,-0.018614735454320908
7367187456.0,0.010247592814266682
7368124928.0,0.036165446043014526
7369062400.0,0.057984400540590286
7369999872.0,0.07554558664560318
7370937344.0,0.08965810388326645
7371874816.0,0.09950929135084152
7372812288.0,0.10655882209539413
7373749760.0,0.11065081506967545
7374687744.0,0.1144079938530922
7375625216.0,0.11650367081165314
7376562688.0,0.1172327920794487
7377500160.0,0.11678194254636765
7378437632.0,0.11547660827636719
7379375104.0,0.11285927891731262
7380312576.0,0.10874532908201218
7381250048.0,0.1045031026005745
7382187520.0,0.09781575947999954
7383124992.0,0.09068509936332703
7384062464.0,-0.21729382872581482
7384999936.0,-0.2351769059896469
7385937408.0,-0.2530256509780884
7386874880.0,-0.27008455991744995
7387812352.0,-0.28767088055610657
7388749824.0,-0.3039233386516571
7389687296.0,-0.31740128993988037
7390624768.0,-0.32932499051094055
7391562752.0,-0.3390696346759796
7392500224.0,-0.34692180156707764
7393437696.0,-0.35137128829956055
7394375168.0,-0.3527360260486603
7395312640.0,-0.350185364484787
7396250112.0,-0.3439953327178955
7397187584.0,-0.3355664908885956
7398125056.0,-0.32158908247947693
7399062528.0,-0.3058258593082428
7400000000.0,-0.2847614288330078
7400937472.0,-0.2615053057670593
7401874944.0,-0.23470216989517212
7402812416.0,-0.2052665501832962
7403749888.0,-0.17457443475723267
7404687360.0,-0.1404036581516266
7405624832.0,-0.10526897758245468
7406562304.0,-0.06868690997362137
7407499776.0,-0.03178759664297104
7408437248.0,0.005695357918739319
7409375232.0,0.04190918803215027
7410312704.0,0.07800214737653732
7411250176.0,0.11318430304527283
7412187648.0,0.14581960439682007
7413125120.0,0.1764621138572693
7414062592.0,0.20562028884887695
7415000064.0,0.2316635549068451
7415937536.0,0.25523048639297485
7416875008.0,0.27615782618522644
7417812480.0,0.29227304458618164
7418749952.0,0.30753836035728455
7419687424.0,0.31738099455833435
7420624896.0,0.3231631815433502
7421562368.0,0.3263412415981293
7422499840.0,0.32480552792549133
7423437312.0,0.3203400671482086
7424374784.0,0.3111453056335449
7425312256.0,0.2998504340648651
7426250240.0,0.2857206165790558
7427187712.0,0.2668815851211548
7428125184.0,0.24792994558811188
7429062656.0,0.22379334270954132
7430000128.0,0.19908422231674194
7430937600.0,0.17280390858650208
7431875072.0,0.14331766963005066
7432812544.0,0.1135273426771164
7433750016.0,0.08395812660455704
7434687488.0,0.0513804629445076
7435624960.0,0.021382207050919533
7436562432.0,-0.010972511023283005
7437499904.0,-0.04153858870267868
7438437376.0,-0.07226504385471344
7439374848.0,-0.1012367382645607
7440312320.0,-0.13172204792499542
7441249792.0,-0.15977640450000763
7442187264.0,-0.18721544742584229
7443125248.0,-0.2138931006193161
7444062720.0,0.032499268651008606
7445000192.0,0.01774486154317856
7445937664.0,0.0027272915467619896
7446875136.0,-0.014306268654763699
7447812608.0,-0.03139468654990196
7448750080.0,-0.04846194013953209
7449687552.0,-0.06471693515777588
7450625024.0,-0.07955816388130188
7451562496.0,-0.09399208426475525
7452499968.0,-0.10674173384904861
7453437440.0,-0.11800093948841095
7454374912.0,-0.12715768814086914
7455312384.0,-0.13288584351539612
7456249856.0,-0.13854719698429108
7457187328.0,-0.1393193006515503
7458124800.0,-0.13914668560028076
7459062272.0,-0.13697825372219086
7459999744.0,-0.1324070394039154
7460937728.0,-0.12628953158855438
7461875200.0,-0.11889465153217316
7462812672.0,-0.1098848432302475
7463750144.0,-0.10003840923309326
7464687616.0,-0.09045932441949844
7465625088.0,-0.08148076385259628
7466562560.0,-0.07355179637670517
7467500032.0,-0.06535567343235016
7468437504.0,-0.05757831409573555
7469374976.0,-0.049280259758234024
7470312448.0,-0.043302569538354874
7471249920.0,-0.03730735927820206
7472187392.0,-0.03246054798364639
7473124864.0,-0.029294805601239204
7474062336.0,-0.02670246921479702
7474999808.0,-0.02661050856113434
7475937280.0,-0.02857663296163082
7476874752.0,-0.03095332719385624
7477812736.0,-0.03529565408825874
7478750208.0,-0.04045318439602852
7479687680.0,-0.047856155782938004
7480625152.0,-0.054529014974832535
7481562624.0,-0.06497842073440552
7482500096.0,-0.07478344440460205
7483437568.0,-0.08592472225427628
7484375040.0,-0.09626221656799316
7485312512.0,-0.10779142379760742
7486249984.0,-0.11852320283651352
7487187456.0,-0.12958094477653503
7488124928.0,-0.14040637016296387
7489062400.0,-0.15003444254398346
7489999872.0,-0.15853182971477509
7490937344.0,-0.1644556075334549
7491874816.0,-0.16974015533924103
7492812288.0,-0.1737929880619049
7493749760.0,-0.17594271898269653
7494687744.0,-0.1748756766319275
7495625216.0,-0.17363794147968292
7496562688.0,-0.1698656529188156
7497500160.0,-0.16488653421401978
7498437632.0,-0.15874533355236053
7499375104.0,-0.14936068654060364
7500312576.0,-0.1389676034450531
7501250048.0,-0.12911465764045715
7502187520.0,-0.11815864592790604
7503124992.0,-0.10734828561544418
7504062464.0,-0.10183531790971756
7504999936.0,-0.07536081224679947
7505937408.0,-0.05275997519493103
7506874880.0,-0.03144943341612816
7507812352.0,-0.014327500946819782
7508749824.0,-0.0022894705180078745
7509687296.0,0.007280923891812563
7510624768.0,0.013287484645843506
7511562752.0,0.013586632907390594
7512500224.0,0.009783471003174782
7513437696.0,0.005666433833539486
7514375168.0,-0.004709251690655947
7515312640.0,-0.01586468704044819
7516250112.0,-0.02883293479681015
7517187584.0,-0.041502419859170914
7518125056.0,-0.05681412294507027
7519062528.0,-0.07042508572340012
7520000000.0,-0.0854819118976593
7520937472.0,-0.10146154463291168
7521874944.0,-0.11430872231721878
7522812416.0,-0.12637238204479218
7523749888.0,-0.13691747188568115
7524687360.0,-0.14419415593147278
7525624832.0,-0.15040893852710724
7526562304.0,-0.1520674228668213
7527499776.0,-0.1520046591758728
7528437248.0,-0.14873915910720825
7529375232.0,-0.14342378079891205
7530312704.0,-0.13496838510036469
7531250176.0,-0.12384502589702606
7532187648.0,-0.11302582919597626
7533125120.0,-0.09921268373727798
7534062592.0,-0.08429268002510071
7535000064.0,-0.07055023312568665
7535937536.0,-0.05573059245944023
7536875008.0,-0.042915135622024536
7537812480.0,-0.03052690252661705
7538749952.0,-0.021226728335022926
7539687424.0,-0.012962955050170422
7540624896.0,-0.008632502518594265
7541562368.0,-0.00807326752692461
7542499840.0,-0.011121920309960842
7543437312.0,-0.018648464232683182
7544374784.0,-0.028667788952589035
7545312256.0,-0.0437086783349514
7546250240.0,-0.06255054473876953
7547187712.0,-0.08551488816738129
7548125184.0,-0.11112409830093384
7549062656.0,-0.14050930738449097
7550000128.0,-0.16962158679962158
7550937600.0,-0.20043633878231049
7551875072.0,-0.23128290474414825
7552812544.0,-0.2596595883369446
7553750016.0,-0.2860223054885864
7554687488.0,-0.3102825880050659
7555624960.0,-0.33082810044288635
7556562432.0,-0.3495819866657257
7557499904.0,-0.3653351664543152
7558437376.0,-0.38009998202323914
7559374848.0,-0.3941940665245056
7560312320.0,-0.40658363699913025
7561249792.0,-0.4202265739440918
7562187264.0,-0.4329511523246765
7563125248.0,-0.44392964243888855
7564062720.0,-0.45619314908981323
7565000192.0,-0.4434196352958679
7565937664.0,-0.42777544260025024
7566875136.0,-0.4089697301387787
7567812608.0,-0.38741546869277954
7568750080.0,-0.363261878490448
7569687552.0,-0.33855023980140686
7570625024.0,-0.3116781413555145
7571562496.0,-0.28586825728416443
7572499968.0,-0.25760549306869507
7573437440.0,-0.22861848771572113
7574374912.0,-0.20123101770877838
7575312384.0,-0.17340441048145294
7576249856.0,-0.14646148681640625
7577187328.0,-0.11895991861820221
7578124800.0,-0.09346769005060196
7579062272.0,-0.06845001876354218
7580000256.0,-0.04630911350250244
7580937728.0,-0.024225573986768723
7581875200.0,-0.004505871795117855
7582812672.0,0.01266103982925415
7583750144.0,0.02781839109957218
7584687616.0,0.0404033325612545
7585625088.0,0.051682133227586746
7586562560.0,0.059400349855422974
7587500032.0,0.06630676984786987
7588437504.0,0.0691288411617279
7589374976.0,0.07052987068891525
7590312448.0,0.06920836865901947
7591249920.0,0.06498587876558304
7592187392.0,0.06019681692123413
7593124864.0,0.05327550321817398
7594062336.0,0.04457443580031395
7594999808.0,0.0350610688328743
7595937280.0,0.02397133596241474
7596874752.0,0.010966991074383259
7597812736.0,-0.003700549015775323
7598750208.0,-0.019419698044657707
7599687680.0,-0.03451060503721237
7600625152.0,-0.051787517964839935
7601562624.0,-0.07044717669487
7602500096.0,-0.08705054968595505
7603437568.0,-0.10635736584663391
7604375040.0,-0.12295878678560257
7605312512.0,-0.14051343500614166
7606249984.0,-0.15564487874507904
7607187456.0,-0.17100757360458374
7608124928.0,-0.18437442183494568
7609062400.0,-0.19724547863006592
7609999872.0,-0.21029704809188843
7610937344.0,-0.22161388397216797
7611874816.0,-0.23002903163433075
7612812288.0,-0.23741301894187927
7613749760.0,-0.24401883780956268
7614687744.0,-0.24963465332984924
7615625216.0,-0.2535805106163025
7616562688.0,-0.25734639167785645
7617500160.0,-0.25835931301116943
7618437632.0,-0.26170822978019714
7619375104.0,-0.2673015594482422
7620312576.0,-0.27063727378845215
7621250048.0,-0.2742708623409271
7622187520.0,-0.2766980826854706
7623124992.0,-0.27999424934387207
7624062464.0,-0.2776019275188446
7624999936.0,-0.28271862864494324
7625937408.0,-0.2874152362346649
7626874880.0,-0.28997018933296204
7627812352.0,-0.28890445828437805
7628749824.0,-0.2880108952522278
7629687296.0,-0.28466323018074036
7630624768.0,-0.2793848514556885
7631562752.0,-0.2725304365158081
7632500224.0,-0.2640070915222168
7633437696.0,-0.25464433431625366
7634375168.0,-0.2440703958272934
7635312640.0,-0.23326237499713898
7636250112.0,-0.22122837603092194
7637187584.0,-0.20819468796253204
7638125056.0,-0.19563758373260498
7639062528.0,-0.18289189040660858
7640000000.0,-0.1713315099477768
7640937472.0,-0.1587022840976715
7641874944.0,-0.14805784821510315
7642812416.0,-0.13668452203273773
7643749888.0,-0.12814931571483612
7644687360.0,-0.12336533516645432
7645624832.0,-0.11853231489658356
7646562304.0,-0.11520124226808548
7647499776.0,-0.11434974521398544
7648437248.0,-0.11305201798677444
7649375232.0,-0.11387788504362106
7650312704.0,-0.11588133871555328
7651250176.0,-0.11782802641391754
7652187648.0,-0.12250932306051254
7653125120.0,-0.12769055366516113
7654062592.0,-0.13390278816223145
7655000064.0,-0.1399231106042862
7655937536.0,-0.14783258736133575
7656875008.0,-0.15616321563720703
7657812480.0,-0.16415750980377197
7658749952.0,-0.17223574221134186
7659687424.0,-0.18124675750732422
7660624896.0,-0.1897033303976059
7661562368.0,-0.19802320003509521
7662499840.0,-0.20687735080718994
7663437312.0,-0.21528562903404236
7664374784.0,-0.22198693454265594
7665312256.0,-0.22810158133506775
7666250240.0,-0.233848437666893
7667187712.0,-0.23822087049484253
7668125184.0,-0.24214495718479156
7669062656.0,-0.24481168389320374
7670000128.0,-0.24675863981246948
7670937600.0,-0.24501191079616547
7671875072.0,-0.24273373186588287
7672812544.0,-0.2401203215122223
7673750016.0,-0.23645588755607605
7674687488.0,-0.2324194610118866
7675624960.0,-0.22617463767528534
7676562432.0,-0.21804873645305634
7677499904.0,-0.21180084347724915
7678437376.0,-0.20279373228549957
7679374848.0,-0.19446560740470886
7680312320.0,-0.18699194490909576
7681249792.0,-0.17726649343967438
7682187264.0,-0.16799384355545044
7683125248.0,-0.15783630311489105
7684062720.0,0.07203920930624008
7685000192.0,0.08661200851202011
7685937664.0,0.0994831994175911
7686875136.0,0.10862205177545547
7687812608.0,0.11503924429416656
7688750080.0,0.11934969574213028
7689687552.0,0.12219209969043732
7690625024.0,0.1215612143278122
7691562496.0,0.11714618653059006
7692499968.0,0.11130383610725403
7693437440.0,0.10296918451786041
7694374912.0,0.09145880490541458
7695312384.0,0.07785970717668533
7696249856.0,0.06197243183851242
7697187328.0,0.04324323311448097
7698124800.0,0.023114340379834175
7699062272.0,0.0010931561700999737
7699999744.0,-0.02215171791613102
7700937728.0,-0.0471542552113533
7701875200.0,-0.07198365032672882
7702812672.0,-0.09495341032743454
7703750144.0,-0.12015341222286224
7704687616.0,-0.1421441286802292
7705625088.0,-0.16559721529483795
7706562560.0,-0.1877513825893402
7707500032.0,-0.20697622001171112
7708437504.0,-0.22574637830257416
7709374976.0,-0.24443845450878143
7710312448.0,-0.25870805978775024
7711249920.0,-0.2727925777435303
7712187392.0,-0.28475818037986755
7713124864.0,-0.29406869411468506
7714062336.0,-0.30135712027549744
7714999808.0,-0.3078036606311798
7715937280.0,-0.31221726536750793
7716874752.0,-0.3153653144836426
7717812736.0,-0.31714099645614624
7718750208.0,-0.3169320821762085
7719687680.0,-0.31461188197135925
7720625152.0,-0.31113186478614807
7721562624.0,-0.3077903389930725
7722500096.0,-0.30066701769828796
7723437568.0,-0.2947387099266052
7724375040.0,-0.2865296006202698
7725312512.0,-0.27998462319374084
7726249984.0,-0.27184244990348816
7727187456.0,-0.2633292078971863
7728124928.0,-0.2568186819553375
7729062400.0,-0.2495882362127304
7729999872.0,-0.24154594540596008
7730937344.0,-0.23563550412654877
7731874816.0,-0.22987596690654755
7732812288.0,-0.2224903106689453
7733749760.0,-0.21676060557365417
7734687744.0,-0.21343959867954254
7735625216.0,-0.2076302468776703
7736562688.0,-0.20459702610969543
7737500160.0,-0.2036348432302475
7738437632.0,-0.20159026980400085
7739375104.0,-0.20091727375984192
7740312576.0,-0.2032407522201538
7741250048.0,-0.20432443916797638
7742187520.0,-0.20690444111824036
7743124992.0,-0.21077807247638702
7744062464.0,-0.1990732103586197
7744999936.0,-0.16420525312423706
7745937408.0,-0.12394718080759048
7746874880.0,-0.08370436728000641
7747812352.0,-0.04316011071205139
7748749824.0,-0.004402792081236839
7749687296.0,0.033127013593912125
7750624768.0,0.06775621324777603
7751562752.0,0.10023370385169983
7752500224.0,0.12973709404468536
7753437696.0,0.15678073465824127
7754375168.0,0.17879371345043182
7755312640.0,0.1981191337108612
7756250112.0,0.21378479897975922
7757187584.0,0.2260582000017166
7758125056.0,0.2346094250679016
7759062528.0,0.23978517949581146
7760000000.0,0.24170628190040588
7760937472.0,0.24063409864902496
7761874944.0,0.2351817488670349
7762812416.0,0.22922052443027496
7763749888.0,0.2192610651254654
7764687360.0,0.2063852846622467
7765624832.0,0.19307363033294678
7766562304.0,0.17698341608047485
7767499776.0,0.1598053276538849
7768437248.0,0.140011727809906
7769375232.0,0.1203387975692749
7770312704.0,0.10007605701684952
7771250176.0,0.07950123399496078
7772187648.0,0.059901729226112366
7773125120.0,0.03939590975642204
7774062592.0,0.019274137914180756
7775000064.0,-6.862312147859484e-05
7775937536.0,-0.02069788984954357
7776875008.0,-0.03957562893629074
7777812480.0,-0.05799431726336479
7778749952.0,-0.07558070868253708
7779687424.0,-0.09439841657876968
7780624896.0,-0.11074795573949814
7781562368.0,-0.12666814029216766
7782499840.0,-0.14118851721286774
7783437312.0,-0.15599565207958221
7784374784.0,-0.16810347139835358
7785312256.0,-0.1803663969039917
7786250240.0,-0.19193024933338165
7787187712.0,-0.20139700174331665
7788125184.0,-0.21063478291034698
7789062656.0,-0.21989889442920685
7790000128.0,-0.22740255296230316
7790937600.0,-0.2337188869714737
7791875072.0,-0.24148650467395782
7792812544.0,-0.24837656319141388
7793750016.0,-0.25306299328804016
7794687488.0,-0.2588766813278198
7795624960.0,-0.2634839713573456
7796562432.0,-0.26895636320114136
7797499904.0,-0.27592039108276367
7798437376.0,-0.28252094984054565
7799374848.0,-0.28814688324928284
7800312320.0,-0.2922787070274353
7801249792.0,-0.2943978011608124
7802187264.0,-0.2950470447540283
7803125248.0,-0.29417794942855835
7804062720.0,-0.2781364619731903
7805000192.0,-0.2690485715866089
7805937664.0,-0.25966352224349976
7806875136.0,-0.248878613114357
7807812608.0,-0.2377624362707138
7808750080.0,-0.2246888130903244
7809687552.0,-0.21065731346607208
7810625024.0,-0.19597455859184265
7811562496.0,-0.18219761550426483
7812499968.0,-0.1671452820301056
7813437440.0,-0.1506471484899521
7814374912.0,-0.13428111374378204
7815312384.0,-0.11755497753620148
7816249856.0,-0.10069888830184937
7817187328.0,-0.0835644081234932
7818124800.0,-0.06707737594842911
7819062272.0,-0.05041687190532684
7820000256.0,-0.034979600459337234
7820937728.0,-0.01770547218620777
7821875200.0,-0.003371887607499957
7822812672.0,0.007045576348900795
7823750144.0,0.017476379871368408
7824687616.0,0.027159716933965683
7825625088.0,0.03653186187148094
7826562560.0,0.04555775597691536
7827500032.0,0.05279867723584175
7828437504.0,0.05951358377933502
7829374976.0,0.06588487327098846
7830312448.0,0.07240977138280869
7831249920.0,0.0775194764137268
7832187392.0,0.08208172023296356
7833124864.0,0.0851684957742691
7834062336.0,0.0888691246509552
7834999808.0,0.09249613434076309
7835937280.0,0.09419535100460052
7836874752.0,0.09587587416172028
7837812736.0,0.09806796163320541
7838750208.0,0.09805242717266083
7839687680.0,0.09843962639570236
7840625152.0,0.09879566729068756
7841562624.0,0.09958313405513763
7842500096.0,0.09939724206924438
7843437568.0,0.0978548601269722
7844375040.0,0.0977739542722702
7845312512.0,0.0974246934056282
7846249984.0,0.09556152671575546
7847187456.0,0.09435047209262848
7848124928.0,0.09027629345655441
7849062400.0,0.08610399812459946
7849999872.0,0.08191487193107605
7850937344.0,0.07636615633964539
7851874816.0,0.07058273255825043
7852812288.0,0.06478816270828247
7853749760.0,0.05676285922527313
7854687744.0,0.05073040351271629
7855625216.0,0.04300956800580025
7856562688.0,0.033746689558029175
7857500160.0,0.025094829499721527
7858437632.0,0.015370945446193218
7859375104.0,0.004949365742504597
7860312576.0,-0.004359555896371603
7861250048.0,-0.015064377337694168
7862187520.0,-0.026179715991020203
7863124992.0,-0.03734254837036133
7864062464.0,0.05868664011359215
7864999936.0,0.049066610634326935
7865937408.0,0.040593747049570084
7866874880.0,0.03297322243452072
7867812352.0,0.025394784286618233
7868749824.0,0.01797320693731308
7869687296.0,0.012209898792207241
7870624768.0,0.007503226399421692
7871562752.0,0.0027137049473822117
7872500224.0,-0.0008167242631316185
7873437696.0,-0.007879480719566345
7874375168.0,-0.014025267213582993
7875312640.0,-0.02125883847475052
7876250112.0,-0.028756417334079742
7877187584.0,-0.03528759628534317
7878125056.0,-0.04354420676827431
7879062528.0,-0.05205424502491951
7880000000.0,-0.05994127690792084
7880937472.0,-0.07140705734491348
7881874944.0,-0.08229684829711914
7882812416.0,-0.09539046883583069
7883749888.0,-0.11014553904533386
7884687360.0,-0.12549036741256714
7885624832.0,-0.14348390698432922
7886562304.0,-0.16220098733901978
7887499776.0,-0.18248353898525238
7888437248.0,-0.20425748825073242
7889375232.0,-0.22755268216133118
7890312704.0,-0.25223273038864136
7891250176.0,-0.2760065495967865
7892187648.0,-0.30277055501937866
7893125120.0,-0.32751360535621643
7894062592.0,-0.3523302674293518
7895000064.0,-0.3766554594039917
7895937536.0,-0.4003497064113617
7896875008.0,-0.42279723286628723
7897812480.0,-0.4438488185405731
7898749952.0,-0.46323591470718384
7899687424.0,-0.4779966473579407
7900624896.0,-0.4922712445259094
7901562368.0,-0.5015297532081604
7902499840.0,-0.5105254650115967
7903437312.0,-0.5163088440895081
7904374784.0,-0.5185576677322388
7905312256.0,-0.5177449584007263
7906250240.0,-0.513874351978302
7907187712.0,-0.5078098773956299
7908125184.0,-0.4967529773712158
7909062656.0,-0.48544567823410034
7910000128.0,-0.4704412519931793
7910937600.0,-0.45239612460136414
7911875072.0,-0.4322260916233063
7912812544.0,-0.40884941816329956
7913750016.0,-0.38342756032943726
7914687488.0,-0.3585348427295685
7915624960.0,-0.3308989703655243
7916562432.0,-0.3011309504508972
7917499904.0,-0.2712423503398895
7918437376.0,-0.24109642207622528
7919374848.0,-0.20937538146972656
7920312320.0,-0.17911380529403687
7921249792.0,-0.14887791872024536
7922187264.0,-0.1187112033367157
7923125248.0,-0.08918581902980804
7924062720.0,0.060637522488832474
7925000192.0,0.08375731855630875
7925937664.0,0.10359378904104233
7926875136.0,0.1209210753440857
7927812608.0,0.13607904314994812
7928750080.0,0.14980778098106384
7929687552.0,0.1595023274421692
7930625024.0,0.1676047295331955
7931562496.0,0.17274263501167297
7932499968.0,0.1768757849931717
7933437440.0,0.17613977193832397
7934374912.0,0.17456108331680298
7935312384.0,0.1702205091714859
7936249856.0,0.16318310797214508
7937187328.0,0.15689830482006073
7938124800.0,0.14733178913593292
7939062272.0,0.13630960881710052
7939999744.0,0.12286172062158585
7940937728.0,0.10742509365081787
7941875200.0,0.09126178920269012
7942812672.0,0.07372492551803589
7943750144.0,0.05686614289879799
7944687616.0,0.038073282688856125
7945625088.0,0.016826113685965538
7946562560.0,-0.003325497731566429
7947500032.0,-0.026137370616197586
7948437504.0,-0.04944172501564026
7949374976.0,-0.07129278779029846
7950312448.0,-0.09279251098632812
7951249920.0,-0.11417753249406815
7952187392.0,-0.13644292950630188
7953124864.0,-0.15831473469734192
7954062336.0,-0.17977961897850037
7954999808.0,-0.20158042013645172
7955937280.0,-0.22384439408779144
7956874752.0,-0.24528878927230835
7957812736.0,-0.2672629654407501
7958750208.0,-0.28947702050209045
7959687680.0,-0.31149736046791077
7960625152.0,-0.33250582218170166
7961562624.0,-0.352378785610199
7962500096.0,-0.3734806478023529
7963437568.0,-0.3914654552936554
7964375040.0,-0.41048958897590637
7965312512.0,-0.42719513177871704
7966249984.0,-0.4440215528011322
7967187456.0,-0.45904240012168884
7968124928.0,-0.47286659479141235
7969062400.0,-0.48506540060043335
7969999872.0,-0.4952065944671631
7970937344.0,-0.5041455030441284
7971874816.0,-0.5110037326812744
7972812288.0,-0.5171126127243042
7973749760.0,-0.5198187232017517
7974687744.0,-0.521478533744812
7975625216.0,-0.5206870436668396
7976562688.0,-0.5199599862098694
7977500160.0,-0.5141167640686035
7978437632.0,-0.5076000690460205
7979375104.0,-0.4982433319091797
7980312576.0,-0.48584210872650146
7981250048.0,-0.4714139699935913
7982187520.0,-0.4553357660770416
7983124992.0,-0.43777838349342346
7984062464.0,-0.41476523876190186
7984999936.0,-0.3995206952095032
7985937408.0,-0.3850204348564148
7986874880.0,-0.3681405186653137
7987812352.0,-0.35089734196662903
7988749824.0,-0.33349665999412537
7989687296.0,-0.3127439320087433
7990624768.0,-0.29193928837776184
7991562752.0,-0.2708621919155121
7992500224.0,-0.25061675906181335
7993437696.0,-0.22923721373081207
7994375168.0,-0.20801137387752533
7995312640.0,-0.1870942860841751
7996250112.0,-0.16601267457008362
7997187584.0,-0.14623813331127167
7998125056.0,-0.12690363824367523
7999062528.0,-0.10802031308412552
8000000000.0,-0.08919934183359146
