Frequency (Hz),Measurement
2000000000.0,0.13211490213871002
2000937472.0,0.12598635256290436
2001874944.0,0.12261001020669937
2002812544.0,0.11862192302942276
2003750016.0,0.1146828681230545
2004687488.0,0.11024701595306396
2005624960.0,0.10619986057281494
2006562560.0,0.10076110064983368
2007500032.0,0.09603845328092575
2008437504.0,0.09181158989667892
2009374976.0,0.086210235953331
2010312448.0,0.08064627647399902
2011250048.0,0.07550526410341263
2012187520.0,0.06889128684997559
2013124992.0,0.06347557157278061
2014062464.0,0.0585147961974144
2015000064.0,0.052795082330703735
2015937536.0,0.04681558161973953
2016875008.0,0.041890326887369156
2017812480.0,0.036118097603321075
2018749952.0,0.031368404626846313
2019687552.0,0.026465363800525665
2020625024.0,0.022262778133153915
2021562496.0,0.01870364509522915
2022499968.0,0.014838391914963722
2023437440.0,0.01229305099695921
2024375040.0,0.009190831333398819
2025312512.0,0.007553580217063427
2026249984.0,0.006636364851146936
2027187456.0,0.006502779666334391
2028125056.0,0.007634307257831097
2029062528.0,0.008778383955359459
2030000000.0,0.011096589267253876
2030937472.0,0.013460172340273857
2031874944.0,0.017319699749350548
2032812544.0,0.021911051124334335
2033750016.0,0.027431171387434006
2034687488.0,0.033174242824316025
2035624960.0,0.03988049924373627
2036562560.0,0.04641345515847206
2037500032.0,0.05357404425740242
2038437504.0,0.06196899712085724
2039374976.0,0.06991349160671234
2040312448.0,0.07861599326133728
2041250048.0,0.08672929555177689
2042187520.0,0.09501837939023972
2043124992.0,0.1023644357919693
2044062464.0,0.11046800762414932
2044999936.0,0.11630038172006607
2045937536.0,0.12280523777008057
2046875008.0,0.12776000797748566
2047812480.0,0.131977841258049
2048749952.0,0.1409258246421814
2049687552.0,0.13552790880203247
2050625024.0,0.1306380331516266
2051562496.0,0.12388794124126434
2052499968.0,0.11790520697832108
2053437440.0,0.11125113070011139
2054375040.0,0.10408498346805573
2055312512.0,0.09643924236297607
2056249984.0,0.08870755136013031
2057187456.0,0.0808638334274292
2058125056.0,0.07398799061775208
2059062528.0,0.06618218123912811
2060000000.0,0.05941351503133774
2060937472.0,0.05303512513637543
2061874944.0,0.0457208976149559
2062812544.0,0.0399160273373127
2063750016.0,0.03331099450588226
2064687488.0,0.027368372306227684
2065624960.0,0.022398117929697037
2066562560.0,0.018400920554995537
2067500032.0,0.013526191003620625
2068437504.0,0.009788045659661293
2069374976.0,0.0057173422537744045
2070312448.0,0.002466865349560976
2071250048.0,-0.0009860569844022393
2072187520.0,-0.004097714088857174
2073124992.0,-0.005844181403517723
2074062464.0,-0.008351151831448078
2075000064.0,-0.010589736513793468
2075937536.0,-0.011875109747052193
2076875008.0,-0.012693616561591625
2077812480.0,-0.013613522984087467
2078749952.0,-0.013586385175585747
2079687552.0,-0.014132417738437653
2080625024.0,-0.013714642263948917
2081562496.0,-0.012653890997171402
2082499968.0,-0.01100760605186224
2083437440.0,-0.009841210208833218
2084375040.0,-0.006989327725023031
2085312512.0,-0.004210518207401037
2086249984.0,-0.0008945701410993934
2087187456.0,0.0031161238439381123
2088125056.0,0.007581955287605524
2089062528.0,0.013076240196824074
2090000000.0,0.018213680014014244
2090937472.0,0.024394476786255836
2091874944.0,0.031046614050865173
2092812544.0,0.03842858225107193
2093750016.0,0.04717316851019859
2094687488.0,0.05579149350523949
2095624960.0,0.0651642456650734
2096562560.0,0.0749291330575943
2097500032.0,0.08580681681632996
2098437504.0,0.0970054343342781
2099374976.0,0.10906112939119339
2100312448.0,0.12109474092721939
2101250048.0,0.1335734874010086
2102187520.0,0.14669552445411682
2103124992.0,0.16063126921653748
2104062464.0,0.17430603504180908
2104999936.0,0.1871379315853119
2105937536.0,0.20134501159191132
2106875008.0,0.2147044539451599
2107812480.0,0.22741588950157166
2108749952.0,0.26641422510147095
2109687552.0,0.2750168740749359
2110625024.0,0.2839069068431854
2111562496.0,0.29009827971458435
2112499968.0,0.2966461777687073
2113437440.0,0.3023284375667572
2114375040.0,0.30547741055488586
2115312512.0,0.3061281144618988
2116249984.0,0.30460837483406067
2117187456.0,0.30092743039131165
2118125056.0,0.29572775959968567
2119062528.0,0.28579944372177124
2120000000.0,0.27371925115585327
2120937472.0,0.2583557665348053
2121874944.0,0.24029682576656342
2122812544.0,0.21988917887210846
2123750016.0,0.19661492109298706
2124687488.0,0.17241784930229187
2125624960.0,0.14603421092033386
2126562560.0,0.1192341223359108
2127500032.0,0.09184390306472778
2128437504.0,0.06484299153089523
2129374976.0,0.03781363368034363
2130312448.0,0.012399847619235516
2131250048.0,-0.012326500378549099
2132187520.0,-0.03582724928855896
2133124992.0,-0.05598520487546921
2134062464.0,-0.07403222471475601
2135000064.0,-0.08911364525556564
2135937536.0,-0.10217434912919998
2136875008.0,-0.11215996742248535
2137812480.0,-0.11952181905508041
2138749952.0,-0.12451726198196411
2139687552.0,-0.12551407516002655
2140625024.0,-0.12426166981458664
2141562496.0,-0.12027788907289505
2142499968.0,-0.11462987959384918
2143437440.0,-0.10639067739248276
2144375040.0,-0.09644860774278641
2145312512.0,-0.08477501571178436
2146249984.0,-0.07226590067148209
2147187456.0,-0.059232600033283234
2148124928.0,-0.04520294815301895
2149062400.0,-0.031110024079680443
2150000128.0,-0.01595834456384182
2150937600.0,-0.002074926858767867
2151875072.0,0.012261827476322651
2152812544.0,0.02609306573867798
2153750016.0,0.039163168519735336
2154687488.0,0.05169912427663803
2155624960.0,0.06378456205129623
2156562432.0,0.07614287734031677
2157499904.0,0.08611990511417389
2158437376.0,0.09687475115060806
2159375104.0,0.10662973672151566
2160312576.0,0.11592964082956314
2161250048.0,0.12585075199604034
2162187520.0,0.1343458592891693
2163124992.0,0.14356468617916107
2164062464.0,0.15294896066188812
2164999936.0,0.16146597266197205
2165937408.0,0.1698167324066162
2166874880.0,0.179425910115242
2167812608.0,0.18807926774024963
2168750080.0,0.2133210003376007
2169687552.0,0.22534982860088348
2170625024.0,0.23709739744663239
2171562496.0,0.2484709918498993
2172499968.0,0.2591896057128906
2173437440.0,0.269390732049942
2174374912.0,0.2786666452884674
2175312384.0,0.2874268591403961
2176250112.0,0.2942574918270111
2177187584.0,0.30002933740615845
2178125056.0,0.3040759861469269
2179062528.0,0.3065395951271057
2180000000.0,0.30756494402885437
2180937472.0,0.30592232942581177
2181874944.0,0.30278244614601135
2182812416.0,0.29633575677871704
2183749888.0,0.2882827818393707
2184687616.0,0.278986394405365
2185625088.0,0.26648929715156555
2186562560.0,0.2530028522014618
2187500032.0,0.2372342050075531
2188437504.0,0.21992433071136475
2189374976.0,0.20218215882778168
2190312448.0,0.18275734782218933
2191249920.0,0.16161800920963287
2192187392.0,0.1414680927991867
2193125120.0,0.11924926191568375
2194062592.0,0.0979517251253128
2195000064.0,0.0767408087849617
2195937536.0,0.056825656443834305
2196875008.0,0.03807196766138077
2197812480.0,0.01866329461336136
2198749952.0,0.0034576330799609423
2199687424.0,-0.012671144679188728
2200624896.0,-0.026735177263617516
2201562624.0,-0.03851110115647316
2202500096.0,-0.04747148975729942
2203437568.0,-0.05530310049653053
2204375040.0,-0.06029961258172989
2205312512.0,-0.0625600516796112
2206249984.0,-0.06301647424697876
2207187456.0,-0.06151954084634781
2208124928.0,-0.05773260071873665
2209062400.0,-0.05166657641530037
2209999872.0,-0.043852366507053375
2210937600.0,-0.03359201177954674
2211875072.0,-0.021648865193128586
2212812544.0,-0.009561970829963684
2213750016.0,0.005002085585147142
2214687488.0,0.01985974982380867
2215624960.0,0.036210741847753525
2216562432.0,0.052796974778175354
2217499904.0,0.06980447471141815
2218437376.0,0.08674617856740952
2219375104.0,0.10447433590888977
2220312576.0,0.12121281027793884
2221250048.0,0.13689345121383667
2222187520.0,0.15287038683891296
2223124992.0,0.16659042239189148
2224062464.0,0.17994770407676697
2224999936.0,0.19254086911678314
2225937408.0,0.20223720371723175
2226874880.0,0.21103763580322266
2227812608.0,0.21830487251281738
2228750080.0,0.1915939897298813
2229687552.0,0.19766493141651154
2230625024.0,0.20364125072956085
2231562496.0,0.20673002302646637
2232499968.0,0.21011295914649963
2233437440.0,0.21102957427501678
2234374912.0,0.21063101291656494
2235312384.0,0.2073701173067093
2236250112.0,0.2034154236316681
2237187584.0,0.19597730040550232
2238125056.0,0.18667830526828766
2239062528.0,0.17624226212501526
2240000000.0,0.16285811364650726
2240937472.0,0.14869198203086853
2241874944.0,0.1316470056772232
2242812416.0,0.11409351974725723
2243749888.0,0.09575729817152023
2244687616.0,0.07572466135025024
2245625088.0,0.05570419505238533
2246562560.0,0.03426003083586693
2247500032.0,0.014128047972917557
2248437504.0,-0.006089665461331606
2249374976.0,-0.02579527534544468
2250312448.0,-0.043528828769922256
2251249920.0,-0.060524359345436096
2252187392.0,-0.07552220672369003
2253125120.0,-0.08910319954156876
2254062592.0,-0.09996850043535233
2255000064.0,-0.1085311770439148
2255937536.0,-0.11534884572029114
2256875008.0,-0.11972393095493317
2257812480.0,-0.12130007147789001
2258749952.0,-0.1194172278046608
2259687424.0,-0.11646243184804916
2260624896.0,-0.11052809655666351
2261562624.0,-0.10253392159938812
2262500096.0,-0.09413950890302658
2263437568.0,-0.0817834660410881
2264375040.0,-0.06906969845294952
2265312512.0,-0.05448596179485321
2266249984.0,-0.03959762677550316
2267187456.0,-0.024644723162055016
2268124928.0,-0.00727982260286808
2269062400.0,0.009836435317993164
2270000128.0,0.026552848517894745
2270937600.0,0.04470181465148926
2271875072.0,0.06135019287467003
2272812544.0,0.07877784222364426
2273750016.0,0.094765305519104
2274687488.0,0.11068883538246155
2275624960.0,0.12641248106956482
2276562432.0,0.14019359648227692
2277499904.0,0.1532546877861023
2278437376.0,0.16572584211826324
2279375104.0,0.17681999504566193
2280312576.0,0.18792814016342163
2281250048.0,0.19673879444599152
2282187520.0,0.20625925064086914
2283124992.0,0.2133113592863083
2284062464.0,0.21979095041751862
2284999936.0,0.2257268875837326
2285937408.0,0.23108571767807007
2286874880.0,0.2356003224849701
2287812608.0,0.23937343060970306
2288750080.0,0.25041040778160095
2289687552.0,0.2586614489555359
2290625024.0,0.26635849475860596
2291562496.0,0.27417585253715515
2292499968.0,0.28171226382255554
2293437440.0,0.2878839373588562
2294374912.0,0.29346418380737305
2295312384.0,0.29970285296440125
2296250112.0,0.30424752831459045
2297187584.0,0.30807459354400635
2298125056.0,0.30982542037963867
2299062528.0,0.3106844425201416
2300000000.0,0.30928072333335876
2300937472.0,0.30584198236465454
2301874944.0,0.29937005043029785
2302812416.0,0.29036328196525574
2303749888.0,0.28010889887809753
2304687616.0,0.265677273273468
2305625088.0,0.24891236424446106
2306562560.0,0.22974196076393127
2307500032.0,0.20840689539909363
2308437504.0,0.18565887212753296
2309374976.0,0.15937626361846924
2310312448.0,0.13214264810085297
2311249920.0,0.10467144846916199
2312187392.0,0.07580398768186569
2313125120.0,0.04644743353128433
2314062592.0,0.016809605062007904
2315000064.0,-0.011480303481221199
2315937536.0,-0.03888092190027237
2316875008.0,-0.06384497880935669
2317812480.0,-0.08692833036184311
2318749952.0,-0.1087784618139267
2319687424.0,-0.1285373866558075
2320624896.0,-0.1452282965183258
2321562624.0,-0.1602390557527542
2322500096.0,-0.1725454330444336
2323437568.0,-0.18271204829216003
2324375040.0,-0.1901022046804428
2325312512.0,-0.19497637450695038
2326249984.0,-0.19914855062961578
2327187456.0,-0.20058158040046692
2328124928.0,-0.20111550390720367
2329062400.0,-0.19928528368473053
2329999872.0,-0.1955895572900772
2330937600.0,-0.19137142598628998
2331875072.0,-0.1851317137479782
2332812544.0,-0.1777636706829071
2333750016.0,-0.1678396463394165
2334687488.0,-0.15687750279903412
2335624960.0,-0.14393439888954163
2336562432.0,-0.13025367259979248
2337499904.0,-0.11352719366550446
2338437376.0,-0.09610672295093536
2339375104.0,-0.07713024318218231
2340312576.0,-0.05504978448152542
2341250048.0,-0.03318781778216362
2342187520.0,-0.00984577089548111
2343124992.0,0.014841640368103981
2344062464.0,0.0407993383705616
2344999936.0,0.06598642468452454
2345937408.0,0.09253997355699539
2346874880.0,0.11895173043012619
2347812608.0,0.14457423985004425
2348750080.0,0.20169945061206818
2349687552.0,0.2164740115404129
2350625024.0,0.22891710698604584
2351562496.0,0.2388986200094223
2352499968.0,0.24492791295051575
2353437440.0,0.24759317934513092
2354374912.0,0.24731971323490143
2355312384.0,0.24311579763889313
2356250112.0,0.23547722399234772
2357187584.0,0.22334007918834686
2358125056.0,0.20872831344604492
2359062528.0,0.1916872262954712
2360000000.0,0.17069798707962036
2360937472.0,0.14715753495693207
2361874944.0,0.12242711335420609
2362812416.0,0.09645941108465195
2363749888.0,0.06820748001337051
2364687616.0,0.038619041442871094
2365625088.0,0.008884831331670284
2366562560.0,-0.02134862169623375
2367500032.0,-0.050839152187108994
2368437504.0,-0.08050159364938736
2369374976.0,-0.10900869965553284
2370312448.0,-0.13561424612998962
2371249920.0,-0.1593845933675766
2372187392.0,-0.1834588646888733
2373125120.0,-0.20372368395328522
2374062592.0,-0.22217516601085663
2375000064.0,-0.23791901767253876
2375937536.0,-0.2514095604419708
2376875008.0,-0.26152437925338745
2377812480.0,-0.2696550190448761
2378749952.0,-0.2738872766494751
2379687424.0,-0.2765132486820221
2380624896.0,-0.2756706178188324
2381562624.0,-0.2728166878223419
2382500096.0,-0.2663768529891968
2383437568.0,-0.25794923305511475
2384375040.0,-0.24719205498695374
2385312512.0,-0.2347506731748581
2386249984.0,-0.22081047296524048
2387187456.0,-0.2045164704322815
2388124928.0,-0.18794628977775574
2389062400.0,-0.1703798919916153
2390000128.0,-0.1518750637769699
2390937600.0,-0.13335666060447693
2391875072.0,-0.11578771471977234
2392812544.0,-0.09754764288663864
2393750016.0,-0.08053671568632126
2394687488.0,-0.06476038694381714
2395624960.0,-0.048602521419525146
2396562432.0,-0.03397456184029579
2397499904.0,-0.021419182419776917
2398437376.0,-0.009842239320278168
2399375104.0,-8.316732419189066e-05
2400312576.0,0.008974120020866394
2401250048.0,0.01615823619067669
2402187520.0,0.022592244669795036
2403124992.0,0.02699234150350094
2404062464.0,0.030860815197229385
2404999936.0,0.03223421797156334
2405937408.0,0.03298521786928177
2406874880.0,0.03250976651906967
2407812608.0,0.03012024238705635
2408750080.0,0.024432996287941933
2409687552.0,0.030736597254872322
2410625024.0,0.03488612174987793
2411562496.0,0.036536380648612976
2412499968.0,0.03624509274959564
2413437440.0,0.03427960351109505
2414374912.0,0.02767958864569664
2415312384.0,0.01959845796227455
2416250112.0,0.010609043762087822
2417187584.0,-0.0010342522291466594
2418125056.0,-0.015050342306494713
2419062528.0,-0.03132304549217224
2420000000.0,-0.04910605773329735
2420937472.0,-0.06818099319934845
2421874944.0,-0.08836410939693451
2422812416.0,-0.1094629243016243
2423749888.0,-0.13139426708221436
2424687616.0,-0.15236200392246246
2425625088.0,-0.17401477694511414
2426562560.0,-0.19686387479305267
2427500032.0,-0.21980690956115723
2428437504.0,-0.24146100878715515
2429374976.0,-0.26233842968940735
2430312448.0,-0.28276681900024414
2431249920.0,-0.3033488094806671
2432187392.0,-0.32202163338661194
2433125120.0,-0.3408447206020355
2434062592.0,-0.3584792912006378
2435000064.0,-0.3736937642097473
2435937536.0,-0.3868604302406311
2436875008.0,-0.4000694155693054
2437812480.0,-0.41058510541915894
2438749952.0,-0.4201658070087433
2439687424.0,-0.4284583032131195
2440624896.0,-0.43571484088897705
2441562624.0,-0.44031429290771484
2442500096.0,-0.44390302896499634
2443437568.0,-0.4470345377922058
2444375040.0,-0.4471929967403412
2445312512.0,-0.44642069935798645
2446249984.0,-0.444811075925827
2447187456.0,-0.4419761300086975
2448124928.0,-0.4386642575263977
2449062400.0,-0.434302419424057
2449999872.0,-0.42870083451271057
2450937600.0,-0.42448434233665466
2451875072.0,-0.4186348021030426
2452812544.0,-0.41251340508461
2453750016.0,-0.406462699174881
2454687488.0,-0.4009834825992584
2455624960.0,-0.39452260732650757
2456562432.0,-0.3894461393356323
2457499904.0,-0.3839694857597351
2458437376.0,-0.3784101605415344
2459375104.0,-0.3740423917770386
2460312576.0,-0.36954066157341003
2461250048.0,-0.3666960299015045
2462187520.0,-0.3645871579647064
2463124992.0,-0.36436864733695984
2464062464.0,-0.3650299608707428
2464999936.0,-0.3681226670742035
2465937408.0,-0.3722902536392212
2466874880.0,-0.37942442297935486
2467812608.0,-0.3884924352169037
2468750080.0,-0.4750349521636963
2469687552.0,-0.4969766139984131
2470625024.0,-0.5210399627685547
2471562496.0,-0.546912670135498
2472499968.0,-0.5776996612548828
2473437440.0,-0.6107653975486755
2474374912.0,-0.648150622844696
2475312384.0,-0.6864888072013855
2476250112.0,-0.7293083667755127
2477187584.0,-0.7733528017997742
2478125056.0,-0.8215591311454773
2479062528.0,-0.8741946220397949
2480000000.0,-0.9280552864074707
2480937472.0,-0.985793948173523
2481874944.0,-1.0465737581253052
2482812416.0,-1.1118031740188599
2483749888.0,-1.180158019065857
2484687616.0,-1.2517508268356323
2485625088.0,-1.3277595043182373
2486562560.0,-1.4077054262161255
2487500032.0,-1.4891456365585327
2488437504.0,-1.5754281282424927
2489374976.0,-1.6651593446731567
2490312448.0,-1.75743567943573
2491249920.0,-1.8552274703979492
2492187392.0,-1.9559142589569092
2493125120.0,-2.0623865127563477
2494062592.0,-2.174511432647705
2495000064.0,-2.293433904647827
2495937536.0,-2.418109655380249
2496875008.0,-2.548506021499634
2497812480.0,-2.6868467330932617
2498749952.0,-2.831559658050537
2499687424.0,-2.9859025478363037
2500624896.0,-3.1493494510650635
2501562624.0,-3.323286533355713
2502500096.0,-3.512484073638916
2503437568.0,-3.7172231674194336
2504375040.0,-3.939974784851074
2505312512.0,-4.177577972412109
2506249984.0,-4.431169509887695
2507187456.0,-4.703319549560547
2508124928.0,-4.9958577156066895
2509062400.0,-5.30807638168335
2510000128.0,-5.6414594650268555
2510937600.0,-5.985228061676025
2511875072.0,-6.335474491119385
2512812544.0,-6.6866679191589355
2513750016.0,-7.026184558868408
2514687488.0,-7.342438697814941
2515624960.0,-7.617282390594482
2516562432.0,-7.838143825531006
2517499904.0,-7.987332820892334
2518437376.0,-8.049452781677246
2519375104.0,-8.018974304199219
2520312576.0,-7.893760681152344
2521250048.0,-7.6868767738342285
2522187520.0,-7.408478260040283
2523124992.0,-7.0782012939453125
2524062464.0,-6.71100378036499
2524999936.0,-6.320218563079834
2525937408.0,-5.92021369934082
2526874880.0,-5.523217678070068
2527812608.0,-5.1399946212768555
2528750080.0,-4.767536163330078
2529687552.0,-4.425017356872559
2530625024.0,-4.102590560913086
2531562496.0,-3.8010692596435547
2532499968.0,-3.5198235511779785
2533437440.0,-3.2572875022888184
2534374912.0,-3.0163564682006836
2535312384.0,-2.7962396144866943
2536250112.0,-2.59503173828125
2537187584.0,-2.412137508392334
2538125056.0,-2.2442126274108887
2539062528.0,-2.092556953430176
2540000000.0,-1.955237627029419
2540937472.0,-1.8306223154067993
2541874944.0,-1.7164229154586792
2542812416.0,-1.6137360334396362
2543749888.0,-1.5214698314666748
2544687616.0,-1.4377168416976929
2545625088.0,-1.3621853590011597
2546562560.0,-1.2946183681488037
2547500032.0,-1.2330691814422607
2548437504.0,-1.178869366645813
2549374976.0,-1.1278481483459473
2550312448.0,-1.0828239917755127
2551249920.0,-1.0422918796539307
2552187392.0,-1.0065265893936157
2553125120.0,-0.9729596376419067
2554062592.0,-0.9438143968582153
2555000064.0,-0.9149917960166931
2555937536.0,-0.8915609121322632
2556875008.0,-0.8682334423065186
2557812480.0,-0.8469557166099548
2558749952.0,-0.8269312381744385
2559687424.0,-0.8067030906677246
2560624896.0,-0.7877929210662842
2561562624.0,-0.768889307975769
2562500096.0,-0.7499262690544128
2563437568.0,-0.7305002212524414
2564375040.0,-0.7108420729637146
2565312512.0,-0.6911117434501648
2566249984.0,-0.6699516177177429
2567187456.0,-0.6483663320541382
2568124928.0,-0.6266358494758606
2569062400.0,-0.6040654182434082
2569999872.0,-0.5809982419013977
2570937600.0,-0.5562096238136292
2571875072.0,-0.5312343239784241
2572812544.0,-0.5038469433784485
2573750016.0,-0.47715890407562256
2574687488.0,-0.44810751080513
2575624960.0,-0.4187842011451721
2576562432.0,-0.3896564245223999
2577499904.0,-0.3592793047428131
2578437376.0,-0.3290519416332245
2579375104.0,-0.2987839877605438
2580312576.0,-0.26800718903541565
2581250048.0,-0.23782432079315186
2582187520.0,-0.2079659253358841
2583124992.0,-0.17939583957195282
2584062464.0,-0.15057916939258575
2584999936.0,-0.12456612288951874
2585937408.0,-0.09729208052158356
2586874880.0,-0.07385455071926117
2587812608.0,-0.05048929154872894
2588750080.0,-0.025836622342467308
2589687552.0,-0.012619770132005215
2590625024.0,-0.00016619509551674128
2591562496.0,0.010243327356874943
2592499968.0,0.019216960296034813
2593437440.0,0.025668447837233543
2594374912.0,0.029419369995594025
2595312384.0,0.03176375478506088
2596250112.0,0.03144615516066551
2597187584.0,0.030939975753426552
2598125056.0,0.02778520993888378
2599062528.0,0.022232504561543465
2600000000.0,0.015000076033174992
2600937472.0,0.007674642372876406
2601874944.0,-0.0016020660987123847
2602812416.0,-0.012095353566110134
2603749888.0,-0.023729002103209496
2604687616.0,-0.03577662259340286
2605625088.0,-0.048772454261779785
2606562560.0,-0.06266303360462189
2607500032.0,-0.07639040052890778
2608437504.0,-0.09039207547903061
2609374976.0,-0.10487715154886246
2610312448.0,-0.11862688511610031
2611249920.0,-0.1320151388645172
2612187392.0,-0.1458863466978073
2613125120.0,-0.15872229635715485
2614062592.0,-0.17037780582904816
2615000064.0,-0.18218795955181122
2615937536.0,-0.19189545512199402
2616875008.0,-0.20118509232997894
2617812480.0,-0.2095133513212204
2618749952.0,-0.21672119200229645
2619687424.0,-0.22232022881507874
2620624896.0,-0.22592973709106445
2621562624.0,-0.22918272018432617
2622500096.0,-0.23160257935523987
2623437568.0,-0.23082584142684937
2624375040.0,-0.22920185327529907
2625312512.0,-0.22644628584384918
2626249984.0,-0.22127102315425873
2627187456.0,-0.21487563848495483
2628124928.0,-0.20697051286697388
2629062400.0,-0.19818200170993805
2630000128.0,-0.18647930026054382
2630937600.0,-0.174195796251297
2631875072.0,-0.1614610105752945
2632812544.0,-0.1473574936389923
2633750016.0,-0.13103215396404266
2634687488.0,-0.11467092484235764
2635624960.0,-0.09709037095308304
2636562432.0,-0.0786968544125557
2637499904.0,-0.060054901987314224
2638437376.0,-0.04125363752245903
2639375104.0,-0.021997125819325447
2640312576.0,-0.002678143559023738
2641250048.0,0.016907332465052605
2642187520.0,0.03542671725153923
2643124992.0,0.054116252809762955
2644062464.0,0.07213708013296127
2644999936.0,0.08909057080745697
2645937408.0,0.10619448870420456
2646874880.0,0.12141680717468262
2647812608.0,0.14726240932941437
2648750080.0,0.16202206909656525
2649687552.0,0.1760781705379486
2650625024.0,0.1867826282978058
2651562496.0,0.19598700106143951
2652499968.0,0.20308925211429596
2653437440.0,0.20618271827697754
2654374912.0,0.20804329216480255
2655312384.0,0.20800623297691345
2656250112.0,0.20337913930416107
2657187584.0,0.19740347564220428
2658125056.0,0.18962295353412628
2659062528.0,0.17862306535243988
2660000000.0,0.16701658070087433
2660937472.0,0.15282204747200012
2661874944.0,0.13654986023902893
2662812416.0,0.11932678520679474
2663749888.0,0.10071361064910889
2664687616.0,0.08223061263561249
2665625088.0,0.061438459903001785
2666562560.0,0.04099234938621521
2667500032.0,0.01981845311820507
2668437504.0,-0.0007412575068883598
2669374976.0,-0.02047286555171013
2670312448.0,-0.04079307243227959
2671249920.0,-0.060034070163965225
2672187392.0,-0.07837019860744476
2673125120.0,-0.09446375072002411
2674062592.0,-0.11117841303348541
2675000064.0,-0.12410800158977509
2675937536.0,-0.136513814330101
2676875008.0,-0.14819760620594025
2677812480.0,-0.15612906217575073
2678749952.0,-0.16291488707065582
2679687424.0,-0.16801421344280243
2680624896.0,-0.17097659409046173
2681562624.0,-0.1720711588859558
2682500096.0,-0.1706838607788086
2683437568.0,-0.16695129871368408
2684375040.0,-0.1617809534072876
2685312512.0,-0.15420322120189667
2686249984.0,-0.14519011974334717
2687187456.0,-0.13554628193378448
2688124928.0,-0.12281650304794312
2689062400.0,-0.10901991277933121
2689999872.0,-0.09451852738857269
2690937600.0,-0.07903967052698135
2691875072.0,-0.06361237913370132
2692812544.0,-0.04648768901824951
2693750016.0,-0.02840983122587204
2694687488.0,-0.01032448559999466
2695624960.0,0.007798556238412857
2696562432.0,0.024668805301189423
2697499904.0,0.04274575784802437
2698437376.0,0.06008496508002281
2699375104.0,0.07690964639186859
2700312576.0,0.09270240366458893
2701250048.0,0.10731254518032074
2702187520.0,0.12204022705554962
2703124992.0,0.13513672351837158
2704062464.0,0.14647960662841797
2704999936.0,0.15769115090370178
2705937408.0,0.16812562942504883
2706874880.0,0.17633400857448578
2707812608.0,0.195265531539917
2708750080.0,0.20005646347999573
2709687552.0,0.20344996452331543
2710625024.0,0.207100048661232
2711562496.0,0.2084004431962967
2712499968.0,0.20847779512405396
2713437440.0,0.20773684978485107
2714374912.0,0.20516136288642883
2715312384.0,0.2010851949453354
2716250112.0,0.19764584302902222
2717187584.0,0.19052614271640778
2718125056.0,0.18336866796016693
2719062528.0,0.17526984214782715
2720000000.0,0.16527119278907776
2720937472.0,0.1532227247953415
2721874944.0,0.14073309302330017
2722812416.0,0.12803545594215393
2723749888.0,0.1126921996474266
2724687616.0,0.09725292772054672
2725625088.0,0.08053266257047653
2726562560.0,0.06397615373134613
2727500032.0,0.04523506388068199
2728437504.0,0.02660367637872696
2729374976.0,0.007401549257338047
2730312448.0,-0.0121043985709548
2731249920.0,-0.03096654824912548
2732187392.0,-0.05015427991747856
2733125120.0,-0.06840010732412338
2734062592.0,-0.08674564212560654
2735000064.0,-0.10446672886610031
2735937536.0,-0.11976625770330429
2736875008.0,-0.13504156470298767
2737812480.0,-0.1489577442407608
2738749952.0,-0.16140267252922058
2739687424.0,-0.17166461050510406
2740624896.0,-0.1796036660671234
2741562624.0,-0.18487977981567383
2742500096.0,-0.18986962735652924
2743437568.0,-0.19132375717163086
2744375040.0,-0.1909305304288864
2745312512.0,-0.18831020593643188
2746249984.0,-0.18259204924106598
2747187456.0,-0.17609558999538422
2748124928.0,-0.16542990505695343
2749062400.0,-0.15454787015914917
2750000128.0,-0.14077995717525482
2750937600.0,-0.1250419169664383
2751875072.0,-0.10716993361711502
2752812544.0,-0.08932056277990341
2753750016.0,-0.07040615379810333
2754687488.0,-0.04844106733798981
2755624960.0,-0.02653682418167591
2756562432.0,-0.00485306978225708
2757499904.0,0.01635551266372204
2758437376.0,0.0383908711373806
2759375104.0,0.06080278009176254
2760312576.0,0.08170659095048904
2761250048.0,0.10167712718248367
2762187520.0,0.12007977813482285
2763124992.0,0.13792866468429565
2764062464.0,0.15386392176151276
2764999936.0,0.1681107133626938
2765937408.0,0.17999619245529175
2766874880.0,0.1907956600189209
2767812608.0,0.23200905323028564
2768750080.0,0.23518607020378113
2769687552.0,0.23737508058547974
2770625024.0,0.23801277577877045
2771562496.0,0.23642396926879883
2772499968.0,0.23344655334949493
2773437440.0,0.22848789393901825
2774374912.0,0.2229028046131134
2775312384.0,0.21456162631511688
2776250112.0,0.20643150806427002
2777187584.0,0.19694310426712036
2778125056.0,0.18577617406845093
2779062528.0,0.17351064085960388
2780000000.0,0.1611880511045456
2780937472.0,0.14767500758171082
2781874944.0,0.13342754542827606
2782812416.0,0.11827608197927475
2783749888.0,0.10358820855617523
2784687616.0,0.08897579461336136
2785625088.0,0.07378016412258148
2786562560.0,0.058152955025434494
2787500032.0,0.04263613000512123
2788437504.0,0.028151145204901695
2789374976.0,0.013142246752977371
2790312448.0,-0.0003754182253032923
2791249920.0,-0.0154563682153821
2792187392.0,-0.02745066024363041
2793125120.0,-0.04042106494307518
2794062592.0,-0.052359722554683685
2795000064.0,-0.0629904493689537
2795937536.0,-0.07260944694280624
2796875008.0,-0.08241511881351471
2797812480.0,-0.08883419632911682
2798749952.0,-0.09552702307701111
2799687424.0,-0.10013465583324432
2800624896.0,-0.10430745035409927
2801562624.0,-0.10554476082324982
2802500096.0,-0.10595646500587463
2803437568.0,-0.10457339137792587
2804375040.0,-0.10165201127529144
2805312512.0,-0.09884251654148102
2806249984.0,-0.09230873733758926
2807187456.0,-0.08565669506788254
2808124928.0,-0.07575538009405136
2809062400.0,-0.067337267100811
2809999872.0,-0.055772677063941956
2810937600.0,-0.042560309171676636
2811875072.0,-0.029446953907608986
2812812544.0,-0.014898746274411678
2813750016.0,0.0003063820768147707
2814687488.0,0.01648649014532566
2815624960.0,0.033836957067251205
2816562432.0,0.05064680054783821
2817499904.0,0.06762319058179855
2818437376.0,0.0847763940691948
2819375104.0,0.10231553763151169
2820312576.0,0.11958250403404236
2821250048.0,0.13593780994415283
2822187520.0,0.15203556418418884
2823124992.0,0.1672120988368988
2824062464.0,0.18121835589408875
2824999936.0,0.1945020705461502
2825937408.0,0.20541486144065857
2826874880.0,0.2156381756067276
2827812608.0,0.22927311062812805
2828750080.0,0.2350633591413498
2829687552.0,0.23876070976257324
2830625024.0,0.2406271994113922
2831562496.0,0.2405865341424942
2832499968.0,0.23781180381774902
2833437440.0,0.23436878621578217
2834374912.0,0.22765569388866425
2835312384.0,0.22019903361797333
2836250112.0,0.21019764244556427
2837187584.0,0.19910329580307007
2838125056.0,0.1873435229063034
2839062528.0,0.1741161048412323
2840000000.0,0.15888501703739166
2840937472.0,0.14351727068424225
2841874944.0,0.12664741277694702
2842812416.0,0.11080297827720642
2843749888.0,0.09204374253749847
2844687616.0,0.07410915195941925
2845625088.0,0.05638256296515465
2846562560.0,0.038493018597364426
2847500032.0,0.02070165053009987
2848437504.0,0.0032769085373729467
2849374976.0,-0.013429343700408936
2850312448.0,-0.029889924451708794
2851249920.0,-0.04616963490843773
2852187392.0,-0.060931142419576645
2853125120.0,-0.07370850443840027
2854062592.0,-0.0859052836894989
2855000064.0,-0.09671729803085327
2855937536.0,-0.10643923282623291
2856875008.0,-0.11462309211492538
2857812480.0,-0.1204528734087944
2858749952.0,-0.12502914667129517
2859687424.0,-0.1280154436826706
2860624896.0,-0.12852957844734192
2861562624.0,-0.12754157185554504
2862500096.0,-0.12512807548046112
2863437568.0,-0.12069234997034073
2864375040.0,-0.11408166587352753
2865312512.0,-0.10695631802082062
2866249984.0,-0.09640900790691376
2867187456.0,-0.08601046353578568
2868124928.0,-0.07364436239004135
2869062400.0,-0.061662498861551285
2870000128.0,-0.046910420060157776
2870937600.0,-0.03134499117732048
2871875072.0,-0.01446597371250391
2872812544.0,0.0013182548573240638
2873750016.0,0.02048671431839466
2874687488.0,0.0377948060631752
2875624960.0,0.05505486577749252
2876562432.0,0.07322001457214355
2877499904.0,0.09002331644296646
2878437376.0,0.10759223997592926
2879375104.0,0.12424754351377487
2880312576.0,0.139845609664917
2881250048.0,0.15567900240421295
2882187520.0,0.17048898339271545
2883124992.0,0.18396079540252686
2884062464.0,0.19591546058654785
2884999936.0,0.20772548019886017
2885937408.0,0.21657374501228333
2886874880.0,0.22601200640201569
2887812608.0,0.21051162481307983
2888750080.0,0.21449610590934753
2889687552.0,0.21760877966880798
2890625024.0,0.2201482057571411
2891562496.0,0.22193412482738495
2892499968.0,0.22226843237876892
2893437440.0,0.22161874175071716
2894374912.0,0.21869555115699768
2895312384.0,0.21524611115455627
2896250112.0,0.20986449718475342
2897187584.0,0.2026558369398117
2898125056.0,0.19424249231815338
2899062528.0,0.18509848415851593
2900000000.0,0.17371971905231476
2900937472.0,0.16083690524101257
2901874944.0,0.14753231406211853
2902812416.0,0.13305744528770447
2903749888.0,0.11725690215826035
2904687616.0,0.0998743399977684
2905625088.0,0.08324699848890305
2906562560.0,0.06470265239477158
2907500032.0,0.0476408377289772
2908437504.0,0.029558302834630013
2909374976.0,0.01254003681242466
2910312448.0,-0.005782646127045155
2911249920.0,-0.021379118785262108
2912187392.0,-0.037039611488580704
2913125120.0,-0.051692020148038864
2914062592.0,-0.06446028500795364
2915000064.0,-0.07575369626283646
2915937536.0,-0.08576858788728714
2916875008.0,-0.09429722279310226
2917812480.0,-0.09953776001930237
2918749952.0,-0.10349779576063156
2919687424.0,-0.10509723424911499
2920624896.0,-0.10448740422725677
2921562624.0,-0.1015392318367958
2922500096.0,-0.09731952100992203
2923437568.0,-0.09048604965209961
2924375040.0,-0.08179932832717896
2925312512.0,-0.0707603394985199
2926249984.0,-0.05900502949953079
2927187456.0,-0.04519765451550484
2928124928.0,-0.029556933790445328
2929062400.0,-0.014127555303275585
2929999872.0,0.002563376212492585
2930937600.0,0.02009115181863308
2931875072.0,0.03808359056711197
2932812544.0,0.05610169842839241
2933750016.0,0.07320846617221832
2934687488.0,0.09024115651845932
2935624960.0,0.1057349145412445
2936562432.0,0.12176275253295898
2937499904.0,0.13663151860237122
2938437376.0,0.15058009326457977
2939375104.0,0.16306906938552856
2940312576.0,0.1732551008462906
2941250048.0,0.18310494720935822
2942187520.0,0.19122172892093658
2943124992.0,0.1985321342945099
2944062464.0,0.20406417548656464
2944999936.0,0.2084018737077713
2945937408.0,0.21228215098381042
2946874880.0,0.2146008312702179
2947812608.0,0.1957680732011795
2948750080.0,0.1935136467218399
2949687552.0,0.1920221596956253
2950625024.0,0.1897900551557541
2951562496.0,0.18666832149028778
2952499968.0,0.18428483605384827
2953437440.0,0.18148568272590637
2954374912.0,0.177533820271492
2955312384.0,0.17378965020179749
2956250112.0,0.17071358859539032
2957187584.0,0.16688773036003113
2958125056.0,0.16278140246868134
2959062528.0,0.1588352620601654
2960000000.0,0.15461936593055725
2960937472.0,0.1495705097913742
2961874944.0,0.14521296322345734
2962812416.0,0.1402186006307602
2963749888.0,0.13491268455982208
2964687616.0,0.12957724928855896
2965625088.0,0.12382418662309647
2966562560.0,0.11831387877464294
2967500032.0,0.11239498853683472
2968437504.0,0.10572049021720886
2969374976.0,0.09931846708059311
2970312448.0,0.09287379682064056
2971249920.0,0.08595185726881027
2972187392.0,0.07829193770885468
2973125120.0,0.07045799493789673
2974062592.0,0.06389749050140381
2975000064.0,0.0565161406993866
2975937536.0,0.05027247592806816
2976875008.0,0.04290490597486496
2977812480.0,0.03614586591720581
2978749952.0,0.02968086302280426
2979687424.0,0.023774951696395874
2980624896.0,0.018924731761217117
2981562624.0,0.013820734806358814
2982500096.0,0.008803896605968475
2983437568.0,0.005893064197152853
2984375040.0,0.0018509947694838047
2985312512.0,-0.00027087799389846623
2986249984.0,-0.001618674723431468
2987187456.0,-0.0028865421190857887
2988124928.0,-0.003407655982300639
2989062400.0,-0.003468424081802368
2990000128.0,-0.003486035391688347
2990937600.0,-0.002708295825868845
2991875072.0,-0.0005710938712581992
2992812544.0,6.737014336977154e-05
2993750016.0,0.001136999693699181
2994687488.0,0.0037351239006966352
2995624960.0,0.006177185568958521
2996562432.0,0.0077133141458034515
2997499904.0,0.01001818384975195
2998437376.0,0.012103558517992496
2999375104.0,0.015199139714241028
3000312576.0,0.01971680484712124
3001250048.0,0.021919459104537964
3002187520.0,0.023677382618188858
3003124992.0,0.02559468150138855
3004062464.0,0.0271690022200346
3004999936.0,0.027887098491191864
3005937408.0,0.029610345140099525
3006874880.0,0.030968263745307922
3007812608.0,0.12222813069820404
3008750080.0,0.1195918470621109
3009687552.0,0.11627520620822906
3010625024.0,0.1127140074968338
3011562496.0,0.10842528939247131
3012499968.0,0.10294562578201294
3013437440.0,0.09908715635538101
3014374912.0,0.09470995515584946
3015312384.0,0.08855833858251572
3016250112.0,0.08310335874557495
3017187584.0,0.07767494022846222
3018125056.0,0.0710260272026062
3019062528.0,0.06547904759645462
3020000000.0,0.059751033782958984
3020937472.0,0.05356034263968468
3021874944.0,0.047273434698581696
3022812416.0,0.04143661633133888
3023749888.0,0.03618965670466423
3024687616.0,0.030057555064558983
3025625088.0,0.025131726637482643
3026562560.0,0.01825033128261566
3027500032.0,0.012702840380370617
3028437504.0,0.00737673370167613
3029374976.0,0.0011199712753295898
3030312448.0,-0.004159131553024054
3031249920.0,-0.0100657744333148
3032187392.0,-0.014425689354538918
3033125120.0,-0.019691813737154007
3034062592.0,-0.024792306125164032
3035000064.0,-0.028696347028017044
3035937536.0,-0.0331142358481884
3036875008.0,-0.03801538795232773
3037812480.0,-0.04196275770664215
3038749952.0,-0.04531782120466232
3039687424.0,-0.0494169220328331
3040624896.0,-0.05373368039727211
3041562624.0,-0.05687304213643074
3042500096.0,-0.05884725973010063
3043437568.0,-0.06095632538199425
3044375040.0,-0.06257987022399902
3045312512.0,-0.06458334624767303
3046249984.0,-0.06556481122970581
3047187456.0,-0.06563513725996017
3048124928.0,-0.06582749634981155
3049062400.0,-0.0652322769165039
3049999872.0,-0.06334934383630753
3050937600.0,-0.062249843031167984
3051875072.0,-0.060419563204050064
3052812544.0,-0.05639811232686043
3053750016.0,-0.05294784903526306
3054687488.0,-0.04855675250291824
3055624960.0,-0.04396447911858559
3056562432.0,-0.037730466574430466
3057499904.0,-0.030495597049593925
3058437376.0,-0.02271183952689171
3059375104.0,-0.0156561266630888
3060312576.0,-0.006391454022377729
3061250048.0,0.003453942248597741
3062187520.0,0.013059098273515701
3063124992.0,0.024183986708521843
3064062464.0,0.03526812419295311
3064999936.0,0.04701915383338928
3065937408.0,0.05961604788899422
3066874880.0,0.07156120985746384
3067812608.0,0.13950324058532715
3068750080.0,0.1443721503019333
3069687552.0,0.14761877059936523
3070625024.0,0.150185227394104
3071562496.0,0.15152308344841003
3072499968.0,0.15069080889225006
3073437440.0,0.14867064356803894
3074374912.0,0.14547209441661835
3075312384.0,0.14117422699928284
3076250112.0,0.13485179841518402
3077187584.0,0.1284448355436325
3078125056.0,0.12042911350727081
3079062528.0,0.11198396980762482
3080000000.0,0.1011415347456932
3080937472.0,0.09081663191318512
3081874944.0,0.07992847263813019
3082812416.0,0.06830303370952606
3083749888.0,0.057528555393218994
3084687616.0,0.04640067368745804
3085625088.0,0.035394616425037384
3086562560.0,0.024070190265774727
3087500032.0,0.01359587348997593
3088437504.0,0.004082417115569115
3089374976.0,-0.005133983213454485
3090312448.0,-0.013049604371190071
3091249920.0,-0.02079489827156067
3092187392.0,-0.027575887739658356
3093125120.0,-0.03358467295765877
3094062592.0,-0.03722149878740311
3095000064.0,-0.04034288600087166
3095937536.0,-0.04179830476641655
3096875008.0,-0.04258750379085541
3097812480.0,-0.04107583686709404
3098749952.0,-0.03996746614575386
3099687424.0,-0.03596721217036247
3100624896.0,-0.03188592568039894
3101562624.0,-0.027082208544015884
3102500096.0,-0.020812153816223145
3103437568.0,-0.01440645195543766
3104375040.0,-0.006746343802660704
3105312512.0,0.0006822885479778051
3106249984.0,0.008987111039459705
3107187456.0,0.017337020486593246
3108124928.0,0.02570098638534546
3109062400.0,0.035317499190568924
3110000128.0,0.04414946213364601
3110937600.0,0.052951037883758545
3111875072.0,0.06130708381533623
3112812544.0,0.06849974393844604
3113750016.0,0.07654203474521637
3114687488.0,0.08437266200780869
3115624960.0,0.09125220030546188
3116562432.0,0.09715735912322998
3117499904.0,0.10335925221443176
3118437376.0,0.10872966796159744
3119375104.0,0.11381054669618607
3120312576.0,0.11906560510396957
3121250048.0,0.12234407663345337
3122187520.0,0.12569154798984528
3123124992.0,0.12870395183563232
3124062464.0,0.13253414630889893
3124999936.0,0.1349402219057083
3125937408.0,0.13731802999973297
3126874880.0,0.13973020017147064
3127812608.0,0.14616945385932922
3128750080.0,0.14657264947891235
3129687552.0,0.14550942182540894
3130625024.0,0.14490002393722534
3131562496.0,0.14281894266605377
3132499968.0,0.14125147461891174
3133437440.0,0.13840645551681519
3134374912.0,0.13570170104503632
3135312384.0,0.1321902573108673
3136250112.0,0.12949571013450623
3137187584.0,0.12510468065738678
3138125056.0,0.1231166422367096
3139062528.0,0.12099990248680115
3140000000.0,0.11965684592723846
3140937472.0,0.11988657712936401
3141874944.0,0.12160561978816986
3142812416.0,0.12365185469388962
3143749888.0,0.12712620198726654
3144687616.0,0.13224197924137115
3145625088.0,0.13686247169971466
3146562560.0,0.14194220304489136
3147500032.0,0.14666178822517395
3148437504.0,0.15067026019096375
3149374976.0,0.15217089653015137
3150312448.0,0.1528180092573166
3151249920.0,0.1530214250087738
3152187392.0,0.1487935185432434
3153125120.0,0.1435178965330124
3154062592.0,0.13601045310497284
3155000064.0,0.12656454741954803
3155937536.0,0.11456119269132614
3156875008.0,0.10156606137752533
3157812480.0,0.08733926713466644
3158749952.0,0.07231859117746353
3159687424.0,0.056798044592142105
3160624896.0,0.04056040942668915
3161562624.0,0.024957504123449326
3162500096.0,0.009754780679941177
3163437568.0,-0.0033922623842954636
3164375040.0,-0.014834548346698284
3165312512.0,-0.02497667819261551
3166249984.0,-0.0349603109061718
3167187456.0,-0.03979189321398735
3168124928.0,-0.04440867900848389
3169062400.0,-0.046908631920814514
3169999872.0,-0.04586228355765343
3170937600.0,-0.04337526857852936
3171875072.0,-0.03782389312982559
3172812544.0,-0.030731312930583954
3173750016.0,-0.02162255346775055
3174687488.0,-0.010409190319478512
3175624960.0,0.002295566024258733
3176562432.0,0.015372869558632374
3177499904.0,0.029140589758753777
3178437376.0,0.045358311384916306
3179375104.0,0.060416776686906815
3180312576.0,0.07536112517118454
3181250048.0,0.09163595736026764
3182187520.0,0.10704926401376724
3183124992.0,0.12150436639785767
3184062464.0,0.13548782467842102
3184999936.0,0.14942291378974915
3185937408.0,0.16159838438034058
3186874880.0,0.173726886510849
3187812608.0,0.14296109974384308
3188750080.0,0.13994289934635162
3189687552.0,0.135138139128685
3190625024.0,0.13048623502254486
3191562496.0,0.12520785629749298
3192499968.0,0.11955150961875916
3193437440.0,0.11452454328536987
3194374912.0,0.10951261967420578
3195312384.0,0.10438019782304764
3196250112.0,0.09915091097354889
3197187584.0,0.09512116014957428
3198125056.0,0.09088535606861115
3199062528.0,0.0878572016954422
3200000000.0,0.0856923758983612
3200937472.0,0.08382375538349152
3201874944.0,0.08193891495466232
3202812416.0,0.08167682588100433
3203749888.0,0.08175605535507202
3204687616.0,0.08281437307596207
3205625088.0,0.08419086784124374
3206562560.0,0.08581789582967758
3207500032.0,0.08900218456983566
3208437504.0,0.09088631719350815
3209374976.0,0.09334257990121841
3210312448.0,0.09670713543891907
3211249920.0,0.09955459833145142
3212187392.0,0.10177817195653915
3213125120.0,0.10490115731954575
3214062592.0,0.10786422342061996
3215000064.0,0.10996027290821075
3215937536.0,0.11241430789232254
3216875008.0,0.11369387060403824
3217812480.0,0.11487133800983429
3218749952.0,0.11595065891742706
3219687424.0,0.11567819118499756
3220624896.0,0.11631229519844055
3221562624.0,0.11605913937091827
3222500096.0,0.114918552339077
3223437568.0,0.11420197039842606
3224375040.0,0.11300407350063324
3225312512.0,0.1112539991736412
3226249984.0,0.11042565107345581
3227187456.0,0.10902640968561172
3228124928.0,0.1082148402929306
3229062400.0,0.10713277757167816
3230000128.0,0.10588366538286209
3230937600.0,0.10586743801832199
3231875072.0,0.10503982752561569
3232812544.0,0.1057315394282341
3233750016.0,0.10675767809152603
3234687488.0,0.10835931450128555
3235624960.0,0.11136921495199203
3236562432.0,0.11429619044065475
3237499904.0,0.1173449456691742
3238437376.0,0.12149259448051453
3239375104.0,0.1256197988986969
3240312576.0,0.13136030733585358
3241250048.0,0.13676226139068604
3242187520.0,0.1435694545507431
3243124992.0,0.149461030960083
3244062464.0,0.1558043658733368
3244999936.0,0.16116881370544434
3245937408.0,0.16739530861377716
3246874880.0,0.17212186753749847
3247812608.0,0.08390169590711594
3248750080.0,0.07348929345607758
3249687552.0,0.06415959447622299
3250625024.0,0.05483119189739227
3251562496.0,0.044848572462797165
3252499968.0,0.032910238951444626
3253437440.0,0.024058733135461807
3254374912.0,0.01527639850974083
3255312384.0,0.008881458081305027
3256250112.0,0.004394310526549816
3257187584.0,0.001446576090529561
3258125056.0,-0.000151251966599375
3259062528.0,0.00117074279114604
3260000000.0,0.002658458659425378
3260937472.0,0.006515176966786385
3261874944.0,0.010568613186478615
3262812416.0,0.015624942258000374
3263749888.0,0.021206732839345932
3264687616.0,0.026020508259534836
3265625088.0,0.031400468200445175
3266562560.0,0.036399345844984055
3267500032.0,0.040544018149375916
3268437504.0,0.044754818081855774
3269374976.0,0.04924090579152107
3270312448.0,0.052348434925079346
3271249920.0,0.05608610063791275
3272187392.0,0.05916373431682587
3273125120.0,0.06200249493122101
3274062592.0,0.06359869986772537
3275000064.0,0.06622254103422165
3275937536.0,0.06829477846622467
3276875008.0,0.06995533406734467
3277812480.0,0.07220466434955597
3278749952.0,0.0738208144903183
3279687424.0,0.07505306601524353
3280624896.0,0.07589533179998398
3281562624.0,0.07683654874563217
3282500096.0,0.0779072493314743
3283437568.0,0.07858605682849884
3284375040.0,0.07979432493448257
3285312512.0,0.07997675985097885
3286249984.0,0.07999294251203537
3287187456.0,0.07955384254455566
3288124928.0,0.079598069190979
3289062400.0,0.07970525324344635
3289999872.0,0.07952918112277985
3290937600.0,0.07906586676836014
3291875072.0,0.07994366437196732
3292812544.0,0.07983098924160004
3293750016.0,0.07976215332746506
3294687488.0,0.08038336783647537
3295624960.0,0.08083254843950272
3296562432.0,0.08100536465644836
3297499904.0,0.08280351758003235
3298437376.0,0.08320581167936325
3299375104.0,0.08545957505702972
3300312576.0,0.08704842627048492
3301250048.0,0.09053024649620056
3302187520.0,0.09262233227491379
3303124992.0,0.09570936113595963
3304062464.0,0.09951099008321762
3304999936.0,0.10299864411354065
3305937408.0,0.10723155736923218
3306874880.0,0.11229617893695831
3307812608.0,0.12456952035427094
3308750080.0,0.13144555687904358
3309687552.0,0.1393425315618515
3310625024.0,0.1472562551498413
3311562496.0,0.1547471582889557
3312499968.0,0.16189076006412506
3313437440.0,0.169831320643425
3314374912.0,0.17688721418380737
3315312384.0,0.18368510901927948
3316250112.0,0.18952591717243195
3317187584.0,0.1949664205312729
3318125056.0,0.20032016932964325
3319062528.0,0.20465722680091858
3320000000.0,0.2071944922208786
3320937472.0,0.20994840562343597
3321874944.0,0.2110128104686737
3322812416.0,0.21015115082263947
3323749888.0,0.20948289334774017
3324687616.0,0.20699314773082733
3325625088.0,0.204209566116333
3326562560.0,0.1990269124507904
3327500032.0,0.1934000700712204
3328437504.0,0.186610609292984
3329374976.0,0.17905375361442566
3330312448.0,0.16960707306861877
3331249920.0,0.1606728881597519
3332187392.0,0.1504339873790741
3333125120.0,0.13998375833034515
3334062592.0,0.12951886653900146
3335000064.0,0.11814981698989868
3335937536.0,0.10697940737009048
3336875008.0,0.0962420254945755
3337812480.0,0.08568404614925385
3338749952.0,0.07511431723833084
3339687424.0,0.06488653272390366
3340624896.0,0.05574382469058037
3341562624.0,0.04603857547044754
3342500096.0,0.03812303766608238
3343437568.0,0.03126184642314911
3344375040.0,0.024454934522509575
3345312512.0,0.01965940371155739
3346249984.0,0.015449072234332561
3347187456.0,0.013231226243078709
3348124928.0,0.011163965798914433
3349062400.0,0.010998861864209175
3350000128.0,0.01240304484963417
3350937600.0,0.014128102920949459
3351875072.0,0.017008893191814423
3352812544.0,0.02080707997083664
3353750016.0,0.026971284300088882
3354687488.0,0.03307688236236572
3355624960.0,0.04038649797439575
3356562432.0,0.048844337463378906
3357499904.0,0.05718855932354927
3358437376.0,0.06628652662038803
3359375104.0,0.07638727128505707
3360312576.0,0.08636972308158875
3361250048.0,0.09734204411506653
3362187520.0,0.10656705498695374
3363124992.0,0.1181335598230362
3364062464.0,0.127325177192688
3364999936.0,0.13786078989505768
3365937408.0,0.14637543261051178
3366874880.0,0.1550813913345337
3367812608.0,0.03808469697833061
3368750080.0,0.041943859308958054
3369687552.0,0.04567940905690193
3370625024.0,0.04978027567267418
3371562496.0,0.05218594893813133
3372499968.0,0.055234212428331375
3373437440.0,0.05671504884958267
3374374912.0,0.056529320776462555
3375312384.0,0.05693482607603073
3376250112.0,0.055307287722826004
3377187584.0,0.05289386585354805
3378125056.0,0.04873586446046829
3379062528.0,0.04446321725845337
3380000000.0,0.039192065596580505
3380937472.0,0.03189530968666077
3381874944.0,0.024627381935715675
3382812416.0,0.01630864292383194
3383749888.0,0.006013342645019293
3384687616.0,-0.003996602259576321
3385625088.0,-0.013843362219631672
3386562560.0,-0.02538183145225048
3387500032.0,-0.0361795537173748
3388437504.0,-0.047053005546331406
3389374976.0,-0.05844329297542572
3390312448.0,-0.06955187767744064
3391249920.0,-0.08111690729856491
3392187392.0,-0.09220501035451889
3393125120.0,-0.102645643055439
3394062592.0,-0.1119760274887085
3395000064.0,-0.12060187757015228
3395937536.0,-0.12905371189117432
3396875008.0,-0.1362302154302597
3397812480.0,-0.14264175295829773
3398749952.0,-0.14877045154571533
3399687424.0,-0.15341776609420776
3400624896.0,-0.15680956840515137
3401562624.0,-0.16027331352233887
3402500096.0,-0.16208697855472565
3403437568.0,-0.16310876607894897
3404375040.0,-0.16365663707256317
3405312512.0,-0.16419079899787903
3406249984.0,-0.16484349966049194
3407187456.0,-0.16398945450782776
3408124928.0,-0.16285701096057892
3409062400.0,-0.16325439512729645
3409999872.0,-0.1620493233203888
3410937600.0,-0.16347788274288177
3411875072.0,-0.16380099952220917
3412812544.0,-0.1654229462146759
3413750016.0,-0.1669798493385315
3414687488.0,-0.1702008694410324
3415624960.0,-0.17487016320228577
3416562432.0,-0.1813548356294632
3417499904.0,-0.18957212567329407
3418437376.0,-0.19960305094718933
3419375104.0,-0.21199002861976624
3420312576.0,-0.2260551154613495
3421250048.0,-0.24146497249603271
3422187520.0,-0.25988128781318665
3423124992.0,-0.27939242124557495
3424062464.0,-0.30141332745552063
3424999936.0,-0.3256138563156128
3425937408.0,-0.3507239818572998
3426874880.0,-0.378702312707901
3427812608.0,-0.40832167863845825
3428750080.0,-0.43558192253112793
3429687552.0,-0.46364352107048035
3430625024.0,-0.490460067987442
3431562496.0,-0.5179191827774048
3432499968.0,-0.5449652671813965
3433437440.0,-0.5712720155715942
3434374912.0,-0.5979234576225281
3435312384.0,-0.6237373948097229
3436250112.0,-0.6497564911842346
3437187584.0,-0.674957811832428
3438125056.0,-0.7021052837371826
3439062528.0,-0.7298128604888916
3440000000.0,-0.7578349709510803
3440937472.0,-0.7875821590423584
3441874944.0,-0.8195429444313049
3442812416.0,-0.8526591062545776
3443749888.0,-0.8888548016548157
3444687616.0,-0.9292062520980835
3445625088.0,-0.9712305068969727
3446562560.0,-1.017580270767212
3447500032.0,-1.0667537450790405
3448437504.0,-1.1194531917572021
3449374976.0,-1.1755266189575195
3450312448.0,-1.233138918876648
3451249920.0,-1.2948652505874634
3452187392.0,-1.3562732934951782
3453125120.0,-1.419430136680603
3454062592.0,-1.4823004007339478
3455000064.0,-1.545408010482788
3455937536.0,-1.6085149049758911
3456875008.0,-1.6678229570388794
3457812480.0,-1.7252655029296875
3458749952.0,-1.7791757583618164
3459687424.0,-1.8269084692001343
3460624896.0,-1.8686069250106812
3461562624.0,-1.90254545211792
3462500096.0,-1.9281939268112183
3463437568.0,-1.9485337734222412
3464375040.0,-1.9607967138290405
3465312512.0,-1.9654688835144043
3466249984.0,-1.9623961448669434
3467187456.0,-1.9530003070831299
3468124928.0,-1.9380954504013062
3469062400.0,-1.9160083532333374
3470000128.0,-1.889893651008606
3470937600.0,-1.8581147193908691
3471875072.0,-1.8233845233917236
3472812544.0,-1.7835566997528076
3473750016.0,-1.7404723167419434
3474687488.0,-1.691872239112854
3475624960.0,-1.643047571182251
3476562432.0,-1.590839147567749
3477499904.0,-1.5378259420394897
3478437376.0,-1.4811968803405762
3479375104.0,-1.4254060983657837
3480312576.0,-1.3745524883270264
3481250048.0,-1.326882004737854
3482187520.0,-1.2785767316818237
3483124992.0,-1.2324919700622559
3484062464.0,-1.1862128973007202
3484999936.0,-1.1414862871170044
3485937408.0,-1.0979458093643188
3486874880.0,-1.0560818910598755
3487812608.0,-1.0485384464263916
3488750080.0,-1.0094304084777832
3489687552.0,-0.9722195863723755
3490625024.0,-0.937474250793457
3491562496.0,-0.9034557938575745
3492499968.0,-0.8725900053977966
3493437440.0,-0.8420264720916748
3494374912.0,-0.8147769570350647
3495312384.0,-0.7885565161705017
3496250112.0,-0.7647740840911865
3497187584.0,-0.7426078915596008
3498125056.0,-0.7240544557571411
3499062528.0,-0.7082715034484863
3500000000.0,-0.6928071975708008
3500937472.0,-0.6782025694847107
3501874944.0,-0.6647202968597412
3502812416.0,-0.6507751941680908
3503749888.0,-0.6390002369880676
3504687616.0,-0.6286497116088867
3505625088.0,-0.6158473491668701
3506562560.0,-0.6045362949371338
3507500032.0,-0.5914505124092102
3508437504.0,-0.5782467126846313
3509374976.0,-0.5645400881767273
3510312448.0,-0.550675094127655
3511249920.0,-0.5369505286216736
3512187392.0,-0.5229862332344055
3513125120.0,-0.5084632039070129
3514062592.0,-0.49439945816993713
3515000064.0,-0.4785904586315155
3515937536.0,-0.4622551500797272
3516875008.0,-0.44597017765045166
3517812480.0,-0.4288761019706726
3518749952.0,-0.412422776222229
3519687424.0,-0.394981324672699
3520624896.0,-0.3763449788093567
3521562624.0,-0.3573329448699951
3522500096.0,-0.3378872871398926
3523437568.0,-0.3179478645324707
3524375040.0,-0.29883742332458496
3525312512.0,-0.2798437476158142
3526249984.0,-0.26148054003715515
3527187456.0,-0.2437959611415863
3528124928.0,-0.22595426440238953
3529062400.0,-0.20869390666484833
3529999872.0,-0.19170933961868286
3530937600.0,-0.17680391669273376
3531875072.0,-0.16437526047229767
3532812544.0,-0.15183532238006592
3533750016.0,-0.1421084851026535
3534687488.0,-0.13316701352596283
3535624960.0,-0.12581326067447662
3536562432.0,-0.12091569602489471
3537499904.0,-0.11678686738014221
3538437376.0,-0.11585411429405212
3539375104.0,-0.11515861004590988
3540312576.0,-0.11662723869085312
3541250048.0,-0.1211106926202774
3542187520.0,-0.12629522383213043
3543124992.0,-0.13323457539081573
3544062464.0,-0.1418895274400711
3544999936.0,-0.1519896686077118
3545937408.0,-0.16326145827770233
3546874880.0,-0.17505891621112823
3547812608.0,-0.21575255692005157
3548750080.0,-0.20744730532169342
3549687552.0,-0.19951947033405304
3550625024.0,-0.19160804152488708
3551562496.0,-0.1852315217256546
3552499968.0,-0.1792512685060501
3553437440.0,-0.17383135855197906
3554374912.0,-0.1683148443698883
3555312384.0,-0.16328580677509308
3556250112.0,-0.15953974425792694
3557187584.0,-0.1557288020849228
3558125056.0,-0.1523497849702835
3559062528.0,-0.14871729910373688
3560000000.0,-0.14542359113693237
3560937472.0,-0.1413492113351822
3561874944.0,-0.138747900724411
3562812416.0,-0.1361348181962967
3563749888.0,-0.13399307429790497
3564687616.0,-0.13242192566394806
3565625088.0,-0.13000324368476868
3566562560.0,-0.12835143506526947
3567500032.0,-0.12684448063373566
3568437504.0,-0.1257256269454956
3569374976.0,-0.12399067729711533
3570312448.0,-0.12258293479681015
3571249920.0,-0.12027525901794434
3572187392.0,-0.11799640953540802
3573125120.0,-0.11431997269392014
3574062592.0,-0.11023057252168655
3575000064.0,-0.10740891844034195
3575937536.0,-0.10290273278951645
3576875008.0,-0.09890253096818924
3577812480.0,-0.09444524347782135
3578749952.0,-0.08931124955415726
3579687424.0,-0.08362410217523575
3580624896.0,-0.07919034361839294
3581562624.0,-0.07488557696342468
3582500096.0,-0.07230696082115173
3583437568.0,-0.06934953480958939
3584375040.0,-0.06643025577068329
3585312512.0,-0.06458835303783417
3586249984.0,-0.062086135149002075
3587187456.0,-0.05899110808968544
3588124928.0,-0.0578727200627327
3589062400.0,-0.055804602801799774
3590000128.0,-0.0544283464550972
3590937600.0,-0.0536932647228241
3591875072.0,-0.05179373547434807
3592812544.0,-0.05094587057828903
3593750016.0,-0.05082748085260391
3594687488.0,-0.05063001066446304
3595624960.0,-0.05178697407245636
3596562432.0,-0.05287989228963852
3597499904.0,-0.055069513618946075
3598437376.0,-0.05718313902616501
3599375104.0,-0.059368427842855453
3600312576.0,-0.061283912509679794
3601250048.0,-0.06420975923538208
3602187520.0,-0.06681875884532928
3603124992.0,-0.06952372938394547
3604062464.0,-0.07138693332672119
3604999936.0,-0.07423792034387589
3605937408.0,-0.07621481269598007
3606874880.0,-0.0776611790060997
3607812608.0,-0.08260072022676468
3608750080.0,-0.08093298226594925
3609687552.0,-0.07966441661119461
3610625024.0,-0.07903978228569031
3611562496.0,-0.07821565121412277
3612499968.0,-0.07840415090322495
3613437440.0,-0.07897152751684189
3614374912.0,-0.07899009436368942
3615312384.0,-0.081100232899189
3616250112.0,-0.082154780626297
3617187584.0,-0.08547168970108032
3618125056.0,-0.08781836181879044
3619062528.0,-0.09029100090265274
3620000000.0,-0.09323897212743759
3620937472.0,-0.09749586880207062
3621874944.0,-0.10028673708438873
3622812416.0,-0.10213124752044678
3623749888.0,-0.10523846000432968
3624687616.0,-0.10840148478746414
3625625088.0,-0.11209232360124588
3626562560.0,-0.11553109437227249
3627500032.0,-0.11916491389274597
3628437504.0,-0.12290064990520477
3629374976.0,-0.12502151727676392
3630312448.0,-0.12720143795013428
3631249920.0,-0.12945809960365295
3632187392.0,-0.12956736981868744
3633125120.0,-0.12841364741325378
3634062592.0,-0.127129927277565
3635000064.0,-0.12496159970760345
3635937536.0,-0.12121260166168213
3636875008.0,-0.11727321147918701
3637812480.0,-0.11205720901489258
3638749952.0,-0.10602453351020813
3639687424.0,-0.09896279871463776
3640624896.0,-0.09156978875398636
3641562624.0,-0.08404096961021423
3642500096.0,-0.07706091552972794
3643437568.0,-0.06864724308252335
3644375040.0,-0.061451368033885956
3645312512.0,-0.05348314344882965
3646249984.0,-0.04543466866016388
3647187456.0,-0.03849014267325401
3648124928.0,-0.03017459809780121
3649062400.0,-0.020892532542347908
3649999872.0,-0.013601072132587433
3650937600.0,-0.0063255103304982185
3651875072.0,0.0009554144344292581
3652812544.0,0.006487034726887941
3653750016.0,0.012263378128409386
3654687488.0,0.01778959110379219
3655624960.0,0.02208412066102028
3656562432.0,0.026416724547743797
3657499904.0,0.029360715299844742
3658437376.0,0.0326242633163929
3659375104.0,0.03409630060195923
3660312576.0,0.036049287766218185
3661250048.0,0.03606271743774414
3662187520.0,0.03543233498930931
3663124992.0,0.03393608704209328
3664062464.0,0.03049272857606411
3664999936.0,0.027200737968087196
3665937408.0,0.022752393037080765
3666874880.0,0.01823437586426735
3667812608.0,0.009505684487521648
3668750080.0,0.0053452393040061
3669687552.0,0.0003111833648290485
3670625024.0,-0.004007043782621622
3671562496.0,-0.007734720129519701
3672499968.0,-0.01097213476896286
3673437440.0,-0.01276333723217249
3674374912.0,-0.012995300814509392
3675312384.0,-0.014560723677277565
3676250112.0,-0.015432297252118587
3677187584.0,-0.015419636853039265
3678125056.0,-0.01575886644423008
3679062528.0,-0.015821348875761032
3680000000.0,-0.01595165766775608
3680937472.0,-0.015308257192373276
3681874944.0,-0.014185205101966858
3682812416.0,-0.01245756633579731
3683749888.0,-0.01025654748082161
3684687616.0,-0.007416948210448027
3685625088.0,-0.004746721126139164
3686562560.0,-0.001877948292531073
3687500032.0,0.001118633197620511
3688437504.0,0.0045676263980567455
3689374976.0,0.007278771605342627
3690312448.0,0.01004102360457182
3691249920.0,0.012810661457479
3692187392.0,0.017058994621038437
3693125120.0,0.019846340641379356
3694062592.0,0.023061176761984825
3695000064.0,0.024767156690359116
3695937536.0,0.028348607942461967
3696875008.0,0.03074476309120655
3697812480.0,0.031272366642951965
3698749952.0,0.033235225826501846
3699687424.0,0.03448588773608208
3700624896.0,0.03469653055071831
3701562624.0,0.03384556248784065
3702500096.0,0.032913073897361755
3703437568.0,0.03179378807544708
3704375040.0,0.028123900294303894
3705312512.0,0.024622702971100807
3706249984.0,0.019221464172005653
3707187456.0,0.012808582745492458
3708124928.0,0.004037444945424795
3709062400.0,-0.005189420189708471
3710000128.0,-0.015507165342569351
3710937600.0,-0.026626169681549072
3711875072.0,-0.040421370416879654
3712812544.0,-0.05581515654921532
3713750016.0,-0.07242485135793686
3714687488.0,-0.09028790146112442
3715624960.0,-0.10942070186138153
3716562432.0,-0.12938201427459717
3717499904.0,-0.15056823194026947
3718437376.0,-0.17178481817245483
3719375104.0,-0.19318629801273346
3720312576.0,-0.21420541405677795
3721250048.0,-0.23663941025733948
3722187520.0,-0.25726428627967834
3723124992.0,-0.27778270840644836
3724062464.0,-0.29626813530921936
3724999936.0,-0.3143698573112488
3725937408.0,-0.33044737577438354
3726874880.0,-0.3438113331794739
3727812608.0,-0.033275436609983444
3728750080.0,-0.03393460437655449
3729687552.0,-0.0343368798494339
3730625024.0,-0.036144331097602844
3731562496.0,-0.03914761543273926
3732499968.0,-0.043162811547517776
3733437440.0,-0.04581969603896141
3734374912.0,-0.049285728484392166
3735312384.0,-0.05271190032362938
3736250112.0,-0.05590052902698517
3737187584.0,-0.057493045926094055
3738125056.0,-0.058326173573732376
3739062528.0,-0.05866219475865364
3740000000.0,-0.05887823924422264
3740937472.0,-0.057684049010276794
3741874944.0,-0.05667729303240776
3742812416.0,-0.053536977618932724
3743749888.0,-0.04955776035785675
3744687616.0,-0.04500240460038185
3745625088.0,-0.03867322579026222
3746562560.0,-0.032945599406957626
3747500032.0,-0.02553289197385311
3748437504.0,-0.016537033021450043
3749374976.0,-0.007688182406127453
3750312448.0,0.003031298751011491
3751249920.0,0.013204682618379593
3752187392.0,0.02485436573624611
3753125120.0,0.03572480008006096
3754062592.0,0.04664773866534233
3755000064.0,0.0583704449236393
3755937536.0,0.068202443420887
3756875008.0,0.0778597742319107
3757812480.0,0.08739820122718811
3758749952.0,0.09694739431142807
3759687424.0,0.10531393438577652
3760624896.0,0.11318212002515793
3761562624.0,0.11985348910093307
3762500096.0,0.12507154047489166
3763437568.0,0.1293994039297104
3764375040.0,0.13177071511745453
3765312512.0,0.13255709409713745
3766249984.0,0.13167496025562286
3767187456.0,0.12993460893630981
3768124928.0,0.1265711933374405
3769062400.0,0.12133262306451797
3769999872.0,0.11533519625663757
3770937600.0,0.10764157772064209
3771875072.0,0.09879213571548462
3772812544.0,0.08804071694612503
3773750016.0,0.07711602747440338
3774687488.0,0.06608127802610397
3775624960.0,0.05480145290493965
3776562432.0,0.04291640594601631
3777499904.0,0.029642920941114426
3778437376.0,0.018691224977374077
3779375104.0,0.004757657181471586
3780312576.0,-0.007999790832400322
3781250048.0,-0.02052369900047779
3782187520.0,-0.032562654465436935
3783124992.0,-0.045271750539541245
3784062464.0,-0.057078927755355835
3784999936.0,-0.06769634783267975
3785937408.0,-0.07844114303588867
3786874880.0,-0.07245390862226486
3787812608.0,-0.07733713090419769
3788750080.0,-0.08172278106212616
3789687552.0,-0.08660266548395157
3790625024.0,-0.09013446420431137
3791562496.0,-0.09435196220874786
3792499968.0,-0.09851305186748505
3793437440.0,-0.10132381319999695
3794374912.0,-0.10473555326461792
3795312384.0,-0.10666029155254364
3796250112.0,-0.10759489238262177
3797187584.0,-0.10814876854419708
3798125056.0,-0.10680530965328217
3799062528.0,-0.10421961545944214
3800000000.0,-0.10224775969982147
3800937472.0,-0.09778974205255508
3801874944.0,-0.09282831847667694
3802812416.0,-0.08809295296669006
3803749888.0,-0.08212101459503174
3804687616.0,-0.0741923451423645
3805625088.0,-0.06729226559400558
3806562560.0,-0.05856478586792946
3807500032.0,-0.0503888875246048
3808437504.0,-0.04105358570814133
3809374976.0,-0.03158017620444298
3810312448.0,-0.022624703124165535
3811249920.0,-0.013457325287163258
3812187392.0,-0.004294889513403177
3813125120.0,0.0044851661659777164
3814062592.0,0.012393254786729813
3815000064.0,0.019754549488425255
3815937536.0,0.026395902037620544
3816875008.0,0.03269417956471443
3817812480.0,0.03890020772814751
3818749952.0,0.04287809506058693
3819687424.0,0.04700426012277603
3820624896.0,0.049179766327142715
3821562624.0,0.05019572377204895
3822500096.0,0.05030810460448265
3823437568.0,0.05004958435893059
3824375040.0,0.04916514456272125
3825312512.0,0.04705335199832916
3826249984.0,0.04442358389496803
3827187456.0,0.04072205349802971
3828124928.0,0.03649827837944031
3829062400.0,0.03254036605358124
3830000128.0,0.027560962364077568
3830937600.0,0.022686142474412918
3831875072.0,0.01851346157491207
3832812544.0,0.014196094125509262
3833750016.0,0.009369582869112492
3834687488.0,0.0038058857899159193
3835624960.0,-0.0017505754949524999
3836562432.0,-0.00656842440366745
3837499904.0,-0.011592444032430649
3838437376.0,-0.016845528036355972
3839375104.0,-0.021838411688804626
3840312576.0,-0.026561642065644264
3841250048.0,-0.030699679628014565
3842187520.0,-0.0348048098385334
3843124992.0,-0.039388056844472885
3844062464.0,-0.04337476193904877
3844999936.0,-0.046706993132829666
3845937408.0,-0.050830066204071045
3846874880.0,-0.04859578609466553
3847812608.0,-0.051165755838155746
3848750080.0,-0.05270301550626755
3849687552.0,-0.053295232355594635
3850625024.0,-0.05609101057052612
3851562496.0,-0.056855734437704086
3852499968.0,-0.05877117067575455
3853437440.0,-0.05994974449276924
3854374912.0,-0.06126133352518082
3855312384.0,-0.06145087629556656
3856250112.0,-0.0613434836268425
3857187584.0,-0.060325413942337036
3858125056.0,-0.05938531830906868
3859062528.0,-0.057634077966213226
3860000000.0,-0.055382538586854935
3860937472.0,-0.05362515524029732
3861874944.0,-0.05109573155641556
3862812416.0,-0.049155447632074356
3863749888.0,-0.04779207333922386
3864687616.0,-0.04715917259454727
3865625088.0,-0.049082107841968536
3866562560.0,-0.05114945396780968
3867500032.0,-0.05541231855750084
3868437504.0,-0.06067894026637077
3869374976.0,-0.0683123916387558
3870312448.0,-0.0767139121890068
3871249920.0,-0.08602443337440491
3872187392.0,-0.09764757007360458
3873125120.0,-0.10965482145547867
3874062592.0,-0.12158919125795364
3875000064.0,-0.133302241563797
3875937536.0,-0.14487877488136292
3876875008.0,-0.15594449639320374
3877812480.0,-0.16547098755836487
3878749952.0,-0.1733991652727127
3879687424.0,-0.17978008091449738
3880624896.0,-0.18336723744869232
3881562624.0,-0.1851588636636734
3882500096.0,-0.18481309711933136
3883437568.0,-0.18239562213420868
3884375040.0,-0.17826895415782928
3885312512.0,-0.17152148485183716
3886249984.0,-0.16439883410930634
3887187456.0,-0.1549910008907318
3888124928.0,-0.14478902518749237
3889062400.0,-0.13342036306858063
3889999872.0,-0.12073599547147751
3890937600.0,-0.10938162356615067
3891875072.0,-0.09715615957975388
3892812544.0,-0.08580300956964493
3893750016.0,-0.07469309121370316
3894687488.0,-0.06461478024721146
3895624960.0,-0.055597227066755295
3896562432.0,-0.04715055599808693
3897499904.0,-0.04058777168393135
3898437376.0,-0.0351414829492569
3899375104.0,-0.031654275953769684
3900312576.0,-0.028276359662413597
3901250048.0,-0.026410168036818504
3902187520.0,-0.024287013337016106
3903124992.0,-0.022536497563123703
3904062464.0,-0.021083034574985504
3904999936.0,-0.01887836493551731
3905937408.0,-0.017299825325608253
3906874880.0,-0.02501366287469864
3907812608.0,-0.03258414939045906
3908750080.0,-0.039540037512779236
3909687552.0,-0.044101450592279434
3910625024.0,-0.04765921086072922
3911562496.0,-0.04877147078514099
3912499968.0,-0.04841475561261177
3913437440.0,-0.046571314334869385
3914374912.0,-0.042803164571523666
3915312384.0,-0.03780350461602211
3916250112.0,-0.02987515553832054
3917187584.0,-0.021497951820492744
3918125056.0,-0.011283835396170616
3919062528.0,-0.0003712461329996586
3920000000.0,0.012110483832657337
3920937472.0,0.022986510768532753
3921874944.0,0.03563671559095383
3922812416.0,0.04755039140582085
3923749888.0,0.0580756776034832
3924687616.0,0.06829509884119034
3925625088.0,0.07872248440980911
3926562560.0,0.08743543177843094
3927500032.0,0.095379538834095
3928437504.0,0.10256148874759674
3929374976.0,0.10734481364488602
3930312448.0,0.10969532281160355
3931249920.0,0.11149201542139053
3932187392.0,0.11238668859004974
3933125120.0,0.11115237325429916
3934062592.0,0.1073584035038948
3935000064.0,0.10406722873449326
3935937536.0,0.09937892854213715
3936875008.0,0.0924772098660469
3937812480.0,0.08594880998134613
3938749952.0,0.07624335587024689
3939687424.0,0.0663297176361084
3940624896.0,0.05490710586309433
3941562624.0,0.04388862103223801
3942500096.0,0.03048928827047348
3943437568.0,0.017171114683151245
3944375040.0,0.003373801941052079
3945312512.0,-0.010482373647391796
3946249984.0,-0.025196615606546402
3947187456.0,-0.039148520678281784
3948124928.0,-0.05355623736977577
3949062400.0,-0.06685727834701538
3950000128.0,-0.07959216088056564
3950937600.0,-0.09207256138324738
3951875072.0,-0.10346616059541702
3952812544.0,-0.11413167417049408
3953750016.0,-0.12477351725101471
3954687488.0,-0.13484589755535126
3955624960.0,-0.14451417326927185
3956562432.0,-0.1526654064655304
3957499904.0,-0.16053761541843414
3958437376.0,-0.16849112510681152
3959375104.0,-0.17509029805660248
3960312576.0,-0.18224765360355377
3961250048.0,-0.18829534947872162
3962187520.0,-0.19458171725273132
3963124992.0,-0.1997305154800415
3964062464.0,-0.2052844762802124
3964999936.0,-0.20927898585796356
3965937408.0,-0.21425321698188782
3966874880.0,-0.10569833964109421
3967812608.0,-0.11193304508924484
3968750080.0,-0.1171828880906105
3969687552.0,-0.12146998196840286
3970625024.0,-0.1256096512079239
3971562496.0,-0.12864913046360016
3972499968.0,-0.13081736862659454
3973437440.0,-0.131790891289711
3974374912.0,-0.13284866511821747
3975312384.0,-0.13221925497055054
3976250112.0,-0.13132146000862122
3977187584.0,-0.12925320863723755
3978125056.0,-0.1262987107038498
3979062528.0,-0.1224009171128273
3980000000.0,-0.11805416643619537
3980937472.0,-0.11238302290439606
3981874944.0,-0.10684410482645035
3982812416.0,-0.1005866527557373
3983749888.0,-0.09403659403324127
3984687616.0,-0.08812882751226425
3985625088.0,-0.08137337118387222
3986562560.0,-0.07406457513570786
3987500032.0,-0.06782767176628113
3988437504.0,-0.06200284883379936
3989374976.0,-0.05544780567288399
3990312448.0,-0.04831685125827789
3991249920.0,-0.042957451194524765
3992187392.0,-0.037059199064970016
3993125120.0,-0.031744662672281265
3994062592.0,-0.02757301554083824
3995000064.0,-0.023652348667383194
3995937536.0,-0.021783610805869102
3996875008.0,-0.021487979218363762
3997812480.0,-0.02095513977110386
3998749952.0,-0.02241460792720318
3999687424.0,-0.02121000364422798
4000624896.0,-0.01311887800693512
4001562624.0,-0.017717303708195686
4002500096.0,-0.022577226161956787
4003437568.0,-0.027933115139603615
4004375040.0,-0.03412674739956856
4005312512.0,-0.04110099747776985
4006249984.0,-0.04827965423464775
4007187456.0,-0.05633746460080147
4008124928.0,-0.06450396776199341
4009062400.0,-0.0730682834982872
4009999872.0,-0.08267348259687424
4010937600.0,-0.0908631980419159
4011875072.0,-0.09966393560171127
4012812544.0,-0.10851079225540161
4013750016.0,-0.11777861416339874
4014687488.0,-0.1257171481847763
4015624960.0,-0.13559670746326447
4016562432.0,-0.14350908994674683
4017499904.0,-0.15191589295864105
4018437376.0,-0.15895454585552216
4019375104.0,-0.1662411391735077
4020312576.0,-0.17311641573905945
4021250048.0,-0.1798168420791626
4022187520.0,-0.18542006611824036
4023124992.0,-0.1925199031829834
4024062464.0,-0.19693733751773834
4024999936.0,-0.20249536633491516
4025937408.0,-0.20848803222179413
4026874880.0,-0.2008819878101349
4027812608.0,-0.20374660193920135
4028750080.0,-0.20615893602371216
4029687552.0,-0.20845504105091095
4030625024.0,-0.21033279597759247
4031562496.0,-0.21196483075618744
4032499968.0,-0.21357592940330505
4033437440.0,-0.216599240899086
4034374912.0,-0.21728596091270447
4035312384.0,-0.21894101798534393
4036250112.0,-0.22054293751716614
4037187584.0,-0.222497820854187
4038125056.0,-0.22295252978801727
4039062528.0,-0.22464975714683533
4040000000.0,-0.22538214921951294
4040937472.0,-0.22553245723247528
4041874944.0,-0.2243799865245819
4042812416.0,-0.2216576337814331
4043749888.0,-0.21942920982837677
4044687616.0,-0.21433374285697937
4045625088.0,-0.21026203036308289
4046562560.0,-0.20398065447807312
4047500032.0,-0.19664138555526733
4048437504.0,-0.18890392780303955
4049374976.0,-0.18018268048763275
4050312448.0,-0.17135204374790192
4051249920.0,-0.16061986982822418
4052187392.0,-0.14968279004096985
4053125120.0,-0.1371467560529709
4054062592.0,-0.12535521388053894
4055000064.0,-0.11265253275632858
4055937536.0,-0.1001557782292366
4056875008.0,-0.08661139756441116
4057812480.0,-0.07412789762020111
4058749952.0,-0.061271846294403076
4059687424.0,-0.047955628484487534
4060624896.0,-0.03577229008078575
4061562624.0,-0.02446603588759899
4062500096.0,-0.012787595391273499
4063437568.0,-0.0037068885285407305
4064375040.0,0.0063071781769394875
4065312512.0,0.014453415758907795
4066249984.0,0.022025277838110924
4067187456.0,0.028607740998268127
4068124928.0,0.03416416049003601
4069062400.0,0.03692663833498955
4070000128.0,0.03922569006681442
4070937600.0,0.04054674878716469
4071875072.0,0.03978150710463524
4072812544.0,0.03803429752588272
4073750016.0,0.03496849909424782
4074687488.0,0.0314762182533741
4075624960.0,0.027181532233953476
4076562432.0,0.021261757239699364
4077499904.0,0.014872225932776928
4078437376.0,0.008741333149373531
4079375104.0,0.0015544001944363117
4080312576.0,-0.00676641333848238
4081250048.0,-0.015590853989124298
4082187520.0,-0.025123097002506256
4083124992.0,-0.03488361835479736
4084062464.0,-0.04375430941581726
4084999936.0,-0.053744107484817505
4085937408.0,-0.06389046460390091
4086874880.0,-0.0886353924870491
4087812608.0,-0.09392606467008591
4088750080.0,-0.09831257909536362
4089687552.0,-0.10358045250177383
4090625024.0,-0.10723506659269333
4091562496.0,-0.11103667318820953
4092499968.0,-0.11330339312553406
4093437440.0,-0.1165676862001419
4094374912.0,-0.11948620527982712
4095312384.0,-0.12069496512413025
4096250112.0,-0.12224768102169037
4097187584.0,-0.12286262214183807
4098125056.0,-0.12456421554088593
4099062528.0,-0.1272209882736206
4100000000.0,-0.12918004393577576
4100937472.0,-0.13124658167362213
4101874944.0,-0.13361383974552155
4102812416.0,-0.1363460272550583
4103749888.0,-0.13813956081867218
4104687616.0,-0.1401115208864212
4105625088.0,-0.14170415699481964
4106562560.0,-0.14266438782215118
4107500032.0,-0.14444217085838318
4108437504.0,-0.14540331065654755
4109374976.0,-0.14647307991981506
4110312448.0,-0.14897197484970093
4111249920.0,-0.14999401569366455
4112187392.0,-0.1505463868379593
4113125120.0,-0.15115702152252197
4114062592.0,-0.15082767605781555
4115000064.0,-0.1514921337366104
4115937536.0,-0.15025900304317474
4116875008.0,-0.15015679597854614
4117812480.0,-0.1481139361858368
4118749952.0,-0.1461535096168518
4119687424.0,-0.14450597763061523
4120624896.0,-0.14162233471870422
4121562624.0,-0.13828040659427643
4122500096.0,-0.13464929163455963
4123437568.0,-0.1316147744655609
4124375040.0,-0.1275893896818161
4125312512.0,-0.12327763438224792
4126249984.0,-0.11986133456230164
4127187456.0,-0.11512880027294159
4128124928.0,-0.11071821302175522
4129062400.0,-0.1068449318408966
4129999872.0,-0.10231815278530121
4130937600.0,-0.09826058894395828
4131875072.0,-0.09309187531471252
4132812544.0,-0.08913204073905945
4133750016.0,-0.08414233475923538
4134687488.0,-0.08041667938232422
4135624960.0,-0.0773085355758667
4136562432.0,-0.07441192865371704
4137499904.0,-0.0716821700334549
4138437376.0,-0.06968171894550323
4139375104.0,-0.06727584451436996
4140312576.0,-0.06543835997581482
4141250048.0,-0.06367170810699463
4142187520.0,-0.06108317896723747
4143124992.0,-0.060291871428489685
4144062464.0,-0.0579693429172039
4144999936.0,-0.05669649690389633
4145937408.0,-0.054369740188121796
4146874880.0,-0.089845672249794
4147812608.0,-0.09069029986858368
4148750080.0,-0.09132799506187439
4149687552.0,-0.0900954157114029
4150625024.0,-0.08980228006839752
4151562496.0,-0.08748269081115723
4152499968.0,-0.08557113260030746
4153437440.0,-0.08362903445959091
4154374912.0,-0.08032265305519104
4155312384.0,-0.07575343549251556
4156250112.0,-0.07158957421779633
4157187584.0,-0.06670062988996506
4158125056.0,-0.06069130823016167
4159062528.0,-0.05636235699057579
4160000000.0,-0.051732137799263
4160937472.0,-0.04554139822721481
4161874944.0,-0.04207171872258186
4162812416.0,-0.03678262233734131
4163749888.0,-0.03321408852934837
4164687616.0,-0.02885628491640091
4165625088.0,-0.026472337543964386
4166562560.0,-0.023975688964128494
4167500032.0,-0.022417502477765083
4168437504.0,-0.021227678284049034
4169374976.0,-0.0215523149818182
4170312448.0,-0.02278919517993927
4171249920.0,-0.02438472770154476
4172187392.0,-0.026071330532431602
4173125120.0,-0.029747534543275833
4174062592.0,-0.032407354563474655
4175000064.0,-0.03595731779932976
4175937536.0,-0.04156532511115074
4176875008.0,-0.04520600661635399
4177812480.0,-0.05049548298120499
4178749952.0,-0.05619281902909279
4179687424.0,-0.062283046543598175
4180624896.0,-0.06781715154647827
4181562624.0,-0.07355853915214539
4182500096.0,-0.07978174090385437
4183437568.0,-0.08506836742162704
4184375040.0,-0.09038830548524857
4185312512.0,-0.09527016431093216
4186249984.0,-0.1006859615445137
4187187456.0,-0.1042092815041542
4188124928.0,-0.10783809423446655
4189062400.0,-0.11344777047634125
4190000128.0,-0.11577468365430832
4190937600.0,-0.11913803219795227
4191875072.0,-0.12287299335002899
4192812544.0,-0.1265261471271515
4193750016.0,-0.12988360226154327
4194687488.0,-0.13341931998729706
4195624960.0,-0.1361093521118164
4196562432.0,-0.13994304835796356
4197499904.0,-0.14397500455379486
4198437376.0,-0.1478937864303589
4199375104.0,-0.15288202464580536
4200312576.0,-0.15770655870437622
4201250048.0,-0.16280215978622437
4202187520.0,-0.16861975193023682
4203124992.0,-0.17325939238071442
4204062464.0,-0.1789279282093048
4204999936.0,-0.18357418477535248
4205937408.0,-0.1893046647310257
4206874880.0,-0.18028651177883148
4207812608.0,-0.18782049417495728
4208750080.0,-0.19299139082431793
4209687552.0,-0.19838295876979828
4210625024.0,-0.20110338926315308
4211562496.0,-0.2051146924495697
4212499968.0,-0.2066030204296112
4213437440.0,-0.20834441483020782
4214374912.0,-0.20900306105613708
4215312384.0,-0.20838476717472076
4216250112.0,-0.2058417797088623
4217187584.0,-0.20284034311771393
4218125056.0,-0.1977216899394989
4219062528.0,-0.19138863682746887
4220000000.0,-0.18466147780418396
4220937472.0,-0.17538996040821075
4221874944.0,-0.16454926133155823
4222812416.0,-0.1542862206697464
4223749888.0,-0.1412816345691681
4224687616.0,-0.12735572457313538
4225625088.0,-0.11186126619577408
4226562560.0,-0.09653114527463913
4227500032.0,-0.08005852997303009
4228437504.0,-0.061630114912986755
4229374976.0,-0.044645365327596664
4230312448.0,-0.027281882241368294
4231249920.0,-0.01023394986987114
4232187392.0,0.006461844313889742
4233125120.0,0.023168301209807396
4234062592.0,0.03913589194417
4235000064.0,0.053985074162483215
4235937536.0,0.06816993653774261
4236875008.0,0.08221250027418137
4237812480.0,0.09639770537614822
4238749952.0,0.10874488204717636
4239687424.0,0.11969280987977982
4240624896.0,0.12862840294837952
4241562624.0,0.1358921080827713
4242500096.0,0.14126275479793549
4243437568.0,0.1460115760564804
4244375040.0,0.14943534135818481
4245312512.0,0.15085555613040924
4246249984.0,0.14975802600383759
4247187456.0,0.14780332148075104
4248124928.0,0.1441819667816162
4249062400.0,0.1385805755853653
4249999872.0,0.13051287829875946
4250937600.0,0.12197326868772507
4251875072.0,0.11033041030168533
4252812544.0,0.09647668898105621
4253750016.0,0.08232197910547256
4254687488.0,0.06505171209573746
4255624960.0,0.04684619605541229
4256562432.0,0.027637097984552383
4257499904.0,0.008237344212830067
4258437376.0,-0.012230847030878067
4259375104.0,-0.033739082515239716
4260312576.0,-0.05598015710711479
4261250048.0,-0.07733085006475449
4262187520.0,-0.0998828113079071
4263124992.0,-0.12276001274585724
4264062464.0,-0.145475372672081
4264999936.0,-0.1688065230846405
4265937408.0,-0.19032348692417145
4266874880.0,-0.20539289712905884
4267812608.0,-0.2141408622264862
4268750080.0,-0.22247792780399323
4269687552.0,-0.23085983097553253
4270625024.0,-0.24013561010360718
4271562496.0,-0.24749676883220673
4272499968.0,-0.2555762827396393
4273437440.0,-0.26012760400772095
4274374912.0,-0.2635415196418762
4275312384.0,-0.266395628452301
4276250112.0,-0.2674473822116852
4277187584.0,-0.26579615473747253
4278125056.0,-0.26235535740852356
4279062528.0,-0.25735703110694885
4280000000.0,-0.24821577966213226
4280937472.0,-0.23715829849243164
4281874944.0,-0.22320862114429474
4282812416.0,-0.20783375203609467
4283749888.0,-0.19130027294158936
4284687616.0,-0.1725878268480301
4285625088.0,-0.15212023258209229
4286562560.0,-0.13086768984794617
4287500032.0,-0.10783610492944717
4288437504.0,-0.08501535654067993
4289374976.0,-0.061075713485479355
4290312448.0,-0.03625413775444031
4291249920.0,-0.011179141700267792
4292187392.0,0.012362342327833176
4293125120.0,0.036343395709991455
4294062592.0,0.05889636650681496
4295000064.0,0.07998555898666382
4295937536.0,0.09906984120607376
4296875008.0,0.1172470897436142
4297812480.0,0.13455265760421753
4298749952.0,0.1493712067604065
4299687424.0,0.1613665223121643
4300624896.0,0.1728217601776123
4301562368.0,0.18087731301784515
4302499840.0,0.18717418611049652
4303437312.0,0.19055666029453278
4304374784.0,0.19017206132411957
4305312256.0,0.1877385377883911
4306250240.0,0.1838228404521942
4307187712.0,0.17558053135871887
4308125184.0,0.1662287563085556
4309062656.0,0.15467877686023712
4310000128.0,0.14125587046146393
4310937600.0,0.12568318843841553
4311875072.0,0.10973972827196121
4312812544.0,0.09188065677881241
4313750016.0,0.07412072271108627
4314687488.0,0.05464264005422592
4315624960.0,0.033865589648485184
4316562432.0,0.014828471466898918
4317499904.0,-0.005638082977384329
4318437376.0,-0.025783227756619453
4319374848.0,-0.045256566256284714
4320312320.0,-0.06400284171104431
4321249792.0,-0.08163619786500931
4322187264.0,-0.09897899627685547
4323125248.0,-0.11538941413164139
4324062720.0,-0.12950600683689117
4325000192.0,-0.14235933125019073
4325937664.0,-0.15405389666557312
4326875136.0,-0.21726036071777344
4327812608.0,-0.2175321877002716
4328750080.0,-0.2158796638250351
4329687552.0,-0.2136790156364441
4330625024.0,-0.2091236263513565
4331562496.0,-0.20404471457004547
4332499968.0,-0.19618099927902222
4333437440.0,-0.18896663188934326
4334374912.0,-0.1806180626153946
4335312384.0,-0.17112311720848083
4336249856.0,-0.16230735182762146
4337187328.0,-0.15376119315624237
4338124800.0,-0.14595291018486023
4339062272.0,-0.13796643912792206
4339999744.0,-0.1303229033946991
4340937728.0,-0.12268392741680145
4341875200.0,-0.1161927729845047
4342812672.0,-0.11115356534719467
4343750144.0,-0.10548602044582367
4344687616.0,-0.10134561359882355
4345625088.0,-0.09667389839887619
4346562560.0,-0.09300968796014786
4347500032.0,-0.08966544270515442
4348437504.0,-0.08618254959583282
4349374976.0,-0.08507862687110901
4350312448.0,-0.08452585339546204
4351249920.0,-0.08423233032226562
4352187392.0,-0.08399741351604462
4353124864.0,-0.0859568789601326
4354062336.0,-0.08622939884662628
4354999808.0,-0.08781698346138
4355937280.0,-0.0898975133895874
4356874752.0,-0.09173475205898285
4357812736.0,-0.09555874764919281
4358750208.0,-0.09701859205961227
4359687680.0,-0.09991517663002014
4360625152.0,-0.10317116975784302
4361562624.0,-0.10803940147161484
4362500096.0,-0.11258599162101746
4363437568.0,-0.11660339683294296
4364375040.0,-0.12065938115119934
4365312512.0,-0.12583290040493011
4366249984.0,-0.12913565337657928
4367187456.0,-0.13399194180965424
4368124928.0,-0.138909712433815
4369062400.0,-0.14227333664894104
4369999872.0,-0.14641621708869934
4370937344.0,-0.14924687147140503
4371874816.0,-0.1527526080608368
4372812288.0,-0.15479204058647156
4373749760.0,-0.15879644453525543
4374687744.0,-0.16316813230514526
4375625216.0,-0.1691255122423172
4376562688.0,-0.17299263179302216
4377500160.0,-0.17969782650470734
4378437632.0,-0.18556968867778778
4379375104.0,-0.19307902455329895
4380312576.0,-0.20030094683170319
4381250048.0,-0.2082008421421051
4382187520.0,-0.21614594757556915
4383124992.0,-0.2254219800233841
4384062464.0,-0.235316663980484
4384999936.0,-0.24507293105125427
4385937408.0,-0.25671905279159546
4386874880.0,-0.33009499311447144
4387812352.0,-0.33806994557380676
4388749824.0,-0.34410226345062256
4389687296.0,-0.34990960359573364
4390624768.0,-0.3532348871231079
4391562752.0,-0.35479792952537537
4392500224.0,-0.35380831360816956
4393437696.0,-0.351845383644104
4394375168.0,-0.3472343385219574
4395312640.0,-0.34094491600990295
4396250112.0,-0.33338677883148193
4397187584.0,-0.3229108452796936
4398125056.0,-0.3119097650051117
4399062528.0,-0.3004179000854492
4400000000.0,-0.28767749667167664
4400937472.0,-0.2743999660015106
4401874944.0,-0.25951963663101196
4402812416.0,-0.24315901100635529
4403749888.0,-0.22632728517055511
4404687360.0,-0.20731979608535767
4405624832.0,-0.18984581530094147
4406562304.0,-0.17274209856987
4407499776.0,-0.15564335882663727
4408437248.0,-0.13966134190559387
4409375232.0,-0.12304147332906723
4410312704.0,-0.10668600350618362
4411250176.0,-0.09333979338407516
4412187648.0,-0.08076820522546768
4413125120.0,-0.06861758977174759
4414062592.0,-0.0582200326025486
4415000064.0,-0.049773186445236206
4415937536.0,-0.04317619279026985
4416875008.0,-0.03873184323310852
4417812480.0,-0.03790092468261719
4418749952.0,-0.03844352066516876
4419687424.0,-0.04335220158100128
4420624896.0,-0.04960719496011734
4421562368.0,-0.05864174664020538
4422499840.0,-0.0688292384147644
4423437312.0,-0.08194265514612198
4424374784.0,-0.09555329382419586
4425312256.0,-0.11158324033021927
4426250240.0,-0.12931913137435913
4427187712.0,-0.14811430871486664
4428125184.0,-0.16789238154888153
4429062656.0,-0.18896310031414032
4430000128.0,-0.21209047734737396
4430937600.0,-0.23516269028186798
4431875072.0,-0.2592478096485138
4432812544.0,-0.28208622336387634
4433750016.0,-0.3048197627067566
4434687488.0,-0.3291027843952179
4435624960.0,-0.35269370675086975
4436562432.0,-0.3758513331413269
4437499904.0,-0.3995805084705353
4438437376.0,-0.4223253130912781
4439374848.0,-0.44344186782836914
4440312320.0,-0.464123010635376
4441249792.0,-0.4815974533557892
4442187264.0,-0.49836206436157227
4443125248.0,-0.5131087303161621
4444062720.0,-0.5255098342895508
4445000192.0,-0.5372997522354126
4445937664.0,-0.5465149283409119
4446875136.0,-0.5581052303314209
4447812608.0,-0.5671062469482422
4448750080.0,-0.5716047883033752
4449687552.0,-0.5746642351150513
4450625024.0,-0.5753663182258606
4451562496.0,-0.5739688277244568
4452499968.0,-0.5695975422859192
4453437440.0,-0.5630371570587158
4454374912.0,-0.5548211932182312
4455312384.0,-0.5455962419509888
4456249856.0,-0.5343995094299316
4457187328.0,-0.5215692520141602
4458124800.0,-0.5077277421951294
4459062272.0,-0.49175795912742615
4460000256.0,-0.47530269622802734
4460937728.0,-0.4585385024547577
4461875200.0,-0.4395836591720581
4462812672.0,-0.42168867588043213
4463750144.0,-0.40359166264533997
4464687616.0,-0.3859647810459137
4465625088.0,-0.3686707615852356
4466562560.0,-0.3516599237918854
4467500032.0,-0.3361852467060089
4468437504.0,-0.3209594190120697
4469374976.0,-0.3072933256626129
4470312448.0,-0.29455623030662537
4471249920.0,-0.2826624810695648
4472187392.0,-0.2722272276878357
4473124864.0,-0.26325705647468567
4474062336.0,-0.25740551948547363
4474999808.0,-0.2522754371166229
4475937280.0,-0.2490956336259842
4476874752.0,-0.24710555374622345
4477812736.0,-0.248369038105011
4478750208.0,-0.2513532042503357
4479687680.0,-0.2584610879421234
4480625152.0,-0.26595574617385864
4481562624.0,-0.2775590121746063
4482500096.0,-0.29110246896743774
4483437568.0,-0.306694358587265
4484375040.0,-0.32578712701797485
4485312512.0,-0.3467549979686737
4486249984.0,-0.37024685740470886
4487187456.0,-0.3957095146179199
4488124928.0,-0.42276251316070557
4489062400.0,-0.450512558221817
4489999872.0,-0.47921398282051086
4490937344.0,-0.5070735812187195
4491874816.0,-0.5373424291610718
4492812288.0,-0.5671380162239075
4493749760.0,-0.5989332795143127
4494687744.0,-0.6308115720748901
4495625216.0,-0.664766788482666
4496562688.0,-0.6973034143447876
4497500160.0,-0.730316698551178
4498437632.0,-0.7633144855499268
4499375104.0,-0.7947341203689575
4500312576.0,-0.8264020681381226
4501250048.0,-0.8572108149528503
4502187520.0,-0.8854209184646606
4503124992.0,-0.9119008779525757
4504062464.0,-0.9359754323959351
4504999936.0,-0.9593635201454163
4505937408.0,-0.9795148968696594
4506874880.0,-0.9477473497390747
4507812352.0,-0.9645777940750122
4508749824.0,-0.9786121845245361
4509687296.0,-0.9906491637229919
4510624768.0,-0.9992825984954834
4511562752.0,-1.0039602518081665
4512500224.0,-1.0060524940490723
4513437696.0,-1.0044891834259033
4514375168.0,-0.9995816946029663
4515312640.0,-0.9928501844406128
4516250112.0,-0.9823154807090759
4517187584.0,-0.9695199131965637
4518125056.0,-0.955579936504364
4519062528.0,-0.9391300678253174
4520000000.0,-0.9224773049354553
4520937472.0,-0.9042468667030334
4521874944.0,-0.8876243829727173
4522812416.0,-0.8702826499938965
4523749888.0,-0.8535502552986145
4524687360.0,-0.8363417983055115
4525624832.0,-0.822355329990387
4526562304.0,-0.8091638088226318
4527499776.0,-0.7979627847671509
4528437248.0,-0.7877339124679565
4529375232.0,-0.7795097231864929
4530312704.0,-0.7732084393501282
4531250176.0,-0.7692705988883972
4532187648.0,-0.7687009572982788
4533125120.0,-0.7716870307922363
4534062592.0,-0.7783300876617432
4535000064.0,-0.7892011404037476
4535937536.0,-0.8027945756912231
4536875008.0,-0.8192805051803589
4537812480.0,-0.8391086459159851
4538749952.0,-0.8601199984550476
4539687424.0,-0.8857020735740662
4540624896.0,-0.9143352508544922
4541562368.0,-0.9477558732032776
4542499840.0,-0.9828429222106934
4543437312.0,-1.0219957828521729
4544374784.0,-1.0646679401397705
4545312256.0,-1.1090195178985596
4546250240.0,-1.1590431928634644
4547187712.0,-1.2106873989105225
4548125184.0,-1.2670543193817139
4549062656.0,-1.3257057666778564
4550000128.0,-1.3860998153686523
4550937600.0,-1.4494093656539917
4551875072.0,-1.5149410963058472
4552812544.0,-1.5831525325775146
4553750016.0,-1.6532504558563232
4554687488.0,-1.7250947952270508
4555624960.0,-1.7980597019195557
4556562432.0,-1.8707468509674072
4557499904.0,-1.9420604705810547
4558437376.0,-2.011516571044922
4559374848.0,-2.079437255859375
4560312320.0,-2.147961378097534
4561249792.0,-2.2167599201202393
4562187264.0,-2.284113645553589
4563125248.0,-2.3520865440368652
4564062720.0,-2.4181606769561768
4565000192.0,-2.4836695194244385
4565937664.0,-2.5457072257995605
4566875136.0,-2.430483341217041
4567812608.0,-2.4644510746002197
4568750080.0,-2.4987552165985107
4569687552.0,-2.532733201980591
4570625024.0,-2.568117141723633
4571562496.0,-2.6032793521881104
4572499968.0,-2.6375248432159424
4573437440.0,-2.6732640266418457
4574374912.0,-2.7061614990234375
4575312384.0,-2.739500045776367
4576249856.0,-2.7717902660369873
4577187328.0,-2.8078815937042236
4578124800.0,-2.845917224884033
4579062272.0,-2.885239362716675
4579999744.0,-2.9242608547210693
4580937728.0,-2.961576223373413
4581875200.0,-2.9943132400512695
4582812672.0,-3.026374340057373
4583750144.0,-3.0595433712005615
4584687616.0,-3.095223903656006
4585625088.0,-3.1325275897979736
4586562560.0,-3.1713125705718994
4587500032.0,-3.206866979598999
4588437504.0,-3.240253210067749
4589374976.0,-3.2720444202423096
4590312448.0,-3.3017866611480713
4591249920.0,-3.332752227783203
4592187392.0,-3.365029811859131
4593124864.0,-3.4007174968719482
4594062336.0,-3.441460132598877
4594999808.0,-3.4858479499816895
4595937280.0,-3.53366756439209
4596874752.0,-3.579519033432007
4597812736.0,-3.6264400482177734
4598750208.0,-3.6725308895111084
4599687680.0,-3.7176690101623535
4600625152.0,-3.767216920852661
4601562624.0,-3.8177363872528076
4602500096.0,-3.8718483448028564
4603437568.0,-3.926225423812866
4604375040.0,-3.979902744293213
4605312512.0,-4.0318989753723145
4606249984.0,-4.0800580978393555
4607187456.0,-4.1245903968811035
4608124928.0,-4.1692423820495605
4609062400.0,-4.208726406097412
4609999872.0,-4.246789455413818
4610937344.0,-4.281890869140625
4611874816.0,-4.31561803817749
4612812288.0,-4.346591472625732
4613749760.0,-4.378773212432861
4614687744.0,-4.4105024337768555
4615625216.0,-4.437744140625
4616562688.0,-4.458796977996826
4617500160.0,-4.474742412567139
4618437632.0,-4.482944011688232
4619375104.0,-4.48890495300293
4620312576.0,-4.49247932434082
4621250048.0,-4.491748809814453
4622187520.0,-4.48788595199585
4623124992.0,-4.481603622436523
4624062464.0,-4.473263740539551
4624999936.0,-4.462865829467773
4625937408.0,-4.447535991668701
4626874880.0,-4.619897842407227
4627812352.0,-4.58158540725708
4628749824.0,-4.537466526031494
4629687296.0,-4.486987590789795
4630624768.0,-4.428807258605957
4631562752.0,-4.360771656036377
4632500224.0,-4.283768653869629
4633437696.0,-4.202246189117432
4634375168.0,-4.113637924194336
4635312640.0,-4.021980285644531
4636250112.0,-3.927091121673584
4637187584.0,-3.8312792778015137
4638125056.0,-3.729714870452881
4639062528.0,-3.623753547668457
4640000000.0,-3.5132131576538086
4640937472.0,-3.398266077041626
4641874944.0,-3.2819817066192627
4642812416.0,-3.165703535079956
4643749888.0,-3.0497617721557617
4644687360.0,-2.935089588165283
4645624832.0,-2.8224005699157715
4646562304.0,-2.711488962173462
4647499776.0,-2.603337287902832
4648437248.0,-2.499162197113037
4649375232.0,-2.3998665809631348
4650312704.0,-2.3041470050811768
4651250176.0,-2.2149267196655273
4652187648.0,-2.128532648086548
4653125120.0,-2.045426368713379
4654062592.0,-1.9674359560012817
4655000064.0,-1.8935538530349731
4655937536.0,-1.8252171277999878
4656875008.0,-1.7614338397979736
4657812480.0,-1.7020143270492554
4658749952.0,-1.6472324132919312
4659687424.0,-1.596855640411377
4660624896.0,-1.551735281944275
4661562368.0,-1.5102195739746094
4662499840.0,-1.4743142127990723
4663437312.0,-1.4421135187149048
4664374784.0,-1.415606141090393
4665312256.0,-1.3905997276306152
4666250240.0,-1.368377447128296
4667187712.0,-1.3481632471084595
4668125184.0,-1.3318201303482056
4669062656.0,-1.315934419631958
4670000128.0,-1.3019683361053467
4670937600.0,-1.2913775444030762
4671875072.0,-1.2840152978897095
4672812544.0,-1.2749708890914917
4673750016.0,-1.2695344686508179
4674687488.0,-1.2620173692703247
4675624960.0,-1.2543998956680298
4676562432.0,-1.2462011575698853
4677499904.0,-1.2365018129348755
4678437376.0,-1.2277863025665283
4679374848.0,-1.2171365022659302
4680312320.0,-1.2060106992721558
4681249792.0,-1.1919409036636353
4682187264.0,-1.1756839752197266
4683125248.0,-1.1571332216262817
4684062720.0,-1.1378889083862305
4685000192.0,-1.1171119213104248
4685937664.0,-1.0949288606643677
4686875136.0,-1.0952930450439453
4687812608.0,-1.0714640617370605
4688750080.0,-1.0444341897964478
4689687552.0,-1.016420841217041
4690625024.0,-0.9880546927452087
4691562496.0,-0.9571856260299683
4692499968.0,-0.9267570972442627
4693437440.0,-0.8946765661239624
4694374912.0,-0.8629971742630005
4695312384.0,-0.8301066756248474
4696249856.0,-0.7982218265533447
4697187328.0,-0.7646399140357971
4698124800.0,-0.7329761385917664
4699062272.0,-0.6997741460800171
4700000256.0,-0.6668744683265686
4700937728.0,-0.6332839131355286
4701875200.0,-0.6014920473098755
4702812672.0,-0.5699788331985474
4703750144.0,-0.5377663969993591
4704687616.0,-0.5085199475288391
4705625088.0,-0.48158785700798035
4706562560.0,-0.454773485660553
4707500032.0,-0.4300248622894287
4708437504.0,-0.40515390038490295
4709374976.0,-0.3817864954471588
4710312448.0,-0.3601726293563843
4711249920.0,-0.340813547372818
4712187392.0,-0.3236982822418213
4713124864.0,-0.3073044717311859
4714062336.0,-0.29377442598342896
4714999808.0,-0.2814788222312927
4715937280.0,-0.271912157535553
4716874752.0,-0.2633228302001953
4717812736.0,-0.2569710612297058
4718750208.0,-0.2527502477169037
4719687680.0,-0.250229150056839
4720625152.0,-0.25062769651412964
4721562624.0,-0.25250479578971863
4722500096.0,-0.2569771409034729
4723437568.0,-0.2624761760234833
4724375040.0,-0.2699025273323059
4725312512.0,-0.2786140441894531
4726249984.0,-0.2890019714832306
4727187456.0,-0.3013373613357544
4728124928.0,-0.31344953179359436
4729062400.0,-0.32806074619293213
4729999872.0,-0.34340640902519226
4730937344.0,-0.35990211367607117
4731874816.0,-0.37676408886909485
4732812288.0,-0.3946537971496582
4733749760.0,-0.41363900899887085
4734687744.0,-0.43161076307296753
4735625216.0,-0.4517931342124939
4736562688.0,-0.4710683524608612
4737500160.0,-0.48982134461402893
4738437632.0,-0.5089057087898254
4739375104.0,-0.5274457335472107
4740312576.0,-0.5458052158355713
4741250048.0,-0.5614438056945801
4742187520.0,-0.5765013098716736
4743124992.0,-0.5896952748298645
4744062464.0,-0.6012885570526123
4744999936.0,-0.6121346354484558
4745937408.0,-0.6196681261062622
4746874880.0,-0.43751946091651917
4747812352.0,-0.43738633394241333
4748749824.0,-0.4377206265926361
4749687296.0,-0.43786749243736267
4750624768.0,-0.43680277466773987
4751562752.0,-0.43441125750541687
4752500224.0,-0.43329814076423645
4753437696.0,-0.4311272203922272
4754375168.0,-0.42752861976623535
4755312640.0,-0.42352330684661865
4756250112.0,-0.42008206248283386
4757187584.0,-0.4146069288253784
4758125056.0,-0.4085548222064972
4759062528.0,-0.4025186598300934
4760000000.0,-0.39522045850753784
4760937472.0,-0.387647420167923
4761874944.0,-0.38017672300338745
4762812416.0,-0.3723190426826477
4763749888.0,-0.3637378215789795
4764687360.0,-0.35411399602890015
4765624832.0,-0.3439406454563141
4766562304.0,-0.33286866545677185
4767499776.0,-0.3226470351219177
4768437248.0,-0.3108522295951843
4769375232.0,-0.29863211512565613
4770312704.0,-0.28394031524658203
4771250176.0,-0.27042216062545776
4772187648.0,-0.2548283338546753
4773125120.0,-0.2391519695520401
4774062592.0,-0.22056245803833008
4775000064.0,-0.20343013107776642
4775937536.0,-0.18477283418178558
4776875008.0,-0.16469809412956238
4777812480.0,-0.14486350119113922
4778749952.0,-0.12393663823604584
4779687424.0,-0.10295335948467255
4780624896.0,-0.08145724982023239
4781562368.0,-0.05982790142297745
4782499840.0,-0.03770669177174568
4783437312.0,-0.017182672396302223
4784374784.0,0.004406994208693504
4785312256.0,0.024945266544818878
4786250240.0,0.04529615119099617
4787187712.0,0.06558840721845627
4788125184.0,0.08397137373685837
4789062656.0,0.10115616023540497
4790000128.0,0.11720743030309677
4790937600.0,0.13361188769340515
4791875072.0,0.14596028625965118
4792812544.0,0.15824104845523834
4793750016.0,0.16744466125965118
4794687488.0,0.17462432384490967
4795624960.0,0.1799778938293457
4796562432.0,0.18345877528190613
4797499904.0,0.18312346935272217
4798437376.0,0.18048331141471863
4799374848.0,0.1746964305639267
4800312320.0,0.1673792600631714
4801249792.0,0.15654024481773376
4802187264.0,0.14291061460971832
4803125248.0,0.1263207197189331
4804062720.0,0.108536496758461
4805000192.0,0.0882774293422699
4805937664.0,0.06574919074773788
4806875136.0,-0.2189469337463379
4807812608.0,-0.22492077946662903
4808750080.0,-0.2315119057893753
4809687552.0,-0.23861928284168243
4810625024.0,-0.24399778246879578
4811562496.0,-0.2502327263355255
4812499968.0,-0.2556828260421753
4813437440.0,-0.2611753046512604
4814374912.0,-0.2663080096244812
4815312384.0,-0.27036991715431213
4816249856.0,-0.27418282628059387
4817187328.0,-0.27748599648475647
4818124800.0,-0.27993008494377136
4819062272.0,-0.2807098925113678
4819999744.0,-0.27997127175331116
4820937728.0,-0.27911457419395447
4821875200.0,-0.2775387167930603
4822812672.0,-0.27523741126060486
4823750144.0,-0.27125227451324463
4824687616.0,-0.2663019895553589
4825625088.0,-0.25990331172943115
4826562560.0,-0.25352510809898376
4827500032.0,-0.24680323898792267
4828437504.0,-0.23714423179626465
4829374976.0,-0.22807787358760834
4830312448.0,-0.21864765882492065
4831249920.0,-0.20766185224056244
4832187392.0,-0.19664539396762848
4833124864.0,-0.18680359423160553
4834062336.0,-0.1760399043560028
4834999808.0,-0.16618508100509644
4835937280.0,-0.15516847372055054
4836874752.0,-0.14478018879890442
4837812736.0,-0.13596878945827484
4838750208.0,-0.12625499069690704
4839687680.0,-0.11775077134370804
4840625152.0,-0.11014499515295029
4841562624.0,-0.1045147255063057
4842500096.0,-0.09931669384241104
4843437568.0,-0.09570840001106262
4844375040.0,-0.09301700443029404
4845312512.0,-0.0928962454199791
4846249984.0,-0.09382274746894836
4847187456.0,-0.09719742089509964
4848124928.0,-0.10180968046188354
4849062400.0,-0.1070379912853241
4849999872.0,-0.1139783039689064
4850937344.0,-0.12157724797725677
4851874816.0,-0.1318427324295044
4852812288.0,-0.142852783203125
4853749760.0,-0.15489231050014496
4854687744.0,-0.16772784292697906
4855625216.0,-0.18038247525691986
4856562688.0,-0.19455939531326294
4857500160.0,-0.2083202451467514
4858437632.0,-0.22226393222808838
4859375104.0,-0.2377985566854477
4860312576.0,-0.25161540508270264
4861250048.0,-0.2659757137298584
4862187520.0,-0.27800461649894714
4863124992.0,-0.2901490032672882
4864062464.0,-0.3006163537502289
4864999936.0,-0.3098236322402954
4865937408.0,-0.317419171333313
4866874880.0,-0.3017658293247223
4867812352.0,-0.30833202600479126
4868749824.0,-0.3152916729450226
4869687296.0,-0.3199174702167511
4870624768.0,-0.325022429227829
4871562752.0,-0.32756924629211426
4872500224.0,-0.3314473628997803
4873437696.0,-0.3336528539657593
4874375168.0,-0.3343045115470886
4875312640.0,-0.33405667543411255
4876250112.0,-0.33339083194732666
4877187584.0,-0.33084836602211
4878125056.0,-0.32882511615753174
4879062528.0,-0.32415080070495605
4880000000.0,-0.31908026337623596
4880937472.0,-0.3134578466415405
4881874944.0,-0.3068102300167084
4882812416.0,-0.29931944608688354
4883749888.0,-0.29005518555641174
4884687360.0,-0.28059282898902893
4885624832.0,-0.27061906456947327
4886562304.0,-0.2597740590572357
4887499776.0,-0.24816438555717468
4888437248.0,-0.23596498370170593
4889375232.0,-0.2234850823879242
4890312704.0,-0.20938853919506073
4891250176.0,-0.1956641972064972
4892187648.0,-0.18191485106945038
4893125120.0,-0.16818788647651672
4894062592.0,-0.1543225198984146
4895000064.0,-0.13968390226364136
4895937536.0,-0.12610188126564026
4896875008.0,-0.11125657707452774
4897812480.0,-0.09674184769392014
4898749952.0,-0.0844883993268013
4899687424.0,-0.07049499452114105
4900624896.0,-0.058740489184856415
4901562368.0,-0.047307949513196945
4902499840.0,-0.03744404762983322
4903437312.0,-0.028417974710464478
4904374784.0,-0.021404068917036057
4905312256.0,-0.014308677986264229
4906250240.0,-0.010091421194374561
4907187712.0,-0.0058685652911663055
4908125184.0,-0.0030015225056558847
4909062656.0,-0.0013110103318467736
4910000128.0,-0.0013133329339325428
4910937600.0,-0.0020545267034322023
4911875072.0,-0.0037587289698421955
4912812544.0,-0.007003293372690678
4913750016.0,-0.010730666108429432
4914687488.0,-0.016540126875042915
4915624960.0,-0.02381458878517151
4916562432.0,-0.0309127364307642
4917499904.0,-0.040003079921007156
4918437376.0,-0.049007903784513474
4919374848.0,-0.05870814248919487
4920312320.0,-0.07009025663137436
4921249792.0,-0.07970836013555527
4922187264.0,-0.09170729666948318
4923125248.0,-0.10474874824285507
4924062720.0,-0.11680717766284943
4925000192.0,-0.12924744188785553
4925937664.0,-0.1941891610622406
4926875136.0,-0.1965329796075821
4927812608.0,-0.19679982960224152
4928750080.0,-0.19716425240039825
4929687552.0,-0.19939397275447845
4930625024.0,-0.19882458448410034
4931562496.0,-0.19857889413833618
4932499968.0,-0.19794556498527527
4933437440.0,-0.19700010120868683
4934374912.0,-0.19554811716079712
4935312384.0,-0.19337859749794006
4936249856.0,-0.19038362801074982
4937187328.0,-0.1874985545873642
4938124800.0,-0.18265663087368011
4939062272.0,-0.17797493934631348
4940000256.0,-0.17247937619686127
4940937728.0,-0.16626420617103577
4941875200.0,-0.15882353484630585
4942812672.0,-0.15202414989471436
4943750144.0,-0.14357605576515198
4944687616.0,-0.13420012593269348
4945625088.0,-0.1250735968351364
4946562560.0,-0.11624732613563538
4947500032.0,-0.10644865036010742
4948437504.0,-0.09500950574874878
4949374976.0,-0.08567648380994797
4950312448.0,-0.07433190196752548
4951249920.0,-0.06359349191188812
4952187392.0,-0.05230565741658211
4953124864.0,-0.04161715880036354
4954062336.0,-0.030361277982592583
4954999808.0,-0.02056884579360485
4955937280.0,-0.010901544243097305
4956874752.0,-0.0009670845465734601
4957812736.0,0.007847825065255165
4958750208.0,0.014645124785602093
4959687680.0,0.022766388952732086
4960625152.0,0.029004665091633797
4961562624.0,0.03420102596282959
4962500096.0,0.03828980773687363
4963437568.0,0.04227712005376816
4964375040.0,0.04454873502254486
4965312512.0,0.04506301507353783
4966249984.0,0.04495779424905777
4967187456.0,0.043213412165641785
4968124928.0,0.040548499673604965
4969062400.0,0.03742573782801628
4969999872.0,0.03196908161044121
4970937344.0,0.02548842318356037
4971874816.0,0.019702784717082977
4972812288.0,0.01151795219630003
4973749760.0,0.0035128204617649317
4974687744.0,-0.005770777352154255
4975625216.0,-0.01558596920222044
4976562688.0,-0.02534865215420723
4977500160.0,-0.03560580313205719
4978437632.0,-0.04613906517624855
4979375104.0,-0.057029180228710175
4980312576.0,-0.06708111613988876
4981250048.0,-0.07866217941045761
4982187520.0,-0.08858328312635422
4983124992.0,-0.09832286834716797
4984062464.0,-0.10670960694551468
4984999936.0,-0.11554022133350372
4985937408.0,-0.15856634080410004
4986874880.0,-0.16960543394088745
4987812352.0,-0.17910265922546387
4988749824.0,-0.18695630133152008
4989687296.0,-0.19431015849113464
4990624768.0,-0.20018255710601807
4991562752.0,-0.20553180575370789
4992500224.0,-0.20942912995815277
4993437696.0,-0.2115071564912796
4994375168.0,-0.2126382738351822
4995312640.0,-0.21098418533802032
4996250112.0,-0.20893451571464539
4997187584.0,-0.2054886668920517
4998125056.0,-0.19979695975780487
4999062528.0,-0.19442017376422882
5000000000.0,-0.18616783618927002
5000937472.0,-0.17698875069618225
5001874944.0,-0.168216273188591
5002812416.0,-0.15744416415691376
5003749888.0,-0.14625582098960876
5004687360.0,-0.13524982333183289
5005624832.0,-0.12301137298345566
5006562304.0,-0.1102437749505043
5007499776.0,-0.09878118336200714
5008437248.0,-0.08534836024045944
5009375232.0,-0.07276121526956558
5010312704.0,-0.060825761407613754
5011250176.0,-0.04842324182391167
5012187648.0,-0.035933833569288254
5013125120.0,-0.024432649835944176
5014062592.0,-0.013904266990721226
5015000064.0,-0.004403702914714813
5015937536.0,0.006267963908612728
5016875008.0,0.01468661054968834
5017812480.0,0.0236201174557209
5018749952.0,0.03136448934674263
5019687424.0,0.037799153476953506
5020624896.0,0.043221015483140945
5021562368.0,0.04791979491710663
5022499840.0,0.052190084010362625
5023437312.0,0.05545680969953537
5024374784.0,0.058087341487407684
5025312256.0,0.05865055322647095
5026250240.0,0.05895160511136055
5027187712.0,0.0574348010122776
5028125184.0,0.05521726608276367
5029062656.0,0.053118426352739334
5030000128.0,0.04838358238339424
5030937600.0,0.043932244181632996
5031875072.0,0.03776159510016441
5032812544.0,0.03193692862987518
5033750016.0,0.024596871808171272
5034687488.0,0.016718987375497818
5035624960.0,0.00916190817952156
5036562432.0,0.0005831807502545416
5037499904.0,-0.00793408788740635
5038437376.0,-0.0161746796220541
5039374848.0,-0.02513255551457405
5040312320.0,-0.03431776165962219
5041249792.0,-0.04345432296395302
5042187264.0,-0.05177254229784012
5043125248.0,-0.06074593961238861
5044062720.0,-0.06978961825370789
5045000192.0,-0.07843787968158722
5045937664.0,-0.09634996205568314
5046875136.0,-0.10652287304401398
5047812608.0,-0.11403468996286392
5048750080.0,-0.12260635942220688
5049687552.0,-0.13050365447998047
5050625024.0,-0.1384129375219345
5051562496.0,-0.1460912823677063
5052499968.0,-0.1530875861644745
5053437440.0,-0.15947102010250092
5054374912.0,-0.16561731696128845
5055312384.0,-0.16944201290607452
5056249856.0,-0.17334407567977905
5057187328.0,-0.17698174715042114
5058124800.0,-0.17843425273895264
5059062272.0,-0.18029168248176575
5059999744.0,-0.1815613955259323
5060937728.0,-0.18210385739803314
5061875200.0,-0.18111421167850494
5062812672.0,-0.17997054755687714
5063750144.0,-0.1784180998802185
5064687616.0,-0.1753874123096466
5065625088.0,-0.17098335921764374
5066562560.0,-0.16725745797157288
5067500032.0,-0.16194294393062592
5068437504.0,-0.15621407330036163
5069374976.0,-0.15030412375926971
5070312448.0,-0.14300455152988434
5071249920.0,-0.1368086338043213
5072187392.0,-0.12969699501991272
5073124864.0,-0.12270612269639969
5074062336.0,-0.11515798419713974
5074999808.0,-0.1079765036702156
5075937280.0,-0.10082503408193588
5076874752.0,-0.09397036582231522
5077812736.0,-0.08849459141492844
5078750208.0,-0.08026282489299774
5079687680.0,-0.07368379086256027
5080625152.0,-0.06648945808410645
5081562624.0,-0.060656558722257614
5082500096.0,-0.05358695983886719
5083437568.0,-0.048648539930582047
5084375040.0,-0.045096833258867264
5085312512.0,-0.040263157337903976
5086249984.0,-0.03710810840129852
5087187456.0,-0.03423643857240677
5088124928.0,-0.03237324580550194
5089062400.0,-0.03001558780670166
5089999872.0,-0.028764238581061363
5090937344.0,-0.02690507471561432
5091874816.0,-0.027132298797369003
5092812288.0,-0.02649318240582943
5093749760.0,-0.02674827165901661
5094687744.0,-0.02857632376253605
5095625216.0,-0.031142598018050194
5096562688.0,-0.03279649838805199
5097500160.0,-0.03487816080451012
5098437632.0,-0.03835618868470192
5099375104.0,-0.042205389589071274
5100312576.0,-0.04443913698196411
5101250048.0,-0.04844653606414795
5102187520.0,-0.0529039092361927
5103124992.0,-0.05696692690253258
5104062464.0,-0.06037686765193939
5104999936.0,-0.06473087519407272
5105937408.0,-0.13749615848064423
5106874880.0,-0.1425170600414276
5107812352.0,-0.14759387075901031
5108749824.0,-0.15153168141841888
5109687296.0,-0.15524998307228088
5110624768.0,-0.15698306262493134
5111562752.0,-0.15969957411289215
5112500224.0,-0.1596948355436325
5113437696.0,-0.16004136204719543
5114375168.0,-0.16018766164779663
5115312640.0,-0.15969714522361755
5116250112.0,-0.15726177394390106
5117187584.0,-0.1554093211889267
5118125056.0,-0.15262684226036072
5119062528.0,-0.14945758879184723
5120000000.0,-0.14581485092639923
5120937472.0,-0.14180147647857666
5121874944.0,-0.13738174736499786
5122812416.0,-0.13228756189346313
5123749888.0,-0.12762746214866638
5124687360.0,-0.12267976254224777
5125624832.0,-0.1179484948515892
5126562304.0,-0.1128062829375267
5127499776.0,-0.10818815976381302
5128437248.0,-0.10334344953298569
5129375232.0,-0.09962546825408936
5130312704.0,-0.09445228427648544
5131250176.0,-0.08931233733892441
5132187648.0,-0.08496987074613571
5133125120.0,-0.0796298012137413
5134062592.0,-0.07413406670093536
5135000064.0,-0.07072331756353378
5135937536.0,-0.06776174902915955
5136875008.0,-0.06382860243320465
5137812480.0,-0.061983268707990646
5138749952.0,-0.06030333414673805
5139687424.0,-0.05969885736703873
5140624896.0,-0.05838755890727043
5141562368.0,-0.05966788902878761
5142499840.0,-0.05919278413057327
5143437312.0,-0.061503224074840546
5144374784.0,-0.06319419294595718
5145312256.0,-0.0661027580499649
5146250240.0,-0.06882276386022568
5147187712.0,-0.07225485891103745
5148125184.0,-0.07636629790067673
5149062656.0,-0.08041875809431076
5150000128.0,-0.08515143394470215
5150937600.0,-0.08957596123218536
5151875072.0,-0.09480451792478561
5152812544.0,-0.10062196105718613
5153750016.0,-0.10617589950561523
5154687488.0,-0.11162107437849045
5155624960.0,-0.11851637065410614
5156562432.0,-0.12586140632629395
5157499904.0,-0.13337691128253937
5158437376.0,-0.1418883502483368
5159374848.0,-0.14898240566253662
5160312320.0,-0.15615813434123993
5161249792.0,-0.16469039022922516
5162187264.0,-0.17175814509391785
5163125248.0,-0.18081066012382507
5164062720.0,-0.18869087100028992
5165000192.0,-0.1973447948694229
5165937664.0,-0.19643470644950867
5166875136.0,-0.20702727138996124
5167812608.0,-0.2182258665561676
5168750080.0,-0.22810795903205872
5169687552.0,-0.2365770787000656
5170625024.0,-0.24384918808937073
5171562496.0,-0.2505456805229187
5172499968.0,-0.254924476146698
5173437440.0,-0.2573184072971344
5174374912.0,-0.2590169608592987
5175312384.0,-0.2584228813648224
5176249856.0,-0.2585115134716034
5177187328.0,-0.25534096360206604
5178124800.0,-0.2531140148639679
5179062272.0,-0.2481723427772522
5180000256.0,-0.2420961707830429
5180937728.0,-0.23469898104667664
5181875200.0,-0.2276746779680252
5182812672.0,-0.21857178211212158
5183750144.0,-0.2096235454082489
5184687616.0,-0.19977489113807678
5185625088.0,-0.18896819651126862
5186562560.0,-0.1772652417421341
5187500032.0,-0.1657150387763977
5188437504.0,-0.15431074798107147
5189374976.0,-0.14024923741817474
5190312448.0,-0.1286395639181137
5191249920.0,-0.11535272747278214
5192187392.0,-0.1028466671705246
5193124864.0,-0.0891963467001915
5194062336.0,-0.07747147232294083
5194999808.0,-0.06446786969900131
5195937280.0,-0.05414600297808647
5196874752.0,-0.042801421135663986
5197812736.0,-0.03242535516619682
5198750208.0,-0.023524707183241844
5199687680.0,-0.01612788438796997
5200625152.0,-0.007609652355313301
5201562624.0,-0.0017940469551831484
5202500096.0,0.003302626311779022
5203437568.0,0.007468635216355324
5204375040.0,0.010537238791584969
5205312512.0,0.011532708071172237
5206249984.0,0.012234673835337162
5207187456.0,0.011379960924386978
5208124928.0,0.01009236741811037
5209062400.0,0.006622151006013155
5209999872.0,0.0024873907677829266
5210937344.0,-0.002874627709388733
5211874816.0,-0.009465278126299381
5212812288.0,-0.016466261819005013
5213749760.0,-0.027031827718019485
5214687744.0,-0.03719697892665863
5215625216.0,-0.049062471836805344
5216562688.0,-0.06096787378191948
5217500160.0,-0.07610942423343658
5218437632.0,-0.09074389934539795
5219375104.0,-0.1069055050611496
5220312576.0,-0.12387295067310333
5221250048.0,-0.139821395277977
5222187520.0,-0.15787748992443085
5223124992.0,-0.1745821088552475
5224062464.0,-0.1908336579799652
5224999936.0,-0.20719605684280396
5225937408.0,-0.21856051683425903
5226874880.0,-0.23296970129013062
5227812352.0,-0.24687904119491577
5228749824.0,-0.25908443331718445
5229687296.0,-0.2712927460670471
5230624768.0,-0.2821657359600067
5231562752.0,-0.2917412519454956
5232500224.0,-0.298936665058136
5233437696.0,-0.30553489923477173
5234375168.0,-0.30846768617630005
5235312640.0,-0.3114822506904602
5236250112.0,-0.31062525510787964
5237187584.0,-0.30968159437179565
5238125056.0,-0.30548974871635437
5239062528.0,-0.29893073439598083
5240000000.0,-0.2901296615600586
5240937472.0,-0.2805483341217041
5241874944.0,-0.26959899067878723
5242812416.0,-0.2570650279521942
5243749888.0,-0.2430666834115982
5244687360.0,-0.22904625535011292
5245624832.0,-0.21228812634944916
5246562304.0,-0.19617605209350586
5247499776.0,-0.17837393283843994
5248437248.0,-0.15960194170475006
5249375232.0,-0.14303012192249298
5250312704.0,-0.12469649314880371
5251250176.0,-0.10718651115894318
5252187648.0,-0.08927904069423676
5253125120.0,-0.07154236733913422
5254062592.0,-0.05547863990068436
5255000064.0,-0.03943626210093498
5255937536.0,-0.024562299251556396
5256875008.0,-0.011795073747634888
5257812480.0,0.0015394469955936074
5258749952.0,0.01289412658661604
5259687424.0,0.022444935515522957
5260624896.0,0.03126029297709465
5261562368.0,0.03841942176222801
5262499840.0,0.044001225382089615
5263437312.0,0.04796172305941582
5264374784.0,0.04987042769789696
5265312256.0,0.05167621746659279
5266250240.0,0.051045604050159454
5267187712.0,0.04911908134818077
5268125184.0,0.04585607722401619
5269062656.0,0.04219907522201538
5270000128.0,0.03507578372955322
5270937600.0,0.02765854448080063
5271875072.0,0.019552214071154594
5272812544.0,0.009621215052902699
5273750016.0,-0.0014801333891227841
5274687488.0,-0.013030562549829483
5275624960.0,-0.024149129167199135
5276562432.0,-0.03702733665704727
5277499904.0,-0.051238641142845154
5278437376.0,-0.06523925811052322
5279374848.0,-0.08085057884454727
5280312320.0,-0.09523364156484604
5281249792.0,-0.11116866022348404
5282187264.0,-0.1273481249809265
5283125248.0,-0.1438804566860199
5284062720.0,-0.16040091216564178
5285000192.0,-0.176618292927742
5285937664.0,-0.20480716228485107
5286875136.0,-0.22078901529312134
5287812608.0,-0.23553553223609924
5288750080.0,-0.2506938576698303
5289687552.0,-0.26435330510139465
5290625024.0,-0.27928945422172546
5291562496.0,-0.2924318313598633
5292499968.0,-0.30574938654899597
5293437440.0,-0.3201548457145691
5294374912.0,-0.33260563015937805
5295312384.0,-0.34332168102264404
5296249856.0,-0.35397422313690186
5297187328.0,-0.3635312616825104
5298124800.0,-0.3706796169281006
5299062272.0,-0.37709909677505493
5299999744.0,-0.38201063871383667
5300937728.0,-0.38663190603256226
5301875200.0,-0.3897714912891388
5302812672.0,-0.39050590991973877
5303750144.0,-0.3893152177333832
5304687616.0,-0.38767048716545105
5305625088.0,-0.3840488791465759
5306562560.0,-0.37727317214012146
5307500032.0,-0.37030231952667236
5308437504.0,-0.3615722358226776
5309374976.0,-0.35200807452201843
5310312448.0,-0.33951178193092346
5311249920.0,-0.3271917402744293
5312187392.0,-0.31339573860168457
5313124864.0,-0.2986498177051544
5314062336.0,-0.2835659384727478
5314999808.0,-0.267861545085907
5315937280.0,-0.2509779930114746
5316874752.0,-0.23336485028266907
5317812736.0,-0.21576058864593506
5318750208.0,-0.19725313782691956
5319687680.0,-0.17836037278175354
5320625152.0,-0.15940077602863312
5321562624.0,-0.14011290669441223
5322500096.0,-0.12138297408819199
5323437568.0,-0.10350337624549866
5324375040.0,-0.08575478941202164
5325312512.0,-0.06852652132511139
5326249984.0,-0.052527785301208496
5327187456.0,-0.03706919401884079
5328124928.0,-0.02280811406672001
5329062400.0,-0.009954056702554226
5329999872.0,0.0032055145129561424
5330937344.0,0.014881174080073833
5331874816.0,0.026939453557133675
5332812288.0,0.033230260014534
5333749760.0,0.03826882317662239
5334687744.0,0.041076552122831345
5335625216.0,0.042185135185718536
5336562688.0,0.041812505573034286
5337500160.0,0.03938618302345276
5338437632.0,0.033249009400606155
5339375104.0,0.02591184712946415
5340312576.0,0.017054298892617226
5341250048.0,0.00515530351549387
5342187520.0,-0.008856658823788166
5343124992.0,-0.02544645592570305
5344062464.0,-0.0442361943423748
5344999936.0,-0.06348209083080292
5345937408.0,-0.3484140932559967
5346874880.0,-0.36277714371681213
5347812352.0,-0.37735840678215027
5348749824.0,-0.3903621733188629
5349687296.0,-0.40412721037864685
5350624768.0,-0.41663578152656555
5351562752.0,-0.42827847599983215
5352500224.0,-0.4382871687412262
5353437696.0,-0.44860702753067017
5354375168.0,-0.45618969202041626
5355312640.0,-0.46367549896240234
5356250112.0,-0.46985024213790894
5357187584.0,-0.47420114278793335
5358125056.0,-0.4759640395641327
5359062528.0,-0.4750997722148895
5360000000.0,-0.4734664261341095
5360937472.0,-0.4686243236064911
5361874944.0,-0.4648812711238861
5362812416.0,-0.4572843015193939
5363749888.0,-0.44926512241363525
5364687360.0,-0.44074562191963196
5365624832.0,-0.4288049340248108
5366562304.0,-0.4170951247215271
5367499776.0,-0.40372511744499207
5368437248.0,-0.3897225558757782
5369375232.0,-0.37419044971466064
5370312704.0,-0.3586658835411072
5371250176.0,-0.3423197269439697
5372187648.0,-0.3251192271709442
5373125120.0,-0.30613890290260315
5374062592.0,-0.28699615597724915
5375000064.0,-0.2688540816307068
5375937536.0,-0.2507467567920685
5376875008.0,-0.2323542833328247
5377812480.0,-0.21329158544540405
5378749952.0,-0.1962289810180664
5379687424.0,-0.17901358008384705
5380624896.0,-0.16208799183368683
5381562368.0,-0.14712660014629364
5382499840.0,-0.1334010809659958
5383437312.0,-0.11914345622062683
5384374784.0,-0.10582847893238068
5385312256.0,-0.0949694812297821
5386250240.0,-0.08581267297267914
5387187712.0,-0.07689888775348663
5388125184.0,-0.07118142396211624
5389062656.0,-0.0677868202328682
5390000128.0,-0.06599006056785583
5390937600.0,-0.06677404791116714
5391875072.0,-0.06980576366186142
5392812544.0,-0.07313864678144455
5393750016.0,-0.08106806129217148
5394687488.0,-0.09151089191436768
5395624960.0,-0.10330960154533386
5396562432.0,-0.11731591820716858
5397499904.0,-0.13152149319648743
5398437376.0,-0.1498936265707016
5399374848.0,-0.16801227629184723
5400312320.0,-0.18902529776096344
5401249792.0,-0.20870867371559143
5402187264.0,-0.2294519990682602
5403125248.0,-0.2517557442188263
5404062720.0,-0.2736142873764038
5405000192.0,-0.2944897413253784
5405937664.0,-0.3398440480232239
5406875136.0,-0.3544875681400299
5407812608.0,-0.36860138177871704
5408750080.0,-0.380954772233963
5409687552.0,-0.3915787935256958
5410625024.0,-0.40084466338157654
5411562496.0,-0.4063885509967804
5412499968.0,-0.4101823568344116
5413437440.0,-0.4116404950618744
5414374912.0,-0.4112420082092285
5415312384.0,-0.40752384066581726
5416249856.0,-0.401886910200119
5417187328.0,-0.39340949058532715
5418124800.0,-0.3830257058143616
5419062272.0,-0.3700573444366455
5420000256.0,-0.35503315925598145
5420937728.0,-0.33944666385650635
5421875200.0,-0.32225197553634644
5422812672.0,-0.3031637668609619
5423750144.0,-0.28359255194664
5424687616.0,-0.26317098736763
5425625088.0,-0.2410602867603302
5426562560.0,-0.22008541226387024
5427500032.0,-0.19747518002986908
5428437504.0,-0.17556746304035187
5429374976.0,-0.15479138493537903
5430312448.0,-0.13320618867874146
5431249920.0,-0.11397820711135864
5432187392.0,-0.09638898074626923
5433124864.0,-0.08034879714250565
5434062336.0,-0.06409859657287598
5434999808.0,-0.051090385764837265
5435937280.0,-0.03901020064949989
5436874752.0,-0.029186850413680077
5437812736.0,-0.022051412612199783
5438750208.0,-0.01741400547325611
5439687680.0,-0.015908051282167435
5440625152.0,-0.01565283164381981
5441562624.0,-0.019274843856692314
5442500096.0,-0.024396641179919243
5443437568.0,-0.032142262905836105
5444375040.0,-0.043935395777225494
5445312512.0,-0.056988559663295746
5446249984.0,-0.07273134589195251
5447187456.0,-0.09019436687231064
5448124928.0,-0.11023753881454468
5449062400.0,-0.13248969614505768
5449999872.0,-0.1564672291278839
5450937344.0,-0.18142402172088623
5451874816.0,-0.20806284248828888
5452812288.0,-0.2354046106338501
5453749760.0,-0.2635025084018707
5454687744.0,-0.29303911328315735
5455625216.0,-0.3211227357387543
5456562688.0,-0.3499351143836975
5457500160.0,-0.37749624252319336
5458437632.0,-0.4040244221687317
5459375104.0,-0.430347204208374
5460312576.0,-0.45500048995018005
5461250048.0,-0.47757765650749207
5462187520.0,-0.4998660981655121
5463124992.0,-0.5187078714370728
5464062464.0,-0.5373027920722961
5464999936.0,-0.5528361201286316
5465937408.0,-0.47670525312423706
5466874880.0,-0.49051108956336975
5467812352.0,-0.5017135143280029
5468749824.0,-0.5129586458206177
5469687296.0,-0.5203185081481934
5470624768.0,-0.5257565975189209
5471562752.0,-0.5289896130561829
5472500224.0,-0.5294994115829468
5473437696.0,-0.5270079970359802
5474375168.0,-0.5224663019180298
5475312640.0,-0.5136470198631287
5476250112.0,-0.5033292770385742
5477187584.0,-0.4923108220100403
5478125056.0,-0.4787318706512451
5479062528.0,-0.4623652696609497
5480000000.0,-0.44604548811912537
5480937472.0,-0.42715325951576233
5481874944.0,-0.4071066975593567
5482812416.0,-0.38602471351623535
5483749888.0,-0.3643189072608948
5484687360.0,-0.3422359824180603
5485624832.0,-0.3210037052631378
5486562304.0,-0.29955270886421204
5487499776.0,-0.27778950333595276
5488437248.0,-0.2577669322490692
5489375232.0,-0.23770923912525177
5490312704.0,-0.22023706138134003
5491250176.0,-0.20421087741851807
5492187648.0,-0.19056138396263123
5493125120.0,-0.17802131175994873
5494062592.0,-0.1680903434753418
5495000064.0,-0.16025246679782867
5495937536.0,-0.15425442159175873
5496875008.0,-0.150276318192482
5497812480.0,-0.15027263760566711
5498749952.0,-0.15274277329444885
5499687424.0,-0.15718600153923035
5500624896.0,-0.16510191559791565
5501562368.0,-0.17565977573394775
5502499840.0,-0.18814997375011444
5503437312.0,-0.2029530107975006
5504374784.0,-0.22146442532539368
5505312256.0,-0.241954505443573
5506250240.0,-0.2652459740638733
5507187712.0,-0.2893975079059601
5508125184.0,-0.315522164106369
5509062656.0,-0.34378278255462646
5510000128.0,-0.37361687421798706
5510937600.0,-0.4047229290008545
5511875072.0,-0.4386330544948578
5512812544.0,-0.4710899591445923
5513750016.0,-0.5046005249023438
5514687488.0,-0.5369656682014465
5515624960.0,-0.5698044896125793
5516562432.0,-0.6031685471534729
5517499904.0,-0.6345711946487427
5518437376.0,-0.6667699217796326
5519374848.0,-0.6991974711418152
5520312320.0,-0.729476809501648
5521249792.0,-0.7592048645019531
5522187264.0,-0.7888882160186768
5523125248.0,-0.8175749182701111
5524062720.0,-0.8464043736457825
5525000192.0,-0.8769402503967285
5525937664.0,-0.7534697651863098
5526875136.0,-0.7672236561775208
5527812608.0,-0.7815104722976685
5528750080.0,-0.7973174452781677
5529687552.0,-0.8147746324539185
5530625024.0,-0.8323175311088562
5531562496.0,-0.8515563607215881
5532499968.0,-0.8715233206748962
5533437440.0,-0.8924326300621033
5534374912.0,-0.9139799475669861
5535312384.0,-0.9365864992141724
5536249856.0,-0.9592466354370117
5537187328.0,-0.9820857048034668
5538124800.0,-1.0040887594223022
5539062272.0,-1.0269135236740112
5539999744.0,-1.047000765800476
5540937728.0,-1.0652447938919067
5541875200.0,-1.0799827575683594
5542812672.0,-1.0920838117599487
5543750144.0,-1.0996536016464233
5544687616.0,-1.104188323020935
5545625088.0,-1.1047301292419434
5546562560.0,-1.101515531539917
5547500032.0,-1.0935436487197876
5548437504.0,-1.0804798603057861
5549374976.0,-1.063164472579956
5550312448.0,-1.0440036058425903
5551249920.0,-1.0212210416793823
5552187392.0,-0.9943050146102905
5553124864.0,-0.9663364291191101
5554062336.0,-0.9363980889320374
5554999808.0,-0.9041966199874878
5555937280.0,-0.8720454573631287
5556874752.0,-0.8398746848106384
5557812736.0,-0.8079656362533569
5558750208.0,-0.7767380475997925
5559687680.0,-0.7476316690444946
5560625152.0,-0.7186391353607178
5561562624.0,-0.6907899379730225
5562500096.0,-0.6666151881217957
5563437568.0,-0.6439544558525085
5564375040.0,-0.6244907379150391
5565312512.0,-0.6068753600120544
5566249984.0,-0.5909767150878906
5567187456.0,-0.5762614011764526
5568124928.0,-0.5622777342796326
5569062400.0,-0.5503042340278625
5569999872.0,-0.5366336703300476
5570937344.0,-0.5247175097465515
5571874816.0,-0.5117654800415039
5572812288.0,-0.5009353160858154
5573749760.0,-0.4895886480808258
5574687744.0,-0.4797249734401703
5575625216.0,-0.47091445326805115
5576562688.0,-0.46490347385406494
5577500160.0,-0.45938384532928467
5578437632.0,-0.4571584165096283
5579375104.0,-0.4549925625324249
5580312576.0,-0.45435458421707153
5581250048.0,-0.45469918847084045
5582187520.0,-0.4567752182483673
5583124992.0,-0.45973169803619385
5584062464.0,-0.4619545638561249
5584999936.0,-0.4649900197982788
5585937408.0,-0.44166284799575806
5586874880.0,-0.43443819880485535
5587812352.0,-0.42386114597320557
5588749824.0,-0.412228524684906
5589687296.0,-0.3990459740161896
5590624768.0,-0.3839748501777649
5591562752.0,-0.3679766356945038
5592500224.0,-0.3519369661808014
5593437696.0,-0.33416590094566345
5594375168.0,-0.31584659218788147
5595312640.0,-0.2981869876384735
5596250112.0,-0.27807092666625977
5597187584.0,-0.2581256926059723
5598125056.0,-0.23921628296375275
5599062528.0,-0.2199171781539917
5600000000.0,-0.20118288695812225
5600937472.0,-0.1835707277059555
5601874944.0,-0.1664113998413086
5602812416.0,-0.15062998235225677
5603749888.0,-0.13493575155735016
5604687360.0,-0.12224885076284409
5605624832.0,-0.1098988950252533
5606562304.0,-0.09952305257320404
5607499776.0,-0.09032924473285675
5608437248.0,-0.08428622782230377
5609375232.0,-0.07840661704540253
5610312704.0,-0.074076347053051
5611250176.0,-0.07323260605335236
5612187648.0,-0.07245108485221863
5613125120.0,-0.07475359737873077
5614062592.0,-0.07813826948404312
5615000064.0,-0.08254461735486984
5615937536.0,-0.0898062065243721
5616875008.0,-0.09727498888969421
5617812480.0,-0.10704920440912247
5618749952.0,-0.11785528063774109
5619687424.0,-0.12904933094978333
5620624896.0,-0.140800341963768
5621562368.0,-0.15328198671340942
5622499840.0,-0.16701781749725342
5623437312.0,-0.1797134280204773
5624374784.0,-0.19438086450099945
5625312256.0,-0.20730255544185638
5626250240.0,-0.22115157544612885
5627187712.0,-0.23563963174819946
5628125184.0,-0.24750198423862457
5629062656.0,-0.26052165031433105
5630000128.0,-0.27048009634017944
5630937600.0,-0.2796732187271118
5631875072.0,-0.28858330845832825
5632812544.0,-0.2949879467487335
5633750016.0,-0.30073556303977966
5634687488.0,-0.30437174439430237
5635624960.0,-0.3060762882232666
5636562432.0,-0.30803775787353516
5637499904.0,-0.30588299036026
5638437376.0,-0.3033290505409241
5639374848.0,-0.29816102981567383
5640312320.0,-0.2928203344345093
5641249792.0,-0.28458863496780396
5642187264.0,-0.27524325251579285
5643125248.0,-0.26436150074005127
5644062720.0,-0.2523408532142639
5645000192.0,-0.24014107882976532
5645937664.0,-0.20343947410583496
5646875136.0,-0.20711944997310638
5647812608.0,-0.21024928987026215
5648750080.0,-0.21030457317829132
5649687552.0,-0.20998933911323547
5650625024.0,-0.20804807543754578
5651562496.0,-0.2041279673576355
5652499968.0,-0.19920623302459717
5653437440.0,-0.19286680221557617
5654374912.0,-0.18624188005924225
5655312384.0,-0.17870475351810455
5656249856.0,-0.16977177560329437
5657187328.0,-0.16119138896465302
5658124800.0,-0.1530962586402893
5659062272.0,-0.14511869847774506
5660000256.0,-0.1369994580745697
5660937728.0,-0.12974923849105835
5661875200.0,-0.12209746241569519
5662812672.0,-0.11630238592624664
5663750144.0,-0.11043047159910202
5664687616.0,-0.1062939390540123
5665625088.0,-0.10298729687929153
5666562560.0,-0.10023094713687897
5667500032.0,-0.0977800264954567
5668437504.0,-0.09747032821178436
5669374976.0,-0.09900698810815811
5670312448.0,-0.09989117085933685
5671249920.0,-0.10393525660037994
5672187392.0,-0.10886292904615402
5673124864.0,-0.11365576833486557
5674062336.0,-0.12000702321529388
5674999808.0,-0.12748761475086212
5675937280.0,-0.13496451079845428
5676874752.0,-0.14475132524967194
5677812736.0,-0.15197353065013885
5678750208.0,-0.16338591277599335
5679687680.0,-0.17256498336791992
5680625152.0,-0.18245139718055725
5681562624.0,-0.19122351706027985
5682500096.0,-0.20171679556369781
5683437568.0,-0.21133224666118622
5684375040.0,-0.221008762717247
5685312512.0,-0.22900059819221497
5686249984.0,-0.23533998429775238
5687187456.0,-0.24276137351989746
5688124928.0,-0.2481335997581482
5689062400.0,-0.25401273369789124
5689999872.0,-0.2595558762550354
5690937344.0,-0.2638103663921356
5691874816.0,-0.26798683404922485
5692812288.0,-0.2714351415634155
5693749760.0,-0.2762860655784607
5694687744.0,-0.2803548574447632
5695625216.0,-0.2846038043498993
5696562688.0,-0.2878703773021698
5697500160.0,-0.29289305210113525
5698437632.0,-0.2968937158584595
5699375104.0,-0.3016333281993866
5700312576.0,-0.30773279070854187
5701250048.0,-0.31459859013557434
5702187520.0,-0.32322606444358826
5703124992.0,-0.3317601680755615
5704062464.0,-0.3426571488380432
5704999936.0,-0.35345733165740967
5705937408.0,-0.24140579998493195
5706874880.0,-0.261999249458313
5707812352.0,-0.28189289569854736
5708749824.0,-0.3010164499282837
5709687296.0,-0.32081812620162964
5710624768.0,-0.3385365605354309
5711562752.0,-0.35480934381484985
5712500224.0,-0.3693126440048218
5713437696.0,-0.38253912329673767
5714375168.0,-0.39048731327056885
5715312640.0,-0.3970273435115814
5716250112.0,-0.398013174533844
5717187584.0,-0.39763399958610535
5718125056.0,-0.39032721519470215
5719062528.0,-0.3797883987426758
5720000000.0,-0.3644159138202667
5720937472.0,-0.34490782022476196
5721874944.0,-0.3211005926132202
5722812416.0,-0.2934702932834625
5723749888.0,-0.2627049684524536
5724687360.0,-0.22724707424640656
5725624832.0,-0.18984347581863403
5726562304.0,-0.1505897045135498
5727499776.0,-0.1100485548377037
5728437248.0,-0.06831813603639603
5729375232.0,-0.02706991322338581
5730312704.0,0.012877119705080986
5731250176.0,0.05068732798099518
5732187648.0,0.0866699144244194
5733125120.0,0.11967852711677551
5734062592.0,0.1484236717224121
5735000064.0,0.17354349792003632
5735937536.0,0.19451941549777985
5736875008.0,0.21024832129478455
5737812480.0,0.2216387391090393
5738749952.0,0.22959740459918976
5739687424.0,0.2321142852306366
5740624896.0,0.2308073490858078
5741562368.0,0.22659140825271606
5742499840.0,0.2180708646774292
5743437312.0,0.2078026980161667
5744374784.0,0.19534900784492493
5745312256.0,0.1813671886920929
5746250240.0,0.16772997379302979
5747187712.0,0.1525321751832962
5748125184.0,0.13736680150032043
5749062656.0,0.1225622221827507
5750000128.0,0.10844923555850983
5750937600.0,0.09401532262563705
5751875072.0,0.0824713408946991
5752812544.0,0.07012999802827835
5753750016.0,0.058796439319849014
5754687488.0,0.048380978405475616
5755624960.0,0.033595215529203415
5756562432.0,0.013643755577504635
5757499904.0,-0.009710402227938175
5758437376.0,-0.03589076176285744
5759374848.0,-0.06310147792100906
5760312320.0,-0.0920405238866806
5761249792.0,-0.12203234434127808
5762187264.0,-0.15399716794490814
5763125248.0,-0.18532301485538483
5764062720.0,-0.21600967645645142
5765000192.0,-0.2486993670463562
5765937664.0,-0.19441494345664978
5766875136.0,-0.20221155881881714
5767812608.0,-0.2103603184223175
5768750080.0,-0.21834607422351837
5769687552.0,-0.22707024216651917
5770625024.0,-0.23675164580345154
5771562496.0,-0.24681681394577026
5772499968.0,-0.25623488426208496
5773437440.0,-0.26630663871765137
5774374912.0,-0.2765391170978546
5775312384.0,-0.28655579686164856
5776249856.0,-0.297184556722641
5777187328.0,-0.30773383378982544
5778124800.0,-0.3191799819469452
5779062272.0,-0.33051225543022156
5779999744.0,-0.34146273136138916
5780937728.0,-0.35219788551330566
5781875200.0,-0.3631870746612549
5782812672.0,-0.37350407242774963
5783750144.0,-0.3837395906448364
5784687616.0,-0.3940805196762085
5785625088.0,-0.4030192494392395
5786562560.0,-0.41204121708869934
5787500032.0,-0.41957321763038635
5788437504.0,-0.42705920338630676
5789374976.0,-0.43265530467033386
5790312448.0,-0.4379182457923889
5791249920.0,-0.44166165590286255
5792187392.0,-0.44373324513435364
5793124864.0,-0.44452598690986633
5794062336.0,-0.4443100094795227
5794999808.0,-0.4438178241252899
5795937280.0,-0.44095608592033386
5796874752.0,-0.43677395582199097
5797812736.0,-0.43095341324806213
5798750208.0,-0.4229794144630432
5799687680.0,-0.41446834802627563
5800625152.0,-0.4017770290374756
5801562624.0,-0.39030247926712036
5802500096.0,-0.37575021386146545
5803437568.0,-0.36018073558807373
5804375040.0,-0.3435780704021454
5805312512.0,-0.3247778117656708
5806249984.0,-0.30602365732192993
5807187456.0,-0.28673696517944336
5808124928.0,-0.2675902843475342
5809062400.0,-0.2483711689710617
5809999872.0,-0.22834794223308563
5810937344.0,-0.20863690972328186
5811874816.0,-0.18965280055999756
5812812288.0,-0.171463280916214
5813749760.0,-0.15289825201034546
5814687744.0,-0.136497363448143
5815625216.0,-0.1202944964170456
5816562688.0,-0.10633975267410278
5817500160.0,-0.09433098882436752
5818437632.0,-0.08391425758600235
5819375104.0,-0.07392445206642151
5820312576.0,-0.06741482019424438
5821250048.0,-0.06126687675714493
5822187520.0,-0.05828789994120598
5823124992.0,-0.05616329237818718
5824062464.0,-0.05634148418903351
5824999936.0,-0.05752788484096527
5825937408.0,-0.2511870861053467
5826874880.0,-0.25421997904777527
5827812352.0,-0.2557597756385803
5828749824.0,-0.25706160068511963
5829687296.0,-0.25972461700439453
5830624768.0,-0.2613045573234558
5831562752.0,-0.26356685161590576
5832500224.0,-0.2649851143360138
5833437696.0,-0.26677513122558594
5834375168.0,-0.26988598704338074
5835312640.0,-0.2734355330467224
5836250112.0,-0.27633699774742126
5837187584.0,-0.28067299723625183
5838125056.0,-0.28458720445632935
5839062528.0,-0.2892751395702362
5840000000.0,-0.2953362464904785
5840937472.0,-0.30193158984184265
5841874944.0,-0.308983713388443
5842812416.0,-0.3161212205886841
5843749888.0,-0.322417289018631
5844687360.0,-0.32921457290649414
5845624832.0,-0.3360658288002014
5846562304.0,-0.3420366942882538
5847499776.0,-0.34898942708969116
5848437248.0,-0.3541485071182251
5849375232.0,-0.3597133457660675
5850312704.0,-0.36388957500457764
5851250176.0,-0.36826902627944946
5852187648.0,-0.3731745779514313
5853125120.0,-0.3766185939311981
5854062592.0,-0.38021326065063477
5855000064.0,-0.3813115656375885
5855937536.0,-0.3830282390117645
5856875008.0,-0.3837311267852783
5857812480.0,-0.3835294842720032
5858749952.0,-0.38338780403137207
5859687424.0,-0.382331520318985
5860624896.0,-0.3808813989162445
5861562368.0,-0.3786945939064026
5862499840.0,-0.3759346604347229
5863437312.0,-0.373966783285141
5864374784.0,-0.3704748749732971
5865312256.0,-0.3676184117794037
5866250240.0,-0.3642267882823944
5867187712.0,-0.36182355880737305
5868125184.0,-0.3585807681083679
5869062656.0,-0.35598841309547424
5870000128.0,-0.3534979224205017
5870937600.0,-0.35106196999549866
5871875072.0,-0.3481605052947998
5872812544.0,-0.3462623357772827
5873750016.0,-0.34579700231552124
5874687488.0,-0.3458152115345001
5875624960.0,-0.3449898958206177
5876562432.0,-0.3444521725177765
5877499904.0,-0.3449450135231018
5878437376.0,-0.3463408648967743
5879374848.0,-0.34720829129219055
5880312320.0,-0.35005128383636475
5881249792.0,-0.35195642709732056
5882187264.0,-0.3550505042076111
5883125248.0,-0.3587262034416199
5884062720.0,-0.362760990858078
5885000192.0,-0.36772069334983826
5885937664.0,-0.3794420659542084
5886875136.0,-0.3830377459526062
5887812608.0,-0.3875184953212738
5888750080.0,-0.3905664086341858
5889687552.0,-0.3941260278224945
5890625024.0,-0.39640408754348755
5891562496.0,-0.3988902270793915
5892499968.0,-0.40041881799697876
5893437440.0,-0.4024873375892639
5894374912.0,-0.4031843841075897
5895312384.0,-0.4038924276828766
5896249856.0,-0.40416082739830017
5897187328.0,-0.4035175144672394
5898124800.0,-0.4041862189769745
5899062272.0,-0.40419191122055054
5900000256.0,-0.40304937958717346
5900937728.0,-0.4031759798526764
5901875200.0,-0.4020993411540985
5902812672.0,-0.4014469087123871
5903750144.0,-0.40115851163864136
5904687616.0,-0.39998599886894226
5905625088.0,-0.3994377851486206
5906562560.0,-0.3991664946079254
5907500032.0,-0.3994818925857544
5908437504.0,-0.39986974000930786
5909374976.0,-0.4008067548274994
5910312448.0,-0.4013739228248596
5911249920.0,-0.4032185673713684
5912187392.0,-0.40449362993240356
5913124864.0,-0.40800580382347107
5914062336.0,-0.409607857465744
5914999808.0,-0.4136097729206085
5915937280.0,-0.4163518249988556
5916874752.0,-0.4219694137573242
5917812736.0,-0.4263569712638855
5918750208.0,-0.4326900541782379
5919687680.0,-0.4406270384788513
5920625152.0,-0.4474423825740814
5921562624.0,-0.45547759532928467
5922500096.0,-0.46296176314353943
5923437568.0,-0.4722418189048767
5924375040.0,-0.48265063762664795
5925312512.0,-0.4920206665992737
5926249984.0,-0.5024353265762329
5927187456.0,-0.5135412216186523
5928124928.0,-0.5259648561477661
5929062400.0,-0.537510871887207
5929999872.0,-0.5478640198707581
5930937344.0,-0.5595157742500305
5931874816.0,-0.5699562430381775
5932812288.0,-0.580286979675293
5933749760.0,-0.5899986624717712
5934687744.0,-0.6012285947799683
5935625216.0,-0.6106464862823486
5936562688.0,-0.6196979284286499
5937500160.0,-0.6272013187408447
5938437632.0,-0.6355146765708923
5939375104.0,-0.6433985829353333
5940312576.0,-0.6490210294723511
5941250048.0,-0.652803897857666
5942187520.0,-0.6569689512252808
5943124992.0,-0.6588552594184875
5944062464.0,-0.6606172323226929
5944999936.0,-0.6609657406806946
5945937408.0,-0.4341769218444824
5946874880.0,-0.449042409658432
5947812352.0,-0.4640595018863678
5948749824.0,-0.4795314371585846
5949687296.0,-0.49427032470703125
5950624768.0,-0.5095229744911194
5951562752.0,-0.5265616774559021
5952500224.0,-0.5403842329978943
5953437696.0,-0.5532179474830627
5954375168.0,-0.5637977123260498
5955312640.0,-0.5740535259246826
5956250112.0,-0.5815696716308594
5957187584.0,-0.5889449715614319
5958125056.0,-0.5931933522224426
5959062528.0,-0.5970501899719238
5960000000.0,-0.5989271402359009
5960937472.0,-0.5969825387001038
5961874944.0,-0.5936698913574219
5962812416.0,-0.5888780951499939
5963749888.0,-0.5830116271972656
5964687360.0,-0.5756716132164001
5965624832.0,-0.5673421025276184
5966562304.0,-0.5577312707901001
5967499776.0,-0.5472772121429443
5968437248.0,-0.5363046526908875
5969375232.0,-0.5243251323699951
5970312704.0,-0.5124041438102722
5971250176.0,-0.5004184246063232
5972187648.0,-0.4880906343460083
5973125120.0,-0.4759621024131775
5974062592.0,-0.4655403792858124
5975000064.0,-0.4548613131046295
5975937536.0,-0.44623804092407227
5976875008.0,-0.43775027990341187
5977812480.0,-0.43152761459350586
5978749952.0,-0.42665132880210876
5979687424.0,-0.4219863712787628
5980624896.0,-0.42013832926750183
5981562368.0,-0.41925424337387085
5982499840.0,-0.4187258183956146
5983437312.0,-0.41852474212646484
5984374784.0,-0.42001739144325256
5985312256.0,-0.4206928610801697
5986250240.0,-0.4228767454624176
5987187712.0,-0.42552199959754944
5988125184.0,-0.42999812960624695
5989062656.0,-0.4348388910293579
5990000128.0,-0.4405490458011627
5990937600.0,-0.44664523005485535
5991875072.0,-0.4512063264846802
5992812544.0,-0.45717954635620117
5993750016.0,-0.46270087361335754
5994687488.0,-0.4668412208557129
5995624960.0,-0.4727975130081177
5996562432.0,-0.4772651791572571
5997499904.0,-0.48289597034454346
5998437376.0,-0.48613864183425903
5999374848.0,-0.49051234126091003
6000312320.0,-0.49404436349868774
6001249792.0,-0.4978395402431488
6002187264.0,-0.5008681416511536
6003125248.0,-0.5045993328094482
6004062720.0,-0.5073866844177246
6005000192.0,-0.4024748206138611
6005937664.0,-0.4114907383918762
6006875136.0,-0.42117729783058167
6007812608.0,-0.43340107798576355
6008750080.0,-0.4451252222061157
6009687552.0,-0.4584505558013916
6010625024.0,-0.47266215085983276
6011562496.0,-0.48793840408325195
6012499968.0,-0.5054194927215576
6013437440.0,-0.5231559872627258
6014374912.0,-0.5412525534629822
6015312384.0,-0.5611240267753601
6016249856.0,-0.5792786478996277
6017187328.0,-0.5980274677276611
6018124800.0,-0.6165428161621094
6019062272.0,-0.6320856809616089
6019999744.0,-0.6488774418830872
6020937728.0,-0.6645491719245911
6021875200.0,-0.6771925091743469
6022812672.0,-0.6902983784675598
6023750144.0,-0.7020058035850525
6024687616.0,-0.712258517742157
6025625088.0,-0.7205595970153809
6026562560.0,-0.7269794344902039
6027500032.0,-0.7311306595802307
6028437504.0,-0.7331657409667969
6029374976.0,-0.7333658933639526
6030312448.0,-0.7311472296714783
6031249920.0,-0.7271479964256287
6032187392.0,-0.7217971682548523
6033124864.0,-0.7139050364494324
6034062336.0,-0.7044568061828613
6034999808.0,-0.6929900050163269
6035937280.0,-0.6813772916793823
6036874752.0,-0.6685038208961487
6037812736.0,-0.6525957584381104
6038750208.0,-0.6370421051979065
6039687680.0,-0.6203383803367615
6040625152.0,-0.6037578582763672
6041562624.0,-0.5857149958610535
6042500096.0,-0.5691848397254944
6043437568.0,-0.5517677068710327
6044375040.0,-0.533915638923645
6045312512.0,-0.5178000926971436
6046249984.0,-0.5015875101089478
6047187456.0,-0.4857901930809021
6048124928.0,-0.4706270098686218
6049062400.0,-0.45727214217185974
6049999872.0,-0.44320589303970337
6050937344.0,-0.4315931499004364
6051874816.0,-0.42070743441581726
6052812288.0,-0.41189706325531006
6053749760.0,-0.40441620349884033
6054687744.0,-0.39755281805992126
6055625216.0,-0.3931673467159271
6056562688.0,-0.3892582356929779
6057500160.0,-0.38702067732810974
6058437632.0,-0.3861760199069977
6059375104.0,-0.3860797584056854
6060312576.0,-0.3868006765842438
6061250048.0,-0.38901180028915405
6062187520.0,-0.3916621506214142
6063124992.0,-0.395766019821167
6064062464.0,-0.40061402320861816
6064999936.0,-0.3983473777770996
6065937408.0,-0.40436139702796936
6066874880.0,-0.4113628566265106
6067812352.0,-0.4177008867263794
6068749824.0,-0.42593473196029663
6069687296.0,-0.43527570366859436
6070624768.0,-0.4436894953250885
6071562752.0,-0.45546308159828186
6072500224.0,-0.4665567874908447
6073437696.0,-0.47812139987945557
6074375168.0,-0.4888094663619995
6075312640.0,-0.500514030456543
6076250112.0,-0.5107877254486084
6077187584.0,-0.5214661955833435
6078125056.0,-0.5312457084655762
6079062528.0,-0.5415046215057373
6080000000.0,-0.5501945614814758
6080937472.0,-0.5602293610572815
6081874944.0,-0.5680462718009949
6082812416.0,-0.5743412375450134
6083749888.0,-0.5801039934158325
6084687360.0,-0.5853709578514099
6085624832.0,-0.5904940366744995
6086562304.0,-0.5936139822006226
6087499776.0,-0.595923125743866
6088437248.0,-0.5977655649185181
6089375232.0,-0.598453938961029
6090312704.0,-0.5997510552406311
6091250176.0,-0.5978208184242249
6092187648.0,-0.596583366394043
6093125120.0,-0.5921002626419067
6094062592.0,-0.5862962007522583
6095000064.0,-0.580068051815033
6095937536.0,-0.5724600553512573
6096875008.0,-0.5646806359291077
6097812480.0,-0.5550363659858704
6098749952.0,-0.5458567142486572
6099687424.0,-0.5371406674385071
6100624896.0,-0.526339054107666
6101562368.0,-0.5172520875930786
6102499840.0,-0.5081451535224915
6103437312.0,-0.49805358052253723
6104374784.0,-0.48790326714515686
6105312256.0,-0.47758349776268005
6106250240.0,-0.4673253893852234
6107187712.0,-0.4593561589717865
6108125184.0,-0.44930440187454224
6109062656.0,-0.44031015038490295
6110000128.0,-0.43283137679100037
6110937600.0,-0.4245804250240326
6111875072.0,-0.41795021295547485
6112812544.0,-0.41217249631881714
6113750016.0,-0.4058769643306732
6114687488.0,-0.40062233805656433
6115624960.0,-0.39596885442733765
6116562432.0,-0.3916473388671875
6117499904.0,-0.38843435049057007
6118437376.0,-0.38518473505973816
6119374848.0,-0.38405629992485046
6120312320.0,-0.38328248262405396
6121249792.0,-0.3815813958644867
6122187264.0,-0.3822777271270752
6123125248.0,-0.3844949007034302
6124062720.0,-0.38618388772010803
6125000192.0,-0.5750428438186646
6125937664.0,-0.5856531858444214
6126875136.0,-0.5980185270309448
6127812608.0,-0.6083747744560242
6128750080.0,-0.6174578070640564
6129687552.0,-0.6263833045959473
6130625024.0,-0.6348369121551514
6131562496.0,-0.6414804458618164
6132499968.0,-0.6471636891365051
6133437440.0,-0.6519879102706909
6134374912.0,-0.6553669571876526
6135312384.0,-0.6586807370185852
6136249856.0,-0.6607787609100342
6137187328.0,-0.6623770594596863
6138124800.0,-0.6630465388298035
6139062272.0,-0.662406325340271
6140000256.0,-0.6618792414665222
6140937728.0,-0.6616616249084473
6141875200.0,-0.6601479053497314
6142812672.0,-0.6591585874557495
6143750144.0,-0.6572604775428772
6144687616.0,-0.6546945571899414
6145625088.0,-0.6512585878372192
6146562560.0,-0.6480441093444824
6147500032.0,-0.6452019214630127
6148437504.0,-0.6411254405975342
6149374976.0,-0.6384486556053162
6150312448.0,-0.6359620690345764
6151249920.0,-0.6343552470207214
6152187392.0,-0.6316625475883484
6153124864.0,-0.6306372284889221
6154062336.0,-0.6293925046920776
6154999808.0,-0.6284223794937134
6155937280.0,-0.6286632418632507
6156874752.0,-0.6290388703346252
6157812736.0,-0.6309089660644531
6158750208.0,-0.6311525106430054
6159687680.0,-0.6321725845336914
6160625152.0,-0.6345897912979126
6161562624.0,-0.6366590857505798
6162500096.0,-0.6397969722747803
6163437568.0,-0.6431887745857239
6164375040.0,-0.6482498049736023
6165312512.0,-0.6535581946372986
6166249984.0,-0.6585224270820618
6167187456.0,-0.6639479994773865
6168124928.0,-0.6704751253128052
6169062400.0,-0.6775583624839783
6169999872.0,-0.6852153539657593
6170937344.0,-0.6920221447944641
6171874816.0,-0.7004169821739197
6172812288.0,-0.7082496285438538
6173749760.0,-0.7149558663368225
6174687744.0,-0.7239089608192444
6175625216.0,-0.7314690351486206
6176562688.0,-0.7407923936843872
6177500160.0,-0.7492172718048096
6178437632.0,-0.7586752772331238
6179375104.0,-0.7666131258010864
6180312576.0,-0.7747032046318054
6181250048.0,-0.7828503847122192
6182187520.0,-0.7917667627334595
6183124992.0,-0.798924446105957
6184062464.0,-0.8047451972961426
6184999936.0,-0.6412709951400757
6185937408.0,-0.6626097559928894
6186874880.0,-0.6809589862823486
6187812352.0,-0.700715959072113
6188749824.0,-0.7188551425933838
6189687296.0,-0.7382393479347229
6190624768.0,-0.7553773522377014
6191562752.0,-0.7726502418518066
6192500224.0,-0.7889031171798706
6193437696.0,-0.8038356304168701
6194375168.0,-0.8181620836257935
6195312640.0,-0.8320766687393188
6196250112.0,-0.8448315262794495
6197187584.0,-0.8567942976951599
6198125056.0,-0.8681901693344116
6199062528.0,-0.8790936470031738
6200000000.0,-0.8880062103271484
6200937472.0,-0.895193874835968
6201874944.0,-0.90090411901474
6202812416.0,-0.9038600921630859
6203749888.0,-0.9063293933868408
6204687360.0,-0.9061000943183899
6205624832.0,-0.9045450687408447
6206562304.0,-0.9017173051834106
6207499776.0,-0.895106852054596
6208437248.0,-0.8871990442276001
6209375232.0,-0.8773156404495239
6210312704.0,-0.8655956387519836
6211250176.0,-0.8549338579177856
6212187648.0,-0.8427463173866272
6213125120.0,-0.8300293684005737
6214062592.0,-0.8172217607498169
6215000064.0,-0.8034800887107849
6215937536.0,-0.7901841402053833
6216875008.0,-0.7755135893821716
6217812480.0,-0.7601455450057983
6218749952.0,-0.7461771368980408
6219687424.0,-0.7314398884773254
6220624896.0,-0.718216061592102
6221562368.0,-0.7048811912536621
6222499840.0,-0.6914511322975159
6223437312.0,-0.6788535118103027
6224374784.0,-0.6670889854431152
6225312256.0,-0.6559104323387146
6226250240.0,-0.6466689109802246
6227187712.0,-0.6376299858093262
6228125184.0,-0.6302126049995422
6229062656.0,-0.6246416568756104
6230000128.0,-0.6198168992996216
6230937600.0,-0.6168225407600403
6231875072.0,-0.6140938997268677
6232812544.0,-0.6150732636451721
6233750016.0,-0.6165363192558289
6234687488.0,-0.6191616058349609
6235624960.0,-0.6235053539276123
6236562432.0,-0.6294357180595398
6237499904.0,-0.6358599662780762
6238437376.0,-0.6424374580383301
6239374848.0,-0.6507514119148254
6240312320.0,-0.6593353748321533
6241249792.0,-0.667249858379364
6242187264.0,-0.6768362522125244
6243125248.0,-0.686859667301178
6244062720.0,-0.6977766752243042
6245000192.0,-0.7046710848808289
6245937664.0,-0.7197163701057434
6246875136.0,-0.7321407794952393
6247812608.0,-0.7466557621955872
6248750080.0,-0.7600797414779663
6249687552.0,-0.7763413190841675
6250625024.0,-0.7910376787185669
6251562496.0,-0.8066403269767761
6252499968.0,-0.8208113312721252
6253437440.0,-0.8339953422546387
6254374912.0,-0.8464125990867615
6255312384.0,-0.8567249178886414
6256249856.0,-0.8663811087608337
6257187328.0,-0.8754779100418091
6258124800.0,-0.8839734792709351
6259062272.0,-0.8930677771568298
6259999744.0,-0.9000576138496399
6260937728.0,-0.9055867791175842
6261875200.0,-0.9113634824752808
6262812672.0,-0.9161474108695984
6263750144.0,-0.9183799028396606
6264687616.0,-0.9198989868164062
6265625088.0,-0.9217073321342468
6266562560.0,-0.922035813331604
6267500032.0,-0.923142671585083
6268437504.0,-0.9222970604896545
6269374976.0,-0.9228079915046692
6270312448.0,-0.9219471216201782
6271249920.0,-0.9190161228179932
6272187392.0,-0.9159787893295288
6273124864.0,-0.9118953943252563
6274062336.0,-0.9066035151481628
6274999808.0,-0.9014208912849426
6275937280.0,-0.8957383036613464
6276874752.0,-0.8915443420410156
6277812736.0,-0.886421799659729
6278750208.0,-0.8828461170196533
6279687680.0,-0.8791067004203796
6280625152.0,-0.8743741512298584
6281562624.0,-0.8706395030021667
6282500096.0,-0.8666890859603882
6283437568.0,-0.8640585541725159
6284375040.0,-0.8614300489425659
6285312512.0,-0.860645592212677
6286249984.0,-0.8593369126319885
6287187456.0,-0.8589006662368774
6288124928.0,-0.8605113625526428
6289062400.0,-0.8611562848091125
6289999872.0,-0.8643044233322144
6290937344.0,-0.8674907088279724
6291874816.0,-0.8706920742988586
6292812288.0,-0.8750325441360474
6293749760.0,-0.8803286552429199
6294687744.0,-0.8866448998451233
6295625216.0,-0.8950214385986328
6296562688.0,-0.9021157026290894
6297500160.0,-0.909247100353241
6298437632.0,-0.9170539975166321
6299375104.0,-0.9247585535049438
6300312576.0,-0.9345211386680603
6301250048.0,-0.9449635744094849
6302187520.0,-0.955426037311554
6303124992.0,-0.965685248374939
6304062464.0,-0.9757440686225891
6304999936.0,-1.0033514499664307
6305937408.0,-1.0119373798370361
6306874880.0,-1.021773338317871
6307812352.0,-1.0316364765167236
6308749824.0,-1.0408642292022705
6309687296.0,-1.0512176752090454
6310624768.0,-1.060858130455017
6311562752.0,-1.0714049339294434
6312500224.0,-1.083146095275879
6313437696.0,-1.092888593673706
6314375168.0,-1.1050770282745361
6315312640.0,-1.1168146133422852
6316250112.0,-1.1287034749984741
6317187584.0,-1.1395350694656372
6318125056.0,-1.1526262760162354
6319062528.0,-1.1637376546859741
6320000000.0,-1.1754013299942017
6320937472.0,-1.1874237060546875
6321874944.0,-1.1993911266326904
6322812416.0,-1.2103197574615479
6323749888.0,-1.2217563390731812
6324687360.0,-1.2315324544906616
6325624832.0,-1.2415289878845215
6326562304.0,-1.2487690448760986
6327499776.0,-1.2571512460708618
6328437248.0,-1.2652392387390137
6329375232.0,-1.272558569908142
6330312704.0,-1.2796072959899902
6331250176.0,-1.2878782749176025
6332187648.0,-1.2944129705429077
6333125120.0,-1.3010057210922241
6334062592.0,-1.3054869174957275
6335000064.0,-1.3075835704803467
6335937536.0,-1.309554934501648
6336875008.0,-1.3105818033218384
6337812480.0,-1.3097690343856812
6338749952.0,-1.3082200288772583
6339687424.0,-1.30577552318573
6340624896.0,-1.3000502586364746
6341562368.0,-1.2920225858688354
6342499840.0,-1.2828819751739502
6343437312.0,-1.2719262838363647
6344374784.0,-1.2594491243362427
6345312256.0,-1.24836003780365
6346250240.0,-1.2357399463653564
6347187712.0,-1.2265523672103882
6348125184.0,-1.2154566049575806
6349062656.0,-1.2051798105239868
6350000128.0,-1.193638563156128
6350937600.0,-1.1818002462387085
6351875072.0,-1.1696144342422485
6352812544.0,-1.1564284563064575
6353750016.0,-1.143747091293335
6354687488.0,-1.1304969787597656
6355624960.0,-1.1168006658554077
6356562432.0,-1.1042245626449585
6357499904.0,-1.0915883779525757
6358437376.0,-1.0783030986785889
6359374848.0,-1.0655938386917114
6360312320.0,-1.0541305541992188
6361249792.0,-1.0440173149108887
6362187264.0,-1.0354037284851074
6363125248.0,-1.030154824256897
6364062720.0,-1.025938868522644
6365000192.0,-1.3876820802688599
6365937664.0,-1.4021438360214233
6366875136.0,-1.416711449623108
6367812608.0,-1.4327425956726074
6368750080.0,-1.4483911991119385
6369687552.0,-1.4636497497558594
6370625024.0,-1.4793070554733276
6371562496.0,-1.4944684505462646
6372499968.0,-1.5096529722213745
6373437440.0,-1.5232621431350708
6374374912.0,-1.5382052659988403
6375312384.0,-1.5512657165527344
6376249856.0,-1.5649410486221313
6377187328.0,-1.575632929801941
6378124800.0,-1.5855697393417358
6379062272.0,-1.5922982692718506
6380000256.0,-1.5991278886795044
6380937728.0,-1.604619026184082
6381875200.0,-1.609892725944519
6382812672.0,-1.6129138469696045
6383750144.0,-1.6144343614578247
6384687616.0,-1.615524172782898
6385625088.0,-1.614555835723877
6386562560.0,-1.6104915142059326
6387500032.0,-1.6060928106307983
6388437504.0,-1.5999284982681274
6389374976.0,-1.5922393798828125
6390312448.0,-1.585026502609253
6391249920.0,-1.5771564245224
6392187392.0,-1.5676050186157227
6393124864.0,-1.5576114654541016
6394062336.0,-1.5478830337524414
6394999808.0,-1.5375890731811523
6395937280.0,-1.5272808074951172
6396874752.0,-1.515926480293274
6397812736.0,-1.5076673030853271
6398750208.0,-1.4999030828475952
6399687680.0,-1.4929479360580444
6400625152.0,-1.4874472618103027
6401562624.0,-1.483605146408081
6402500096.0,-1.4793180227279663
6403437568.0,-1.4770516157150269
6404375040.0,-1.477346658706665
6405312512.0,-1.478745460510254
6406249984.0,-1.4834657907485962
6407187456.0,-1.4871646165847778
6408124928.0,-1.4934264421463013
6409062400.0,-1.499715805053711
6409999872.0,-1.5076253414154053
6410937344.0,-1.5181355476379395
6411874816.0,-1.5282902717590332
6412812288.0,-1.5398962497711182
6413749760.0,-1.553468108177185
6414687744.0,-1.5692698955535889
6415625216.0,-1.5881145000457764
6416562688.0,-1.606181263923645
6417500160.0,-1.6290210485458374
6418437632.0,-1.652045488357544
6419375104.0,-1.6741571426391602
6420312576.0,-1.6971173286437988
6421250048.0,-1.7207624912261963
6422187520.0,-1.745225191116333
6423124992.0,-1.7708065509796143
6424062464.0,-1.7983052730560303
6424999936.0,-1.8301100730895996
6425937408.0,-1.8634514808654785
6426874880.0,-1.8952667713165283
6427812352.0,-1.9273936748504639
6428749824.0,-1.9599251747131348
6429687296.0,-1.991626501083374
6430624768.0,-2.0224037170410156
6431562752.0,-2.0518581867218018
6432500224.0,-2.081096887588501
6433437696.0,-2.109543561935425
6434375168.0,-2.1361610889434814
6435312640.0,-2.1625709533691406
6436250112.0,-2.1872808933258057
6437187584.0,-2.21165132522583
6438125056.0,-2.233299493789673
6439062528.0,-2.2558391094207764
6440000000.0,-2.276205062866211
6440937472.0,-2.294955253601074
6441874944.0,-2.312964677810669
6442812416.0,-2.3282926082611084
6443749888.0,-2.3425090312957764
6444687360.0,-2.3538424968719482
6445624832.0,-2.3634250164031982
6446562304.0,-2.3696584701538086
6447499776.0,-2.37412428855896
6448437248.0,-2.3758296966552734
6449375232.0,-2.376807689666748
6450312704.0,-2.375034809112549
6451250176.0,-2.3755266666412354
6452187648.0,-2.375314712524414
6453125120.0,-2.375239610671997
6454062592.0,-2.37569260597229
6455000064.0,-2.3756518363952637
6455937536.0,-2.374816656112671
6456875008.0,-2.3723866939544678
6457812480.0,-2.369382858276367
6458749952.0,-2.365569829940796
6459687424.0,-2.362395763397217
6460624896.0,-2.3601176738739014
6461562368.0,-2.360022783279419
6462499840.0,-2.3603196144104004
6463437312.0,-2.360368013381958
6464374784.0,-2.359488010406494
6465312256.0,-2.3598079681396484
6466250240.0,-2.359375
6467187712.0,-2.3606364727020264
6468125184.0,-2.359714984893799
6469062656.0,-2.3613040447235107
6470000128.0,-2.36344313621521
6470937600.0,-2.366971254348755
6471875072.0,-2.371424436569214
6472812544.0,-2.3756606578826904
6473750016.0,-2.38059401512146
6474687488.0,-2.3860244750976562
6475624960.0,-2.3933145999908447
6476562432.0,-2.4054946899414062
6477499904.0,-2.4219534397125244
6478437376.0,-2.441178321838379
6479374848.0,-2.464820623397827
6480312320.0,-2.492532968521118
6481249792.0,-2.5218801498413086
6482187264.0,-2.5556159019470215
6483125248.0,-2.592494249343872
6484062720.0,-2.630706310272217
6485000192.0,-2.7379841804504395
6485937664.0,-2.767216920852661
6486875136.0,-2.796259641647339
6487812608.0,-2.82322359085083
6488750080.0,-2.850890636444092
6489687552.0,-2.8769819736480713
6490625024.0,-2.9026386737823486
6491562496.0,-2.931081533432007
6492499968.0,-2.958022117614746
6493437440.0,-2.9860305786132812
6494374912.0,-3.0145232677459717
6495312384.0,-3.0453288555145264
6496249856.0,-3.0774953365325928
6497187328.0,-3.109947681427002
6498124800.0,-3.1413955688476562
6499062272.0,-3.174083948135376
6499999744.0,-3.2043285369873047
6500937728.0,-3.2327849864959717
6501875200.0,-3.259627342224121
6502812672.0,-3.2849714756011963
6503750144.0,-3.309964895248413
6504687616.0,-3.3347854614257812
6505625088.0,-3.3600668907165527
6506562560.0,-3.385348081588745
6507500032.0,-3.4116194248199463
6508437504.0,-3.436654567718506
6509374976.0,-3.463243246078491
6510312448.0,-3.4927830696105957
6511249920.0,-3.5232133865356445
6512187392.0,-3.5532100200653076
6513124864.0,-3.5834438800811768
6514062336.0,-3.613792657852173
6514999808.0,-3.642106056213379
6515937280.0,-3.6672165393829346
6516874752.0,-3.693545341491699
6517812736.0,-3.720365524291992
6518750208.0,-3.7485666275024414
6519687680.0,-3.7766928672790527
6520625152.0,-3.804231643676758
6521562624.0,-3.8324058055877686
6522500096.0,-3.8620920181274414
6523437568.0,-3.8945252895355225
6524375040.0,-3.929858922958374
6525312512.0,-3.966017484664917
6526249984.0,-4.006613731384277
6527187456.0,-4.048100471496582
6528124928.0,-4.0909318923950195
6529062400.0,-4.138983726501465
6529999872.0,-4.18901252746582
6530937344.0,-4.239548683166504
6531874816.0,-4.290761470794678
6532812288.0,-4.340417385101318
6533749760.0,-4.387655258178711
6534687744.0,-4.434595584869385
6535625216.0,-4.476408004760742
6536562688.0,-4.516698360443115
6537500160.0,-4.556722640991211
6538437632.0,-4.596309661865234
6539375104.0,-4.6384124755859375
6540312576.0,-4.6790571212768555
6541250048.0,-4.722963333129883
6542187520.0,-4.764629364013672
6543124992.0,-4.806899547576904
6544062464.0,-4.848630428314209
6544999936.0,-4.888176918029785
6545937408.0,-4.9401445388793945
6546874880.0,-4.993025302886963
6547812352.0,-5.045798301696777
6548749824.0,-5.097034454345703
6549687296.0,-5.147119045257568
6550624768.0,-5.193227291107178
6551562752.0,-5.2417426109313965
6552500224.0,-5.2899932861328125
6553437696.0,-5.340238571166992
6554375168.0,-5.393316745758057
6555312640.0,-5.446686744689941
6556250112.0,-5.501992225646973
6557187584.0,-5.560945510864258
6558125056.0,-5.617644786834717
6559062528.0,-5.673137187957764
6560000000.0,-5.729676246643066
6560937472.0,-5.784422397613525
6561874944.0,-5.841304779052734
6562812416.0,-5.896389961242676
6563749888.0,-5.9524641036987305
6564687360.0,-6.0100603103637695
6565624832.0,-6.067681789398193
6566562304.0,-6.128265857696533
6567499776.0,-6.190555572509766
6568437248.0,-6.257104873657227
6569375232.0,-6.325759410858154
6570312704.0,-6.394442558288574
6571250176.0,-6.4633989334106445
6572187648.0,-6.531166076660156
6573125120.0,-6.599847793579102
6574062592.0,-6.673086166381836
6575000064.0,-6.747222423553467
6575937536.0,-6.822699546813965
6576875008.0,-6.906393527984619
6577812480.0,-6.993595600128174
6578749952.0,-7.082542419433594
6579687424.0,-7.175501823425293
6580624896.0,-7.264596462249756
6581562368.0,-7.353896141052246
6582499840.0,-7.442136764526367
6583437312.0,-7.531946659088135
6584374784.0,-7.6211323738098145
6585312256.0,-7.711308002471924
6586250240.0,-7.804075241088867
6587187712.0,-7.898684978485107
6588125184.0,-7.995183944702148
6589062656.0,-8.090079307556152
6590000128.0,-8.185104370117188
6590937600.0,-8.278829574584961
6591875072.0,-8.371793746948242
6592812544.0,-8.467276573181152
6593750016.0,-8.557743072509766
6594687488.0,-8.650864601135254
6595624960.0,-8.74379825592041
6596562432.0,-8.840235710144043
6597499904.0,-8.940914154052734
6598437376.0,-9.04720401763916
6599374848.0,-9.155328750610352
6600312320.0,-9.262772560119629
6601249792.0,-9.369094848632812
6602187264.0,-9.473479270935059
6603125248.0,-9.578995704650879
6604062720.0,-9.687780380249023
6605000192.0,-9.787700653076172
6605937664.0,-9.892556190490723
6606875136.0,-10.00243854522705
6607812608.0,-10.106904029846191
6608750080.0,-10.202913284301758
6609687552.0,-10.288145065307617
6610625024.0,-10.367487907409668
6611562496.0,-10.442869186401367
6612499968.0,-10.514357566833496
6613437440.0,-10.58411693572998
6614374912.0,-10.656185150146484
6615312384.0,-10.725788116455078
6616249856.0,-10.79696273803711
6617187328.0,-10.869483947753906
6618124800.0,-10.947012901306152
6619062272.0,-11.029895782470703
6620000256.0,-11.11652946472168
6620937728.0,-11.20219898223877
6621875200.0,-11.276963233947754
6622812672.0,-11.346169471740723
6623750144.0,-11.409841537475586
6624687616.0,-11.461846351623535
6625625088.0,-11.51399040222168
6626562560.0,-11.559894561767578
6627500032.0,-11.60472297668457
6628437504.0,-11.64082145690918
6629374976.0,-11.663208961486816
6630312448.0,-11.681965827941895
6631249920.0,-11.695323944091797
6632187392.0,-11.702924728393555
6633124864.0,-11.709124565124512
6634062336.0,-11.707504272460938
6634999808.0,-11.699811935424805
6635937280.0,-11.687386512756348
6636874752.0,-11.667139053344727
6637812736.0,-11.637950897216797
6638750208.0,-11.610639572143555
6639687680.0,-11.580827713012695
6640625152.0,-11.554901123046875
6641562624.0,-11.52795696258545
6642500096.0,-11.500164031982422
6643437568.0,-11.469104766845703
6644375040.0,-11.433359146118164
6645312512.0,-11.3832368850708
6646249984.0,-11.319049835205078
6647187456.0,-11.241606712341309
6648124928.0,-11.167377471923828
6649062400.0,-11.08962345123291
6649999872.0,-11.012009620666504
6650937344.0,-10.937055587768555
6651874816.0,-10.858297348022461
6652812288.0,-10.780768394470215
6653749760.0,-10.70022964477539
6654687744.0,-10.618559837341309
6655625216.0,-10.52586841583252
6656562688.0,-10.42922306060791
6657500160.0,-10.324793815612793
6658437632.0,-10.215019226074219
6659375104.0,-10.10515022277832
6660312576.0,-9.99551010131836
6661250048.0,-9.887758255004883
6662187520.0,-9.783124923706055
6663124992.0,-9.680436134338379
6664062464.0,-9.583746910095215
6664999936.0,-9.473165512084961
6665937408.0,-9.380232810974121
6666874880.0,-9.28182601928711
6667812352.0,-9.181386947631836
6668749824.0,-9.076364517211914
6669687296.0,-8.968099594116211
6670624768.0,-8.856386184692383
6671562752.0,-8.745865821838379
6672500224.0,-8.63454532623291
6673437696.0,-8.524462699890137
6674375168.0,-8.417325019836426
6675312640.0,-8.31142520904541
6676250112.0,-8.204869270324707
6677187584.0,-8.097745895385742
6678125056.0,-7.9919562339782715
6679062528.0,-7.89055871963501
6680000000.0,-7.793569564819336
6680937472.0,-7.698657989501953
6681874944.0,-7.605749130249023
6682812416.0,-7.510000705718994
6683749888.0,-7.417139530181885
6684687360.0,-7.324563026428223
6685624832.0,-7.2386040687561035
6686562304.0,-7.156602382659912
6687499776.0,-7.077989101409912
6688437248.0,-7.00346565246582
6689375232.0,-6.932518482208252
6690312704.0,-6.861926078796387
6691250176.0,-6.793128490447998
6692187648.0,-6.728869915008545
6693125120.0,-6.666497707366943
6694062592.0,-6.608763217926025
6695000064.0,-6.553310394287109
6695937536.0,-6.4991068840026855
6696875008.0,-6.440819263458252
6697812480.0,-6.385141372680664
6698749952.0,-6.324509620666504
6699687424.0,-6.26584005355835
6700624896.0,-6.208301067352295
6701562368.0,-6.152282238006592
6702499840.0,-6.0970869064331055
6703437312.0,-6.043359279632568
6704374784.0,-5.988871097564697
6705312256.0,-5.931495189666748
6706250240.0,-5.873903274536133
6707187712.0,-5.815339088439941
6708125184.0,-5.755612373352051
6709062656.0,-5.696754455566406
6710000128.0,-5.635217666625977
6710937600.0,-5.57189416885376
6711875072.0,-5.511346340179443
6712812544.0,-5.446473598480225
6713750016.0,-5.380932807922363
6714687488.0,-5.315082550048828
6715624960.0,-5.24947452545166
6716562432.0,-5.182727813720703
6717499904.0,-5.118472099304199
6718437376.0,-5.056014060974121
6719374848.0,-4.993969440460205
6720312320.0,-4.9318461418151855
6721249792.0,-4.870849132537842
6722187264.0,-4.809691905975342
6723125248.0,-4.74748420715332
6724062720.0,-4.6845269203186035
6725000192.0,-4.4110565185546875
6725937664.0,-4.338120937347412
6726875136.0,-4.2664642333984375
6727812608.0,-4.198110103607178
6728750080.0,-4.1320905685424805
6729687552.0,-4.066878318786621
6730625024.0,-4.000313758850098
6731562496.0,-3.9377148151397705
6732499968.0,-3.875939130783081
6733437440.0,-3.815546989440918
6734374912.0,-3.7574117183685303
6735312384.0,-3.703981637954712
6736249856.0,-3.652510404586792
6737187328.0,-3.6052210330963135
6738124800.0,-3.5636980533599854
6739062272.0,-3.5244083404541016
6739999744.0,-3.4888393878936768
6740937728.0,-3.4555444717407227
6741875200.0,-3.4226419925689697
6742812672.0,-3.39216947555542
6743750144.0,-3.3617403507232666
6744687616.0,-3.3338887691497803
6745625088.0,-3.305610179901123
6746562560.0,-3.2793478965759277
6747500032.0,-3.2528865337371826
6748437504.0,-3.229579448699951
6749374976.0,-3.2092297077178955
6750312448.0,-3.1894166469573975
6751249920.0,-3.172024726867676
6752187392.0,-3.1539382934570312
6753124864.0,-3.1380953788757324
6754062336.0,-3.120124340057373
6754999808.0,-3.1036157608032227
6755937280.0,-3.0863325595855713
6756874752.0,-3.069066047668457
6757812736.0,-3.0511257648468018
6758750208.0,-3.0323572158813477
6759687680.0,-3.013733386993408
6760625152.0,-2.9948601722717285
6761562624.0,-2.97381854057312
6762500096.0,-2.9522452354431152
6763437568.0,-2.9284234046936035
6764375040.0,-2.904348850250244
6765312512.0,-2.8790223598480225
6766249984.0,-2.8539681434631348
6767187456.0,-2.8294334411621094
6768124928.0,-2.8029699325561523
6769062400.0,-2.7755045890808105
6769999872.0,-2.74570369720459
6770937344.0,-2.716062545776367
6771874816.0,-2.687264919281006
6772812288.0,-2.6567320823669434
6773749760.0,-2.6272196769714355
6774687744.0,-2.596343755722046
6775625216.0,-2.5652737617492676
6776562688.0,-2.5324692726135254
6777500160.0,-2.5003061294555664
6778437632.0,-2.4733598232269287
6779375104.0,-2.4465630054473877
6780312576.0,-2.4185903072357178
6781250048.0,-2.3911478519439697
6782187520.0,-2.362698793411255
6783124992.0,-2.3338277339935303
6784062464.0,-2.305142879486084
6784999936.0,-2.2832348346710205
6785937408.0,-2.2500054836273193
6786874880.0,-2.2172486782073975
6787812352.0,-2.185614824295044
6788749824.0,-2.1533751487731934
6789687296.0,-2.1232030391693115
6790624768.0,-2.0950584411621094
6791562752.0,-2.068936824798584
6792500224.0,-2.043566942214966
6793437696.0,-2.022261381149292
6794375168.0,-2.002608060836792
6795312640.0,-1.9835288524627686
6796250112.0,-1.965183138847351
6797187584.0,-1.947243332862854
6798125056.0,-1.9283452033996582
6799062528.0,-1.9114303588867188
6800000000.0,-1.8958704471588135
6800937472.0,-1.8799901008605957
6801874944.0,-1.8660683631896973
6802812416.0,-1.8520684242248535
6803749888.0,-1.8419009447097778
6804687360.0,-1.8312216997146606
6805624832.0,-1.8207876682281494
6806562304.0,-1.8093867301940918
6807499776.0,-1.7985622882843018
6808437248.0,-1.7873494625091553
6809375232.0,-1.7761424779891968
6810312704.0,-1.7647299766540527
6811250176.0,-1.7539798021316528
6812187648.0,-1.743333339691162
6813125120.0,-1.7325547933578491
6814062592.0,-1.7209384441375732
6815000064.0,-1.7091583013534546
6815937536.0,-1.6958330869674683
6816875008.0,-1.6810276508331299
6817812480.0,-1.6659843921661377
6818749952.0,-1.6501184701919556
6819687424.0,-1.634164810180664
6820624896.0,-1.6167818307876587
6821562368.0,-1.59806489944458
6822499840.0,-1.5781890153884888
6823437312.0,-1.557839274406433
6824374784.0,-1.536226749420166
6825312256.0,-1.5146807432174683
6826250240.0,-1.4915411472320557
6827187712.0,-1.4683058261871338
6828125184.0,-1.446211576461792
6829062656.0,-1.4222962856292725
6830000128.0,-1.3969117403030396
6830937600.0,-1.372694492340088
6831875072.0,-1.3480654954910278
6832812544.0,-1.3238728046417236
6833750016.0,-1.3006460666656494
6834687488.0,-1.2782948017120361
6835624960.0,-1.2577183246612549
6836562432.0,-1.2365111112594604
6837499904.0,-1.2162938117980957
6838437376.0,-1.1973206996917725
6839374848.0,-1.1783859729766846
6840312320.0,-1.1618868112564087
6841249792.0,-1.1454887390136719
6842187264.0,-1.1293118000030518
6843125248.0,-1.116001009941101
6844062720.0,-1.1041957139968872
6845000192.0,-1.065921425819397
6845937664.0,-1.057624101638794
6846875136.0,-1.0503919124603271
6847812608.0,-1.0446919202804565
6848750080.0,-1.0406183004379272
6849687552.0,-1.0367010831832886
6850625024.0,-1.0347554683685303
6851562496.0,-1.0334585905075073
6852499968.0,-1.0341410636901855
6853437440.0,-1.0346786975860596
6854374912.0,-1.037570834159851
6855312384.0,-1.039452075958252
6856249856.0,-1.0418156385421753
6857187328.0,-1.0470176935195923
6858124800.0,-1.0533931255340576
6859062272.0,-1.0596082210540771
6860000256.0,-1.066450834274292
6860937728.0,-1.0752434730529785
6861875200.0,-1.0857583284378052
6862812672.0,-1.0958856344223022
6863750144.0,-1.1059976816177368
6864687616.0,-1.11795973777771
6865625088.0,-1.1298500299453735
6866562560.0,-1.1423794031143188
6867500032.0,-1.1531134843826294
6868437504.0,-1.165021300315857
6869374976.0,-1.1763206720352173
6870312448.0,-1.1855318546295166
6871249920.0,-1.194802165031433
6872187392.0,-1.2023476362228394
6873124864.0,-1.210390329360962
6874062336.0,-1.215017318725586
6874999808.0,-1.217883586883545
6875937280.0,-1.2193052768707275
6876874752.0,-1.2168172597885132
6877812736.0,-1.2157500982284546
6878750208.0,-1.210431456565857
6879687680.0,-1.2026376724243164
6880625152.0,-1.1916990280151367
6881562624.0,-1.1773176193237305
6882500096.0,-1.162047028541565
6883437568.0,-1.144662857055664
6884375040.0,-1.124996542930603
6885312512.0,-1.1035860776901245
6886249984.0,-1.0803124904632568
6887187456.0,-1.0553308725357056
6888124928.0,-1.028679609298706
6889062400.0,-1.0007572174072266
6889999872.0,-0.9714733958244324
6890937344.0,-0.9444068074226379
6891874816.0,-0.914051353931427
6892812288.0,-0.8844584822654724
6893749760.0,-0.8535743951797485
6894687744.0,-0.824751615524292
6895625216.0,-0.795587420463562
6896562688.0,-0.7653875946998596
6897500160.0,-0.7360152006149292
6898437632.0,-0.7080702781677246
6899375104.0,-0.6797003746032715
6900312576.0,-0.6514804363250732
6901250048.0,-0.6248509883880615
6902187520.0,-0.5983322858810425
6903124992.0,-0.5724213123321533
6904062464.0,-0.5487439036369324
6904999936.0,-0.5037842988967896
6905937408.0,-0.49877509474754333
6906874880.0,-0.4953663945198059
6907812352.0,-0.4925532937049866
6908749824.0,-0.4913989007472992
6909687296.0,-0.4917293190956116
6910624768.0,-0.4922926127910614
6911562752.0,-0.4952225387096405
6912500224.0,-0.4989522099494934
6913437696.0,-0.5038233399391174
6914375168.0,-0.5097014904022217
6915312640.0,-0.5156705975532532
6916250112.0,-0.5233733057975769
6917187584.0,-0.5315626263618469
6918125056.0,-0.5403214693069458
6919062528.0,-0.5474650263786316
6920000000.0,-0.5558501482009888
6920937472.0,-0.5641381740570068
6921874944.0,-0.5730647444725037
6922812416.0,-0.5815939903259277
6923749888.0,-0.589610755443573
6924687360.0,-0.5977252721786499
6925624832.0,-0.606939971446991
6926562304.0,-0.6143871545791626
6927499776.0,-0.6214065551757812
6928437248.0,-0.6293491125106812
6929375232.0,-0.6361594200134277
6930312704.0,-0.6416847705841064
6931250176.0,-0.6505724191665649
6932187648.0,-0.6590116620063782
6933125120.0,-0.6664207577705383
6934062592.0,-0.6734108924865723
6935000064.0,-0.6801878213882446
6935937536.0,-0.6871681213378906
6936875008.0,-0.691800057888031
6937812480.0,-0.6972270607948303
6938749952.0,-0.7013227343559265
6939687424.0,-0.7035058736801147
6940624896.0,-0.7053700685501099
6941562368.0,-0.706419825553894
6942499840.0,-0.7060647010803223
6943437312.0,-0.705996572971344
6944374784.0,-0.7053297758102417
6945312256.0,-0.7028816342353821
6946250240.0,-0.7002538442611694
6947187712.0,-0.6965449452400208
6948125184.0,-0.6931553483009338
6949062656.0,-0.6874654293060303
6950000128.0,-0.6818910241127014
6950937600.0,-0.6735191345214844
6951875072.0,-0.6652424931526184
6952812544.0,-0.6560813188552856
6953750016.0,-0.6449111700057983
6954687488.0,-0.6335062980651855
6955624960.0,-0.6216182708740234
6956562432.0,-0.610628604888916
6957499904.0,-0.5981704592704773
6958437376.0,-0.5859711170196533
6959374848.0,-0.5731350779533386
6960312320.0,-0.5592470169067383
6961249792.0,-0.5450970530509949
6962187264.0,-0.5302480459213257
6963125248.0,-0.5146605968475342
6964062720.0,-0.49991148710250854
6965000192.0,-0.4211668074131012
6965937664.0,-0.41165658831596375
6966875136.0,-0.4032251238822937
6967812608.0,-0.39615046977996826
6968750080.0,-0.3882518410682678
6969687552.0,-0.3806760311126709
6970625024.0,-0.37365078926086426
6971562496.0,-0.36651942133903503
6972499968.0,-0.35865578055381775
6973437440.0,-0.3536044955253601
6974374912.0,-0.3489346504211426
6975312384.0,-0.34394657611846924
6976249856.0,-0.34004920721054077
6977187328.0,-0.33924049139022827
6978124800.0,-0.33705946803092957
6979062272.0,-0.33632516860961914
6979999744.0,-0.3370755910873413
6980937728.0,-0.33820563554763794
6981875200.0,-0.34053605794906616
6982812672.0,-0.34407636523246765
6983750144.0,-0.34730851650238037
6984687616.0,-0.3523705005645752
6985625088.0,-0.35858044028282166
6986562560.0,-0.3660610616207123
6987500032.0,-0.37270012497901917
6988437504.0,-0.38165053725242615
6989374976.0,-0.3908136188983917
6990312448.0,-0.40166229009628296
6991249920.0,-0.4128035604953766
6992187392.0,-0.42503273487091064
6993124864.0,-0.43754830956459045
6994062336.0,-0.44993099570274353
6994999808.0,-0.46326714754104614
6995937280.0,-0.47601208090782166
6996874752.0,-0.48885828256607056
6997812736.0,-0.5012590885162354
6998750208.0,-0.5135517716407776
6999687680.0,-0.5247805714607239
7000625152.0,-0.5357906222343445
7001562624.0,-0.5451169013977051
7002500096.0,-0.5541213154792786
7003437568.0,-0.5621424913406372
7004375040.0,-0.5675906538963318
7005312512.0,-0.5733647346496582
7006249984.0,-0.5763763189315796
7007187456.0,-0.5788183808326721
7008124928.0,-0.5802392959594727
7009062400.0,-0.5805099010467529
7009999872.0,-0.5785109400749207
7010937344.0,-0.5753627419471741
7011874816.0,-0.5714224576950073
7012812288.0,-0.5654395818710327
7013749760.0,-0.559869110584259
7014687744.0,-0.5520167946815491
7015625216.0,-0.5435938835144043
7016562688.0,-0.5359137058258057
7017500160.0,-0.5266463160514832
7018437632.0,-0.5183164477348328
7019375104.0,-0.5075475573539734
7020312576.0,-0.49924516677856445
7021250048.0,-0.4888429343700409
7022187520.0,-0.47993558645248413
7023124992.0,-0.4703011214733124
7024062464.0,-0.4622941315174103
7024999936.0,-0.4365689158439636
7025937408.0,-0.42903590202331543
7026874880.0,-0.4222326874732971
7027812352.0,-0.4173752963542938
7028749824.0,-0.4129483997821808
7029687296.0,-0.4083935618400574
7030624768.0,-0.4057750999927521
7031562752.0,-0.4055047333240509
7032500224.0,-0.4052916467189789
7033437696.0,-0.4069317877292633
7034375168.0,-0.41063109040260315
7035312640.0,-0.4151686728000641
7036250112.0,-0.42074054479599
7037187584.0,-0.4275447726249695
7038125056.0,-0.4361434578895569
7039062528.0,-0.44446054100990295
7040000000.0,-0.4549397826194763
7040937472.0,-0.4649248421192169
7041874944.0,-0.47515326738357544
7042812416.0,-0.485677570104599
7043749888.0,-0.49547693133354187
7044687360.0,-0.5057246685028076
7045624832.0,-0.5152925848960876
7046562304.0,-0.523678183555603
7047499776.0,-0.5311545729637146
7048437248.0,-0.5364358425140381
7049375232.0,-0.5408264994621277
7050312704.0,-0.5446615219116211
7051250176.0,-0.5457654595375061
7052187648.0,-0.5454692244529724
7053125120.0,-0.5439363121986389
7054062592.0,-0.5410131216049194
7055000064.0,-0.5352823138237
7055937536.0,-0.5271813273429871
7056875008.0,-0.5191566944122314
7057812480.0,-0.5075998902320862
7058749952.0,-0.49294131994247437
7059687424.0,-0.47600147128105164
7060624896.0,-0.45810839533805847
7061562368.0,-0.4391776919364929
7062499840.0,-0.4183882474899292
7063437312.0,-0.39720016717910767
7064374784.0,-0.3754717707633972
7065312256.0,-0.35346636176109314
7066250240.0,-0.3316579759120941
7067187712.0,-0.3091752529144287
7068125184.0,-0.28720319271087646
7069062656.0,-0.26624879240989685
7070000128.0,-0.24475473165512085
7070937600.0,-0.22490964829921722
7071875072.0,-0.20518140494823456
7072812544.0,-0.18890123069286346
7073750016.0,-0.17193973064422607
7074687488.0,-0.1578262448310852
7075624960.0,-0.14388327300548553
7076562432.0,-0.13378308713436127
7077499904.0,-0.12441114336252213
7078437376.0,-0.11794152110815048
7079374848.0,-0.1131037026643753
7080312320.0,-0.11092447489500046
7081249792.0,-0.11123980581760406
7082187264.0,-0.11439588665962219
7083125248.0,-0.11896583437919617
7084062720.0,-0.12651334702968597
7085000192.0,-0.27801451086997986
7085937664.0,-0.287941038608551
7086875136.0,-0.30024874210357666
7087812608.0,-0.3151281774044037
7088750080.0,-0.33141759037971497
7089687552.0,-0.34950006008148193
7090625024.0,-0.36952751874923706
7091562496.0,-0.39237073063850403
7092499968.0,-0.41591721773147583
7093437440.0,-0.44269996881484985
7094374912.0,-0.47067001461982727
7095312384.0,-0.4988741874694824
7096249856.0,-0.5301456451416016
7097187328.0,-0.5631478428840637
7098124800.0,-0.5973452925682068
7099062272.0,-0.6308850049972534
7100000256.0,-0.6658474206924438
7100937728.0,-0.6991523504257202
7101875200.0,-0.7342584729194641
7102812672.0,-0.7658838629722595
7103750144.0,-0.7979474663734436
7104687616.0,-0.8269219398498535
7105625088.0,-0.8537607192993164
7106562560.0,-0.8792141675949097
7107500032.0,-0.9000201225280762
7108437504.0,-0.9187992215156555
7109374976.0,-0.9348976016044617
7110312448.0,-0.9459576606750488
7111249920.0,-0.9538542032241821
7112187392.0,-0.9576247334480286
7113124864.0,-0.9575417041778564
7114062336.0,-0.9538727402687073
7114999808.0,-0.9465078711509705
7115937280.0,-0.9331580996513367
7116874752.0,-0.9169368147850037
7117812736.0,-0.8983427286148071
7118750208.0,-0.8751041889190674
7119687680.0,-0.8513105511665344
7120625152.0,-0.8217213153839111
7121562624.0,-0.792077898979187
7122500096.0,-0.757872998714447
7123437568.0,-0.7240585088729858
7124375040.0,-0.688848614692688
7125312512.0,-0.6517452001571655
7126249984.0,-0.614719808101654
7127187456.0,-0.576241672039032
7128124928.0,-0.5400259494781494
7129062400.0,-0.5037172436714172
7129999872.0,-0.46723172068595886
7130937344.0,-0.4320136308670044
7131874816.0,-0.3992166519165039
7132812288.0,-0.3654055893421173
7133749760.0,-0.3352787494659424
7134687744.0,-0.3059394061565399
7135625216.0,-0.27924442291259766
7136562688.0,-0.2549133002758026
7137500160.0,-0.23161481320858002
7138437632.0,-0.2108488380908966
7139375104.0,-0.19170694053173065
7140312576.0,-0.17430604994297028
7141250048.0,-0.15889574587345123
7142187520.0,-0.1447567492723465
7143124992.0,-0.1327122002840042
7144062464.0,-0.21842460334300995
7144999936.0,-0.2181001901626587
7145937408.0,-0.21718212962150574
7146874880.0,-0.2180587649345398
7147812352.0,-0.22014887630939484
7148749824.0,-0.22292664647102356
7149687296.0,-0.22647027671337128
7150624768.0,-0.2318345010280609
7151562752.0,-0.23807215690612793
7152500224.0,-0.2462516576051712
7153437696.0,-0.2557757496833801
7154375168.0,-0.2671220898628235
7155312640.0,-0.2804027795791626
7156250112.0,-0.29715535044670105
7157187584.0,-0.31584432721138
7158125056.0,-0.3365992307662964
7159062528.0,-0.36181381344795227
7160000000.0,-0.3873312473297119
7160937472.0,-0.41426554322242737
7161874944.0,-0.43873485922813416
7162812416.0,-0.4594568908214569
7163749888.0,-0.4778686463832855
7164687360.0,-0.49227291345596313
7165624832.0,-0.5046980977058411
7166562304.0,-0.5131528377532959
7167499776.0,-0.5187022686004639
7168437248.0,-0.5241367816925049
7169375232.0,-0.5275599956512451
7170312704.0,-0.5296498537063599
7171250176.0,-0.5313182473182678
7172187648.0,-0.5345348715782166
7173125120.0,-0.5397145748138428
7174062592.0,-0.5449804663658142
7175000064.0,-0.5523377656936646
7175937536.0,-0.5632112622261047
7176875008.0,-0.575445830821991
7177812480.0,-0.5913323163986206
7178749952.0,-0.607626736164093
7179687424.0,-0.62842857837677
7180624896.0,-0.647478461265564
7181562368.0,-0.6696914434432983
7182499840.0,-0.6908038258552551
7183437312.0,-0.7123798727989197
7184374784.0,-0.732833981513977
7185312256.0,-0.7533057332038879
7186250240.0,-0.7705375552177429
7187187712.0,-0.7846338748931885
7188125184.0,-0.7960630059242249
7189062656.0,-0.8045918345451355
7190000128.0,-0.8086219429969788
7190937600.0,-0.8086207509040833
7191875072.0,-0.8040168881416321
7192812544.0,-0.796925961971283
7193750016.0,-0.7858548760414124
7194687488.0,-0.7720533609390259
7195624960.0,-0.7538396716117859
7196562432.0,-0.7330150008201599
7197499904.0,-0.7083557844161987
7198437376.0,-0.6832529902458191
7199374848.0,-0.6561145186424255
7200312320.0,-0.6293360590934753
7201249792.0,-0.6020396947860718
7202187264.0,-0.5749204754829407
7203125248.0,-0.5495854616165161
7204062720.0,-0.6708760857582092
7205000192.0,-0.6630654335021973
7205937664.0,-0.6571583151817322
7206875136.0,-0.6540629267692566
7207812608.0,-0.6529641151428223
7208750080.0,-0.6515177488327026
7209687552.0,-0.6559932231903076
7210625024.0,-0.6600707173347473
7211562496.0,-0.6721391081809998
7212499968.0,-0.6844318509101868
7213437440.0,-0.6985437273979187
7214374912.0,-0.7153468132019043
7215312384.0,-0.7325433492660522
7216249856.0,-0.7515736818313599
7217187328.0,-0.7709024548530579
7218124800.0,-0.7907103896141052
7219062272.0,-0.811776876449585
7219999744.0,-0.831852912902832
7220937728.0,-0.8518717288970947
7221875200.0,-0.8702585101127625
7222812672.0,-0.8869590163230896
7223750144.0,-0.9043726325035095
7224687616.0,-0.9184262752532959
7225625088.0,-0.929083526134491
7226562560.0,-0.9402135014533997
7227500032.0,-0.9503587484359741
7228437504.0,-0.9563713073730469
7229374976.0,-0.960795521736145
7230312448.0,-0.9641050100326538
7231249920.0,-0.9652624726295471
7232187392.0,-0.9647948741912842
7233124864.0,-0.9634976983070374
7234062336.0,-0.96205735206604
7234999808.0,-0.9581426382064819
7235937280.0,-0.9549427032470703
7236874752.0,-0.9509423971176147
7237812736.0,-0.9471125602722168
7238750208.0,-0.9435847401618958
7239687680.0,-0.9390128254890442
7240625152.0,-0.9352070093154907
7241562624.0,-0.932718813419342
7242500096.0,-0.9301233291625977
7243437568.0,-0.9277875423431396
7244375040.0,-0.9258912205696106
7245312512.0,-0.9244818687438965
7246249984.0,-0.9259395003318787
7247187456.0,-0.9275217652320862
7248124928.0,-0.9301103353500366
7249062400.0,-0.9346728920936584
7249999872.0,-0.9402241110801697
7250937344.0,-0.9480964541435242
7251874816.0,-0.9587828516960144
7252812288.0,-0.9703317284584045
7253749760.0,-0.9835203289985657
7254687744.0,-0.9981387257575989
7255625216.0,-1.0137816667556763
7256562688.0,-1.0298749208450317
7257500160.0,-1.0459842681884766
7258437632.0,-1.06303071975708
7259375104.0,-1.0804799795150757
7260312576.0,-1.0990839004516602
7261250048.0,-1.117539405822754
7262187520.0,-1.1336479187011719
7263124992.0,-1.1501351594924927
7264062464.0,-1.1786682605743408
7264999936.0,-1.1944572925567627
7265937408.0,-1.2098174095153809
7266874880.0,-1.2240321636199951
7267812352.0,-1.2410346269607544
7268749824.0,-1.2562175989151
7269687296.0,-1.2713522911071777
7270624768.0,-1.2864586114883423
7271562752.0,-1.3001502752304077
7272500224.0,-1.311191201210022
7273437696.0,-1.3224482536315918
7274375168.0,-1.3321466445922852
7275312640.0,-1.3386825323104858
7276250112.0,-1.3430657386779785
7277187584.0,-1.34687077999115
7278125056.0,-1.3464694023132324
7279062528.0,-1.3444132804870605
7280000000.0,-1.3407599925994873
7280937472.0,-1.3351739645004272
7281874944.0,-1.325166940689087
7282812416.0,-1.3141826391220093
7283749888.0,-1.3008089065551758
7284687360.0,-1.287110686302185
7285624832.0,-1.2689416408538818
7286562304.0,-1.2513391971588135
7287499776.0,-1.2330598831176758
7288437248.0,-1.2101681232452393
7289375232.0,-1.187389612197876
7290312704.0,-1.1606433391571045
7291250176.0,-1.1323201656341553
7292187648.0,-1.1020091772079468
7293125120.0,-1.0701160430908203
7294062592.0,-1.0371079444885254
7295000064.0,-1.0034539699554443
7295937536.0,-0.9689034223556519
7296875008.0,-0.9340499043464661
7297812480.0,-0.8960912823677063
7298749952.0,-0.8605478405952454
7299687424.0,-0.8229783773422241
7300624896.0,-0.7856258153915405
7301562368.0,-0.7493864297866821
7302499840.0,-0.7123450040817261
7303437312.0,-0.676320493221283
7304374784.0,-0.6410108208656311
7305312256.0,-0.6059891581535339
7306250240.0,-0.571472704410553
7307187712.0,-0.5378542542457581
7308125184.0,-0.5064009428024292
7309062656.0,-0.4749493896961212
7310000128.0,-0.44631853699684143
7310937600.0,-0.41867780685424805
7311875072.0,-0.3921729624271393
7312812544.0,-0.3692547380924225
7313750016.0,-0.35003748536109924
7314687488.0,-0.3316837549209595
7315624960.0,-0.31469595432281494
7316562432.0,-0.3001321852207184
7317499904.0,-0.2866848111152649
7318437376.0,-0.2755013406276703
7319374848.0,-0.265451043844223
7320312320.0,-0.2570050358772278
7321249792.0,-0.25244107842445374
7322187264.0,-0.24847136437892914
7323125248.0,-0.24674849212169647
7324062720.0,-0.4090183973312378
7325000192.0,-0.40603139996528625
7325937664.0,-0.4055519104003906
7326875136.0,-0.4063242971897125
7327812608.0,-0.4086000621318817
7328750080.0,-0.41241636872291565
7329687552.0,-0.4171733558177948
7330625024.0,-0.42557796835899353
7331562496.0,-0.4322526454925537
7332499968.0,-0.44007307291030884
7333437440.0,-0.45106062293052673
7334374912.0,-0.46101945638656616
7335312384.0,-0.4721497595310211
7336249856.0,-0.48384639620780945
7337187328.0,-0.4954025447368622
7338124800.0,-0.5071955323219299
7339062272.0,-0.5178685188293457
7340000256.0,-0.5279029011726379
7340937728.0,-0.537487804889679
7341875200.0,-0.5461053252220154
7342812672.0,-0.5530183911323547
7343750144.0,-0.5606392621994019
7344687616.0,-0.5656944513320923
7345625088.0,-0.5706192851066589
7346562560.0,-0.5728774070739746
7347500032.0,-0.574367344379425
7348437504.0,-0.5742380619049072
7349374976.0,-0.5728504657745361
7350312448.0,-0.5697827339172363
7351249920.0,-0.563359797000885
7352187392.0,-0.5584119558334351
7353124864.0,-0.5510233044624329
7354062336.0,-0.5418894290924072
7354999808.0,-0.5349297523498535
7355937280.0,-0.5240930318832397
7356874752.0,-0.5119373202323914
7357812736.0,-0.5003962516784668
7358750208.0,-0.48779812455177307
7359687680.0,-0.47490203380584717
7360625152.0,-0.4611721932888031
7361562624.0,-0.4468679130077362
7362500096.0,-0.4315696358680725
7363437568.0,-0.4160551428794861
7364375040.0,-0.398038774728775
7365312512.0,-0.3792473375797272
7366249984.0,-0.36037006974220276
7367187456.0,-0.3427470326423645
7368124928.0,-0.32347288727760315
7369062400.0,-0.3045646846294403
7369999872.0,-0.2853306829929352
7370937344.0,-0.26661771535873413
7371874816.0,-0.2462647259235382
7372812288.0,-0.22689087688922882
7373749760.0,-0.2078591138124466
7374687744.0,-0.1876906156539917
7375625216.0,-0.16837434470653534
7376562688.0,-0.1472199559211731
7377500160.0,-0.12662743031978607
7378437632.0,-0.10581400245428085
7379375104.0,-0.08315718919038773
7380312576.0,-0.0619378462433815
7381250048.0,-0.03841991350054741
7382187520.0,-0.01636085845530033
7383124992.0,0.006238339934498072
7384062464.0,0.024273192510008812
7384999936.0,0.032111756503582
7385937408.0,0.03973942995071411
7386874880.0,0.0466436967253685
7387812352.0,0.052108071744441986
7388749824.0,0.056924208998680115
7389687296.0,0.061625510454177856
7390624768.0,0.06701554358005524
7391562752.0,0.07264905422925949
7392500224.0,0.07704268395900726
7393437696.0,0.08194267004728317
7394375168.0,0.08717542886734009
7395312640.0,0.09208939969539642
7396250112.0,0.09772329777479172
7397187584.0,0.10429447889328003
7398125056.0,0.11126398295164108
7399062528.0,0.11821664869785309
7400000000.0,0.12547524273395538
7400937472.0,0.1338295042514801
7401874944.0,0.14166349172592163
7402812416.0,0.14872542023658752
7403749888.0,0.15593108534812927
7404687360.0,0.16095039248466492
7405624832.0,0.16743391752243042
7406562304.0,0.17227120697498322
7407499776.0,0.17515520751476288
7408437248.0,0.17602495849132538
7409375232.0,0.1754349321126938
7410312704.0,0.17223083972930908
7411250176.0,0.16698214411735535
7412187648.0,0.1591564565896988
7413125120.0,0.14976465702056885
7414062592.0,0.13638053834438324
7415000064.0,0.12143487483263016
7415937536.0,0.10401364415884018
7416875008.0,0.0842364951968193
7417812480.0,0.06335335224866867
7418749952.0,0.04021177813410759
7419687424.0,0.01605173759162426
7420624896.0,-0.009495068341493607
7421562368.0,-0.03332827240228653
7422499840.0,-0.05884942784905434
7423437312.0,-0.0852573961019516
7424374784.0,-0.11036179214715958
7425312256.0,-0.1345815509557724
7426250240.0,-0.15801922976970673
7427187712.0,-0.1800689399242401
7428125184.0,-0.20243729650974274
7429062656.0,-0.2222227156162262
7430000128.0,-0.24054598808288574
7430937600.0,-0.25601938366889954
7431875072.0,-0.2712102234363556
7432812544.0,-0.28545939922332764
7433750016.0,-0.2975642681121826
7434687488.0,-0.3079930543899536
7435624960.0,-0.3183726370334625
7436562432.0,-0.32637259364128113
7437499904.0,-0.33517128229141235
7438437376.0,-0.34226906299591064
7439374848.0,-0.3476806581020355
7440312320.0,-0.35213083028793335
7441249792.0,-0.35386425256729126
7442187264.0,-0.35601767897605896
7443125248.0,-0.3557291328907013
7444062720.0,-0.14636150002479553
7445000192.0,-0.12809406220912933
7445937664.0,-0.11218642443418503
7446875136.0,-0.09793505817651749
7447812608.0,-0.0880003571510315
7448750080.0,-0.07925032824277878
7449687552.0,-0.07228639721870422
7450625024.0,-0.06597624719142914
7451562496.0,-0.06212657317519188
7452499968.0,-0.05936237797141075
7453437440.0,-0.05662274733185768
7454374912.0,-0.054456546902656555
7455312384.0,-0.05173352360725403
7456249856.0,-0.049606114625930786
7457187328.0,-0.04863328859210014
7458124800.0,-0.04456755146384239
7459062272.0,-0.040363144129514694
7459999744.0,-0.03609347343444824
7460937728.0,-0.030218984931707382
7461875200.0,-0.02352849952876568
7462812672.0,-0.01651133969426155
7463750144.0,-0.00821860134601593
7464687616.0,0.0019892205018550158
7465625088.0,0.01216965727508068
7466562560.0,0.0221621785312891
7467500032.0,0.03394608572125435
7468437504.0,0.04586710035800934
7469374976.0,0.05836757272481918
7470312448.0,0.07076233625411987
7471249920.0,0.08410286903381348
7472187392.0,0.09651868790388107
7473124864.0,0.10789787769317627
7474062336.0,0.11931395530700684
7474999808.0,0.13039261102676392
7475937280.0,0.1409492790699005
7476874752.0,0.150245800614357
7477812736.0,0.1585802137851715
7478750208.0,0.16377748548984528
7479687680.0,0.16936266422271729
7480625152.0,0.17399784922599792
7481562624.0,0.17603415250778198
7482500096.0,0.17761926352977753
7483437568.0,0.17754516005516052
7484375040.0,0.17543335258960724
7485312512.0,0.1712522804737091
7486249984.0,0.16618035733699799
7487187456.0,0.1591206043958664
7488124928.0,0.15197499096393585
7489062400.0,0.14236487448215485
7489999872.0,0.13124066591262817
7490937344.0,0.11947549134492874
7491874816.0,0.1035812497138977
7492812288.0,0.08720806241035461
7493749760.0,0.06997880339622498
7494687744.0,0.05204715207219124
7495625216.0,0.033374231308698654
7496562688.0,0.015090713277459145
7497500160.0,-0.0037705067079514265
7498437632.0,-0.02172056958079338
7499375104.0,-0.0412636399269104
7500312576.0,-0.058793552219867706
7501250048.0,-0.07542029023170471
7502187520.0,-0.09252689778804779
7503124992.0,-0.10726281255483627
7504062464.0,-0.09647262096405029
7504999936.0,-0.10591457039117813
7505937408.0,-0.1163744106888771
7506874880.0,-0.12686382234096527
7507812352.0,-0.13788729906082153
7508749824.0,-0.14636828005313873
7509687296.0,-0.15609702467918396
7510624768.0,-0.1651407927274704
7511562752.0,-0.17249955236911774
7512500224.0,-0.18051505088806152
7513437696.0,-0.1867755651473999
7514375168.0,-0.19268372654914856
7515312640.0,-0.19796137511730194
7516250112.0,-0.20305615663528442
7517187584.0,-0.20779500901699066
7518125056.0,-0.21160857379436493
7519062528.0,-0.21557782590389252
7520000000.0,-0.2171635776758194
7520937472.0,-0.21729826927185059
7521874944.0,-0.21785730123519897
7522812416.0,-0.2161063700914383
7523749888.0,-0.21372166275978088
7524687360.0,-0.21111296117305756
7525624832.0,-0.2061857432126999
7526562304.0,-0.20147643983364105
7527499776.0,-0.194508358836174
7528437248.0,-0.18655803799629211
7529375232.0,-0.1783362478017807
7530312704.0,-0.1688879281282425
7531250176.0,-0.15948769450187683
7532187648.0,-0.14725300669670105
7533125120.0,-0.13514219224452972
7534062592.0,-0.12203142046928406
7535000064.0,-0.1086760088801384
7535937536.0,-0.0938834547996521
7536875008.0,-0.07889476418495178
7537812480.0,-0.0626639872789383
7538749952.0,-0.04585978016257286
7539687424.0,-0.02926596812903881
7540624896.0,-0.011610531248152256
7541562368.0,0.005274979397654533
7542499840.0,0.02566077746450901
7543437312.0,0.046811170876026154
7544374784.0,0.06740206480026245
7545312256.0,0.08757495135068893
7546250240.0,0.1091223806142807
7547187712.0,0.1303250640630722
7548125184.0,0.15131813287734985
7549062656.0,0.17220351099967957
7550000128.0,0.19296860694885254
7550937600.0,0.21324719488620758
7551875072.0,0.2331557273864746
7552812544.0,0.25276413559913635
7553750016.0,0.2704336941242218
7554687488.0,0.2891472578048706
7555624960.0,0.3060992956161499
7556562432.0,0.3221525549888611
7557499904.0,0.33720195293426514
7558437376.0,0.35040539503097534
7559374848.0,0.361145943403244
7560312320.0,0.3726107180118561
7561249792.0,0.38004133105278015
7562187264.0,0.38705721497535706
7563125248.0,0.39183419942855835
7564062720.0,0.17213352024555206
7565000192.0,0.17217691242694855
7565937664.0,0.17197135090827942
7566875136.0,0.16949577629566193
7567812608.0,0.1680736541748047
7568750080.0,0.1659463793039322
7569687552.0,0.16367609798908234
7570625024.0,0.1594957858324051
7571562496.0,0.15390880405902863
7572499968.0,0.1473851203918457
7573437440.0,0.14089255034923553
7574374912.0,0.13173826038837433
7575312384.0,0.12232193350791931
7576249856.0,0.11145482212305069
7577187328.0,0.09961581230163574
7578124800.0,0.08680357784032822
7579062272.0,0.07308920472860336
7580000256.0,0.05783352628350258
7580937728.0,0.043495699763298035
7581875200.0,0.024784406647086143
7582812672.0,0.008364434354007244
7583750144.0,-0.009377469308674335
7584687616.0,-0.029348190873861313
7585625088.0,-0.04835084453225136
7586562560.0,-0.06832978874444962
7587500032.0,-0.08781469613313675
7588437504.0,-0.10792810469865799
7589374976.0,-0.12885412573814392
7590312448.0,-0.1493324488401413
7591249920.0,-0.16974203288555145
7592187392.0,-0.18933507800102234
7593124864.0,-0.2091459482908249
7594062336.0,-0.22696705162525177
7594999808.0,-0.24422477185726166
7595937280.0,-0.2609826922416687
7596874752.0,-0.2772485613822937
7597812736.0,-0.29140111804008484
7598750208.0,-0.3031642436981201
7599687680.0,-0.31441065669059753
7600625152.0,-0.32550036907196045
7601562624.0,-0.3322889506816864
7602500096.0,-0.3388412594795227
7603437568.0,-0.3432708978652954
7604375040.0,-0.3453892469406128
7605312512.0,-0.34643805027008057
7606249984.0,-0.3457275927066803
7607187456.0,-0.34133148193359375
7608124928.0,-0.3377048075199127
7609062400.0,-0.3297586143016815
7609999872.0,-0.31971579790115356
7610937344.0,-0.3087756931781769
7611874816.0,-0.29477182030677795
7612812288.0,-0.27983036637306213
7613749760.0,-0.2630690634250641
7614687744.0,-0.24289464950561523
7615625216.0,-0.2235627919435501
7616562688.0,-0.20076702535152435
7617500160.0,-0.17764832079410553
7618437632.0,-0.15274086594581604
7619375104.0,-0.12607833743095398
7620312576.0,-0.09955549985170364
7621250048.0,-0.07198330760002136
7622187520.0,-0.044104114174842834
7623124992.0,-0.015086524188518524
7624062464.0,0.01203511655330658
7624999936.0,0.039001304656267166
7625937408.0,0.06571973860263824
7626874880.0,0.0919017419219017
7627812352.0,0.1184341162443161
7628749824.0,0.14272627234458923
7629687296.0,0.16621318459510803
7630624768.0,0.1880183070898056
7631562752.0,0.20892712473869324
7632500224.0,0.22797377407550812
7633437696.0,0.24463947117328644
7634375168.0,0.26075246930122375
7635312640.0,0.27465859055519104
7636250112.0,0.28537940979003906
7637187584.0,0.2945779860019684
7638125056.0,0.30209746956825256
7639062528.0,0.3074512779712677
7640000000.0,0.31036004424095154
7640937472.0,0.31066593527793884
7641874944.0,0.3106040954589844
7642812416.0,0.307594895362854
7643749888.0,0.3035353720188141
7644687360.0,0.29745548963546753
7645624832.0,0.2887327969074249
7646562304.0,0.27895572781562805
7647499776.0,0.2687305808067322
7648437248.0,0.25528091192245483
7649375232.0,0.24073542654514313
7650312704.0,0.2249065488576889
7651250176.0,0.2069331258535385
7652187648.0,0.18874843418598175
7653125120.0,0.168178990483284
7654062592.0,0.1465209424495697
7655000064.0,0.12482626736164093
7655937536.0,0.10162986069917679
7656875008.0,0.07718217372894287
7657812480.0,0.05298024043440819
7658749952.0,0.02677280642092228
7659687424.0,0.0010097537888213992
7660624896.0,-0.024874450638890266
7661562368.0,-0.05219701677560806
7662499840.0,-0.07844098657369614
7663437312.0,-0.10445934534072876
7664374784.0,-0.1303122639656067
7665312256.0,-0.1570134311914444
7666250240.0,-0.18181468546390533
7667187712.0,-0.20549622178077698
7668125184.0,-0.2286296933889389
7669062656.0,-0.24984866380691528
7670000128.0,-0.27101796865463257
7670937600.0,-0.289033979177475
7671875072.0,-0.30703434348106384
7672812544.0,-0.3220425248146057
7673750016.0,-0.33460792899131775
7674687488.0,-0.34460899233818054
7675624960.0,-0.35307565331459045
7676562432.0,-0.35897931456565857
7677499904.0,-0.36161667108535767
7678437376.0,-0.3618561029434204
7679374848.0,-0.35939928889274597
7680312320.0,-0.3548072278499603
7681249792.0,-0.34780222177505493
7682187264.0,-0.33825740218162537
7683125248.0,-0.32625630497932434
7684062720.0,-0.3049044609069824
7685000192.0,-0.29551801085472107
7685937664.0,-0.2834223508834839
7686875136.0,-0.2708563804626465
7687812608.0,-0.2573715150356293
7688750080.0,-0.24108389019966125
7689687552.0,-0.2236923724412918
7690625024.0,-0.20584553480148315
7691562496.0,-0.18757010996341705
7692499968.0,-0.16734322905540466
7693437440.0,-0.14599230885505676
7694374912.0,-0.12607435882091522
7695312384.0,-0.10720497369766235
7696249856.0,-0.08782567083835602
7697187328.0,-0.07011708617210388
7698124800.0,-0.05262010544538498
7699062272.0,-0.03388671949505806
7699999744.0,-0.016501087695360184
7700937728.0,0.0008516462403349578
7701875200.0,0.016340328380465508
7702812672.0,0.03213638812303543
7703750144.0,0.04663779214024544
7704687616.0,0.060669925063848495
7705625088.0,0.07390128076076508
7706562560.0,0.08626986294984818
7707500032.0,0.09820743650197983
7708437504.0,0.10921327769756317
7709374976.0,0.12057018280029297
7710312448.0,0.12923365831375122
7711249920.0,0.13878095149993896
7712187392.0,0.14831982553005219
7713124864.0,0.15712331235408783
7714062336.0,0.1642359048128128
7714999808.0,0.17219722270965576
7715937280.0,0.17941269278526306
7716874752.0,0.18555976450443268
7717812736.0,0.1915953904390335
7718750208.0,0.19740638136863708
7719687680.0,0.20251674950122833
7720625152.0,0.20687395334243774
7721562624.0,0.20933188498020172
7722500096.0,0.21232499182224274
7723437568.0,0.21383768320083618
7724375040.0,0.2157927006483078
7725312512.0,0.21558932960033417
7726249984.0,0.2154754400253296
7727187456.0,0.21518252789974213
7728124928.0,0.21275034546852112
7729062400.0,0.2095901072025299
7729999872.0,0.20541775226593018
7730937344.0,0.2006474882364273
7731874816.0,0.194171741604805
7732812288.0,0.185072124004364
7733749760.0,0.1749502271413803
7734687744.0,0.16456326842308044
7735625216.0,0.1518324613571167
7736562688.0,0.13665929436683655
7737500160.0,0.1225748211145401
7738437632.0,0.10602108389139175
7739375104.0,0.08840104192495346
7740312576.0,0.06863351166248322
7741250048.0,0.04923277720808983
7742187520.0,0.027330640703439713
7743124992.0,0.004027736373245716
7744062464.0,-0.04791555926203728
7744999936.0,-0.05127296969294548
7745937408.0,-0.055120255798101425
7746874880.0,-0.06029325723648071
7747812352.0,-0.06682109087705612
7748749824.0,-0.07536406069993973
7749687296.0,-0.08430436998605728
7750624768.0,-0.09557991474866867
7751562752.0,-0.10715176910161972
7752500224.0,-0.12125778198242188
7753437696.0,-0.13502316176891327
7754375168.0,-0.15119384229183197
7755312640.0,-0.1679781973361969
7756250112.0,-0.1856967657804489
7757187584.0,-0.20415376126766205
7758125056.0,-0.22290650010108948
7759062528.0,-0.24221086502075195
7760000000.0,-0.2609919309616089
7760937472.0,-0.28055617213249207
7761874944.0,-0.299725204706192
7762812416.0,-0.3187335729598999
7763749888.0,-0.33743715286254883
7764687360.0,-0.3533983528614044
7765624832.0,-0.3706466555595398
7766562304.0,-0.38553640246391296
7767499776.0,-0.3998727798461914
7768437248.0,-0.41251540184020996
7769375232.0,-0.4232184886932373
7770312704.0,-0.43287938833236694
7771250176.0,-0.4410480558872223
7772187648.0,-0.4478471577167511
7773125120.0,-0.45139628648757935
7774062592.0,-0.45338648557662964
7775000064.0,-0.45365849137306213
7775937536.0,-0.45075616240501404
7776875008.0,-0.446017324924469
7777812480.0,-0.43806102871894836
7778749952.0,-0.4272930920124054
7779687424.0,-0.4150616228580475
7780624896.0,-0.40111953020095825
7781562368.0,-0.38267752528190613
7782499840.0,-0.36401715874671936
7783437312.0,-0.34141287207603455
7784374784.0,-0.3194548189640045
7785312256.0,-0.2927919924259186
7786250240.0,-0.26509037613868713
7787187712.0,-0.23782558739185333
7788125184.0,-0.20731930434703827
7789062656.0,-0.17529471218585968
7790000128.0,-0.14334958791732788
7790937600.0,-0.11024575680494308
7791875072.0,-0.07600978016853333
7792812544.0,-0.04323386400938034
7793750016.0,-0.007500332780182362
7794687488.0,0.025274837389588356
7795624960.0,0.05938829854130745
7796562432.0,0.09306085854768753
7797499904.0,0.12453630566596985
7798437376.0,0.15511980652809143
7799374848.0,0.18438705801963806
7800312320.0,0.21232570707798004
7801249792.0,0.2374604493379593
7802187264.0,0.26115819811820984
7803125248.0,0.2818875014781952
7804062720.0,0.11600778996944427
7805000192.0,0.1287318915128708
7805937664.0,0.1404692679643631
7806875136.0,0.1510293334722519
7807812608.0,0.15983253717422485
7808750080.0,0.16692852973937988
7809687552.0,0.17171703279018402
7810625024.0,0.17427881062030792
7811562496.0,0.1755981147289276
7812499968.0,0.17375445365905762
7813437440.0,0.17042966187000275
7814374912.0,0.1639472097158432
7815312384.0,0.15472598373889923
7816249856.0,0.14427411556243896
7817187328.0,0.13046182692050934
7818124800.0,0.11495036631822586
7819062272.0,0.09781888127326965
7820000256.0,0.07877267897129059
7820937728.0,0.055904969573020935
7821875200.0,0.03372471407055855
7822812672.0,0.011803172528743744
7823750144.0,-0.013149005360901356
7824687616.0,-0.03750576078891754
7825625088.0,-0.06350229680538177
7826562560.0,-0.09065089374780655
7827500032.0,-0.11839740723371506
7828437504.0,-0.14608654379844666
7829374976.0,-0.17521271109580994
7830312448.0,-0.2033631056547165
7831249920.0,-0.23089829087257385
7832187392.0,-0.25873419642448425
7833124864.0,-0.28573474287986755
7834062336.0,-0.3110271394252777
7834999808.0,-0.3370819091796875
7835937280.0,-0.36028701066970825
7836874752.0,-0.38410669565200806
7837812736.0,-0.4035303294658661
7838750208.0,-0.42328259348869324
7839687680.0,-0.4407082200050354
7840625152.0,-0.45547768473625183
7841562624.0,-0.4696318507194519
7842500096.0,-0.4812585413455963
7843437568.0,-0.48998403549194336
7844375040.0,-0.4975159764289856
7845312512.0,-0.5029710531234741
7846249984.0,-0.5071947574615479
7847187456.0,-0.507387638092041
7848124928.0,-0.5037386417388916
7849062400.0,-0.4981444180011749
7849999872.0,-0.4906421899795532
7850937344.0,-0.48235902190208435
7851874816.0,-0.4717852771282196
7852812288.0,-0.4594060182571411
7853749760.0,-0.44813424348831177
7854687744.0,-0.43376392126083374
7855625216.0,-0.418727308511734
7856562688.0,-0.4032347798347473
7857500160.0,-0.386995404958725
7858437632.0,-0.3703624904155731
7859375104.0,-0.3540588319301605
7860312576.0,-0.3351168930530548
7861250048.0,-0.31694644689559937
7862187520.0,-0.2991117238998413
7863124992.0,-0.28079167008399963
7864062464.0,-0.263731449842453
7864999936.0,-0.24605028331279755
7865937408.0,-0.22782298922538757
7866874880.0,-0.2101999670267105
7867812352.0,-0.19248700141906738
7868749824.0,-0.17487585544586182
7869687296.0,-0.15645132958889008
7870624768.0,-0.1391373723745346
7871562752.0,-0.12163941562175751
7872500224.0,-0.10460492223501205
7873437696.0,-0.08631331473588943
7874375168.0,-0.07003622502088547
7875312640.0,-0.05274713411927223
7876250112.0,-0.03750760853290558
7877187584.0,-0.023523826152086258
7878125056.0,-0.010634339414536953
7879062528.0,0.0004890153068117797
7880000000.0,0.010308838449418545
7880937472.0,0.01878247782588005
7881874944.0,0.024046525359153748
7882812416.0,0.026547636836767197
7883749888.0,0.027721500024199486
7884687360.0,0.0263676755130291
7885624832.0,0.02113061584532261
7886562304.0,0.014111067168414593
7887499776.0,0.003275614231824875
7888437248.0,-0.009133292362093925
7889375232.0,-0.02460598573088646
7890312704.0,-0.04210924729704857
7891250176.0,-0.06197969987988472
7892187648.0,-0.08466845750808716
7893125120.0,-0.10665027052164078
7894062592.0,-0.1317596286535263
7895000064.0,-0.15840566158294678
7895937536.0,-0.18481244146823883
7896875008.0,-0.21225905418395996
7897812480.0,-0.23935425281524658
7898749952.0,-0.26855453848838806
7899687424.0,-0.29823800921440125
7900624896.0,-0.32609492540359497
7901562368.0,-0.354069322347641
7902499840.0,-0.3809714615345001
7903437312.0,-0.4061397314071655
7904374784.0,-0.43193474411964417
7905312256.0,-0.455305278301239
7906250240.0,-0.47803184390068054
7907187712.0,-0.5004163384437561
7908125184.0,-0.5205195546150208
7909062656.0,-0.5401878356933594
7910000128.0,-0.5603830814361572
7910937600.0,-0.5782299041748047
7911875072.0,-0.5967023968696594
7912812544.0,-0.6138807535171509
7913750016.0,-0.631145179271698
7914687488.0,-0.6476110219955444
7915624960.0,-0.6676622629165649
7916562432.0,-0.6850407719612122
7917499904.0,-0.7049879431724548
7918437376.0,-0.724764347076416
7919374848.0,-0.7447800040245056
7920312320.0,-0.7655552625656128
7921249792.0,-0.7865908145904541
7922187264.0,-0.8078819513320923
7923125248.0,-0.8283981680870056
7924062720.0,-0.8767507672309875
7925000192.0,-0.8816966414451599
7925937664.0,-0.8864482641220093
7926875136.0,-0.8903725147247314
7927812608.0,-0.8955007195472717
7928750080.0,-0.8991352915763855
7929687552.0,-0.9038364291191101
7930625024.0,-0.907480776309967
7931562496.0,-0.9113408327102661
7932499968.0,-0.9144769310951233
7933437440.0,-0.9168080687522888
7934374912.0,-0.9182609915733337
7935312384.0,-0.9181609153747559
7936249856.0,-0.9182270169258118
7937187328.0,-0.9164857268333435
7938124800.0,-0.9132204055786133
7939062272.0,-0.9104865789413452
7939999744.0,-0.9062849283218384
7940937728.0,-0.9009696841239929
7941875200.0,-0.8937254548072815
7942812672.0,-0.8848327994346619
7943750144.0,-0.8733356595039368
7944687616.0,-0.8614124059677124
7945625088.0,-0.8466802835464478
7946562560.0,-0.8312653303146362
7947500032.0,-0.8136622309684753
7948437504.0,-0.794693648815155
7949374976.0,-0.7742418050765991
7950312448.0,-0.7540070414543152
7951249920.0,-0.7325814962387085
7952187392.0,-0.7082629203796387
7953124864.0,-0.6847987771034241
7954062336.0,-0.6596333980560303
7954999808.0,-0.6337201595306396
7955937280.0,-0.6062801480293274
7956874752.0,-0.5785201191902161
7957812736.0,-0.5508595705032349
7958750208.0,-0.5223276019096375
7959687680.0,-0.492693156003952
7960625152.0,-0.4647260904312134
7961562624.0,-0.43671828508377075
7962500096.0,-0.40863239765167236
7963437568.0,-0.3810562491416931
7964375040.0,-0.35396337509155273
7965312512.0,-0.32682421803474426
7966249984.0,-0.301486611366272
7967187456.0,-0.27677425742149353
7968124928.0,-0.25394579768180847
7969062400.0,-0.23203499615192413
7969999872.0,-0.21142737567424774
7970937344.0,-0.19316503405570984
7971874816.0,-0.17613860964775085
7972812288.0,-0.16117966175079346
7973749760.0,-0.14813129603862762
7974687744.0,-0.136582612991333
7975625216.0,-0.12820668518543243
7976562688.0,-0.12227777391672134
7977500160.0,-0.1178431585431099
7978437632.0,-0.11516975611448288
7979375104.0,-0.11483465135097504
7980312576.0,-0.11632315814495087
7981250048.0,-0.11905794590711594
7982187520.0,-0.12437693774700165
7983124992.0,-0.13003849983215332
7984062464.0,-0.25757548213005066
7984999936.0,-0.25828832387924194
7985937408.0,-0.2599644064903259
7986874880.0,-0.2611527144908905
7987812352.0,-0.2632368206977844
7988749824.0,-0.2665281891822815
7989687296.0,-0.2722201645374298
7990624768.0,-0.27708539366722107
7991562752.0,-0.28324252367019653
7992500224.0,-0.2903949022293091
7993437696.0,-0.2973840832710266
7994375168.0,-0.30579042434692383
7995312640.0,-0.3151520788669586
7996250112.0,-0.3246473968029022
7997187584.0,-0.3333125710487366
7998125056.0,-0.344531387090683
7999062528.0,-0.35441410541534424
8000000000.0,-0.36308732628822327
