Frequency (Hz),Measurement
2000000000.0,0.19276657700538635
2000937472.0,0.18572916090488434
2001874944.0,0.17735198140144348
2002812544.0,0.16827510297298431
2003750016.0,0.158318430185318
2004687488.0,0.148220956325531
2005624960.0,0.13710424304008484
2006562560.0,0.12471889704465866
2007500032.0,0.11313556134700775
2008437504.0,0.09980739653110504
2009374976.0,0.08663754165172577
2010312448.0,0.07323872298002243
2011250048.0,0.05955196171998978
2012187520.0,0.04465227946639061
2013124992.0,0.03042701818048954
2014062464.0,0.016527418047189713
2015000064.0,0.0020094120409339666
2015937536.0,-0.011348508298397064
2016875008.0,-0.02482527121901512
2017812480.0,-0.03819868341088295
2018749952.0,-0.05012444034218788
2019687552.0,-0.06128668040037155
2020625024.0,-0.07191365957260132
2021562496.0,-0.08076830953359604
2022499968.0,-0.088360995054245
2023437440.0,-0.09586470574140549
2024375040.0,-0.10194499790668488
2025312512.0,-0.10724427551031113
2026249984.0,-0.10937155038118362
2027187456.0,-0.11034336686134338
2028125056.0,-0.11034324765205383
2029062528.0,-0.1085784062743187
2030000000.0,-0.10534476488828659
2030937472.0,-0.10035716742277145
2031874944.0,-0.09416895359754562
2032812544.0,-0.08608465641736984
2033750016.0,-0.07787390798330307
2034687488.0,-0.06771684437990189
2035624960.0,-0.05689363554120064
2036562560.0,-0.04444660246372223
2037500032.0,-0.031527064740657806
2038437504.0,-0.017466843128204346
2039374976.0,-0.005289535969495773
2040312448.0,0.009377471171319485
2041250048.0,0.024743570014834404
2042187520.0,0.037751104682683945
2043124992.0,0.05174382030963898
2044062464.0,0.06469107419252396
2044999936.0,0.07717472314834595
2045937536.0,0.08950269967317581
2046875008.0,0.10096511244773865
2047812480.0,0.11120530962944031
2048749952.0,0.10918912291526794
2049687552.0,0.11758444458246231
2050625024.0,0.1250489056110382
2051562496.0,0.13081559538841248
2052499968.0,0.13389088213443756
2053437440.0,0.13647978007793427
2054375040.0,0.1363944113254547
2055312512.0,0.13402922451496124
2056249984.0,0.13021667301654816
2057187456.0,0.12377811223268509
2058125056.0,0.11431445926427841
2059062528.0,0.10415326803922653
2060000000.0,0.09226838499307632
2060937472.0,0.07910002022981644
2061874944.0,0.06395068764686584
2062812544.0,0.04771823808550835
2063750016.0,0.0313432402908802
2064687488.0,0.014236761257052422
2065624960.0,-0.003907257225364447
2066562560.0,-0.021593810990452766
2067500032.0,-0.03800381347537041
2068437504.0,-0.05476849526166916
2069374976.0,-0.06994881480932236
2070312448.0,-0.08374972641468048
2071250048.0,-0.09682495892047882
2072187520.0,-0.10918456315994263
2073124992.0,-0.1186603382229805
2074062464.0,-0.1257762759923935
2075000064.0,-0.13115336000919342
2075937536.0,-0.13422295451164246
2076875008.0,-0.1358332484960556
2077812480.0,-0.13431906700134277
2078749952.0,-0.13168255984783173
2079687552.0,-0.1269652545452118
2080625024.0,-0.12088729441165924
2081562496.0,-0.11339519172906876
2082499968.0,-0.10333806276321411
2083437440.0,-0.09306254237890244
2084375040.0,-0.08146312832832336
2085312512.0,-0.06982415914535522
2086249984.0,-0.05724906548857689
2087187456.0,-0.04515974596142769
2088125056.0,-0.032294221222400665
2089062528.0,-0.019999703392386436
2090000000.0,-0.008314263075590134
2090937472.0,0.002526867901906371
2091874944.0,0.012931502424180508
2092812544.0,0.022839762270450592
2093750016.0,0.032237306237220764
2094687488.0,0.0398661270737648
2095624960.0,0.04787931963801384
2096562560.0,0.054715536534786224
2097500032.0,0.060335706919431686
2098437504.0,0.06600447744131088
2099374976.0,0.07069253921508789
2100312448.0,0.07512566447257996
2101250048.0,0.0797298401594162
2102187520.0,0.08351896703243256
2103124992.0,0.08818831294775009
2104062464.0,0.09279236197471619
2104999936.0,0.09660851955413818
2105937536.0,0.10058555752038956
2106875008.0,0.10561364144086838
2107812480.0,0.10991526395082474
2108749952.0,0.14106783270835876
2109687552.0,0.1468958854675293
2110625024.0,0.15194979310035706
2111562496.0,0.15665952861309052
2112499968.0,0.16104917228221893
2113437440.0,0.16306589543819427
2114375040.0,0.16526517271995544
2115312512.0,0.16583211719989777
2116249984.0,0.16462595760822296
2117187456.0,0.16321054100990295
2118125056.0,0.1596074402332306
2119062528.0,0.1547783762216568
2120000000.0,0.1495075821876526
2120937472.0,0.1419984996318817
2121874944.0,0.13294565677642822
2122812544.0,0.12400314211845398
2123750016.0,0.11369556933641434
2124687488.0,0.10169690102338791
2125624960.0,0.08964087814092636
2126562560.0,0.07669194787740707
2127500032.0,0.06262130290269852
2128437504.0,0.04860658943653107
2129374976.0,0.03548263758420944
2130312448.0,0.02174563519656658
2131250048.0,0.008678277023136616
2132187520.0,-0.003769365604966879
2133124992.0,-0.016510238870978355
2134062464.0,-0.02770279161632061
2135000064.0,-0.038102276623249054
2135937536.0,-0.04842650145292282
2136875008.0,-0.055498987436294556
2137812480.0,-0.06236822158098221
2138749952.0,-0.06707536429166794
2139687552.0,-0.07123980671167374
2140625024.0,-0.07336562871932983
2141562496.0,-0.07476712763309479
2142499968.0,-0.07477891445159912
2143437440.0,-0.07301316410303116
2144375040.0,-0.07024319469928741
2145312512.0,-0.0659087747335434
2146249984.0,-0.05991042032837868
2147187456.0,-0.05345043167471886
2148124928.0,-0.046835385262966156
2149062400.0,-0.038261689245700836
2150000128.0,-0.02966863289475441
2150937600.0,-0.020454106852412224
2151875072.0,-0.01176035962998867
2152812544.0,-0.0023443226236850023
2153750016.0,0.007362359203398228
2154687488.0,0.017176831141114235
2155624960.0,0.02681649848818779
2156562432.0,0.03613414242863655
2157499904.0,0.04391050338745117
2158437376.0,0.05102473124861717
2159375104.0,0.05758276954293251
2160312576.0,0.06355476379394531
2161250048.0,0.06894510239362717
2162187520.0,0.07325252145528793
2163124992.0,0.07773097604513168
2164062464.0,0.08120147138834
2164999936.0,0.08385910838842392
2165937408.0,0.0866779014468193
2166874880.0,0.08803103119134903
2167812608.0,0.09006111323833466
2168750080.0,0.16195306181907654
2169687552.0,0.16287517547607422
2170625024.0,0.16208894550800323
2171562496.0,0.1600336879491806
2172499968.0,0.1559412181377411
2173437440.0,0.1516571193933487
2174374912.0,0.14352431893348694
2175312384.0,0.1354943811893463
2176250112.0,0.1262698769569397
2177187584.0,0.11582814902067184
2178125056.0,0.10484162718057632
2179062528.0,0.09245147556066513
2180000000.0,0.07949341833591461
2180937472.0,0.06621737778186798
2181874944.0,0.05204051733016968
2182812416.0,0.03854366019368172
2183749888.0,0.02513633668422699
2184687616.0,0.011828558519482613
2185625088.0,-0.0016396939754486084
2186562560.0,-0.01469914149492979
2187500032.0,-0.027882762253284454
2188437504.0,-0.039338402450084686
2189374976.0,-0.04964469373226166
2190312448.0,-0.06127417832612991
2191249920.0,-0.07029962539672852
2192187392.0,-0.07852626591920853
2193125120.0,-0.08701448142528534
2194062592.0,-0.09306009858846664
2195000064.0,-0.09881514310836792
2195937536.0,-0.10431672632694244
2196875008.0,-0.1077047735452652
2197812480.0,-0.1103477030992508
2198749952.0,-0.11356402188539505
2199687424.0,-0.11512010544538498
2200624896.0,-0.11649704724550247
2201562624.0,-0.11620437353849411
2202500096.0,-0.11355038732290268
2203437568.0,-0.11310596764087677
2204375040.0,-0.1117328405380249
2205312512.0,-0.10838759690523148
2206249984.0,-0.10476779192686081
2207187456.0,-0.10092684626579285
2208124928.0,-0.09621965885162354
2209062400.0,-0.09201939404010773
2209999872.0,-0.0871351957321167
2210937600.0,-0.08144731819629669
2211875072.0,-0.07458455115556717
2212812544.0,-0.06782207638025284
2213750016.0,-0.060775790363550186
2214687488.0,-0.05333377420902252
2215624960.0,-0.0462193489074707
2216562432.0,-0.037970758974552155
2217499904.0,-0.029252376407384872
2218437376.0,-0.02055143378674984
2219375104.0,-0.011540563777089119
2220312576.0,-0.0026878928765654564
2221250048.0,0.0068343100138008595
2222187520.0,0.01679159887135029
2223124992.0,0.026900462806224823
2224062464.0,0.03619993105530739
2224999936.0,0.046218421310186386
2225937408.0,0.05676858499646187
2226874880.0,0.06575232744216919
2227812608.0,0.07640372216701508
2228750080.0,0.08203932642936707
2229687552.0,0.09054940938949585
2230625024.0,0.09811052680015564
2231562496.0,0.1061353012919426
2232499968.0,0.11228808015584946
2233437440.0,0.1182461678981781
2234374912.0,0.12286699563264847
2235312384.0,0.12610071897506714
2236250112.0,0.12846998870372772
2237187584.0,0.12708181142807007
2238125056.0,0.12549802660942078
2239062528.0,0.12204664200544357
2240000000.0,0.1161421611905098
2240937472.0,0.10928808152675629
2241874944.0,0.10224931687116623
2242812416.0,0.09311755746603012
2243749888.0,0.0826321467757225
2244687616.0,0.07134608179330826
2245625088.0,0.059088084846735
2246562560.0,0.04679184406995773
2247500032.0,0.03323604539036751
2248437504.0,0.018234992399811745
2249374976.0,0.0031489550601691008
2250312448.0,-0.013112475164234638
2251249920.0,-0.030409594997763634
2252187392.0,-0.048458557575941086
2253125120.0,-0.06639547646045685
2254062592.0,-0.08469118922948837
2255000064.0,-0.10413869470357895
2255937536.0,-0.1233474463224411
2256875008.0,-0.14291493594646454
2257812480.0,-0.16228781640529633
2258749952.0,-0.18197114765644073
2259687424.0,-0.2005244940519333
2260624896.0,-0.2193642258644104
2261562624.0,-0.2371072769165039
2262500096.0,-0.2548121213912964
2263437568.0,-0.271555095911026
2264375040.0,-0.28630465269088745
2265312512.0,-0.3006955087184906
2266249984.0,-0.31420204043388367
2267187456.0,-0.32603704929351807
2268124928.0,-0.3358025550842285
2269062400.0,-0.3453580141067505
2270000128.0,-0.35273417830467224
2270937600.0,-0.35916778445243835
2271875072.0,-0.3628903031349182
2272812544.0,-0.3652879297733307
2273750016.0,-0.36766526103019714
2274687488.0,-0.3662557303905487
2275624960.0,-0.3652133643627167
2276562432.0,-0.3622864782810211
2277499904.0,-0.3567737638950348
2278437376.0,-0.35235026478767395
2279375104.0,-0.34560003876686096
2280312576.0,-0.3385471999645233
2281250048.0,-0.32992273569107056
2282187520.0,-0.3196379840373993
2283124992.0,-0.3109210431575775
2284062464.0,-0.30025169253349304
2284999936.0,-0.2900136709213257
2285937408.0,-0.27915307879447937
2286874880.0,-0.2689889669418335
2287812608.0,-0.2596786916255951
2288750080.0,-0.2745160460472107
2289687552.0,-0.27767524123191833
2290625024.0,-0.280253142118454
2291562496.0,-0.283424973487854
2292499968.0,-0.28722673654556274
2293437440.0,-0.29211539030075073
2294374912.0,-0.29576486349105835
2295312384.0,-0.3012697100639343
2296250112.0,-0.3076089024543762
2297187584.0,-0.3150387108325958
2298125056.0,-0.32414767146110535
2299062528.0,-0.33429861068725586
2300000000.0,-0.34694036841392517
2300937472.0,-0.3613227605819702
2301874944.0,-0.37718427181243896
2302812416.0,-0.3947784900665283
2303749888.0,-0.415181428194046
2304687616.0,-0.4383051097393036
2305625088.0,-0.4638911783695221
2306562560.0,-0.4916364848613739
2307500032.0,-0.5216724276542664
2308437504.0,-0.5535516142845154
2309374976.0,-0.5860973000526428
2310312448.0,-0.6127185225486755
2311249920.0,-0.6398261189460754
2312187392.0,-0.670278787612915
2313125120.0,-0.6995971202850342
2314062592.0,-0.7316917777061462
2315000064.0,-0.7644992470741272
2315937536.0,-0.7978291511535645
2316875008.0,-0.833366870880127
2317812480.0,-0.868865430355072
2318749952.0,-0.9038023352622986
2319687424.0,-0.9386698007583618
2320624896.0,-0.9722334146499634
2321562624.0,-1.005323052406311
2322500096.0,-1.037129282951355
2323437568.0,-1.0677469968795776
2324375040.0,-1.0960514545440674
2325312512.0,-1.123476266860962
2326249984.0,-1.147412657737732
2327187456.0,-1.1692829132080078
2328124928.0,-1.1890791654586792
2329062400.0,-1.2068761587142944
2329999872.0,-1.2226974964141846
2330937600.0,-1.2348387241363525
2331875072.0,-1.2442798614501953
2332812544.0,-1.2520217895507812
2333750016.0,-1.257197380065918
2334687488.0,-1.2594830989837646
2335624960.0,-1.258870244026184
2336562432.0,-1.2567343711853027
2337499904.0,-1.2519075870513916
2338437376.0,-1.245853304862976
2339375104.0,-1.237473487854004
2340312576.0,-1.227691650390625
2341250048.0,-1.216814398765564
2342187520.0,-1.2033487558364868
2343124992.0,-1.1898584365844727
2344062464.0,-1.17545485496521
2344999936.0,-1.1600974798202515
2345937408.0,-1.1447240114212036
2346874880.0,-1.1289241313934326
2347812608.0,-1.1132242679595947
2348750080.0,-1.0851545333862305
2349687552.0,-1.0759778022766113
2350625024.0,-1.0661311149597168
2351562496.0,-1.056525468826294
2352499968.0,-1.0463050603866577
2353437440.0,-1.0379345417022705
2354374912.0,-1.0295603275299072
2355312384.0,-1.0219870805740356
2356250112.0,-1.0160080194473267
2357187584.0,-1.0110398530960083
2358125056.0,-1.0068700313568115
2359062528.0,-1.0046223402023315
2360000000.0,-1.0034092664718628
2360937472.0,-1.0038492679595947
2361874944.0,-1.00531005859375
2362812416.0,-1.0086220502853394
2363749888.0,-1.0134081840515137
2364687616.0,-1.0189518928527832
2365625088.0,-1.026328206062317
2366562560.0,-1.0347837209701538
2367500032.0,-1.0445317029953003
2368437504.0,-1.0543471574783325
2369374976.0,-1.0647085905075073
2370312448.0,-1.0752166509628296
2371249920.0,-1.0847655534744263
2372187392.0,-1.093064785003662
2373125120.0,-1.101109504699707
2374062592.0,-1.1073246002197266
2375000064.0,-1.1113613843917847
2375937536.0,-1.1136351823806763
2376875008.0,-1.111654281616211
2377812480.0,-1.1071418523788452
2378749952.0,-1.0992792844772339
2379687424.0,-1.0881541967391968
2380624896.0,-1.0737578868865967
2381562624.0,-1.0547181367874146
2382500096.0,-1.0346187353134155
2383437568.0,-1.0105313062667847
2384375040.0,-0.9820655584335327
2385312512.0,-0.9541736841201782
2386249984.0,-0.9222997426986694
2387187456.0,-0.8880131244659424
2388124928.0,-0.8532577753067017
2389062400.0,-0.8176920413970947
2390000128.0,-0.7820636630058289
2390937600.0,-0.7450219988822937
2391875072.0,-0.7094330787658691
2392812544.0,-0.6726334095001221
2393750016.0,-0.6376773118972778
2394687488.0,-0.6035580635070801
2395624960.0,-0.569762647151947
2396562432.0,-0.5368930101394653
2397499904.0,-0.5056211948394775
2398437376.0,-0.475036084651947
2399375104.0,-0.44588127732276917
2400312576.0,-0.4161258041858673
2401250048.0,-0.388500839471817
2402187520.0,-0.3620128333568573
2403124992.0,-0.3355560898780823
2404062464.0,-0.31002798676490784
2404999936.0,-0.28488802909851074
2405937408.0,-0.2604001462459564
2406874880.0,-0.23584502935409546
2407812608.0,-0.21349796652793884
2408750080.0,-0.13940852880477905
2409687552.0,-0.1164105087518692
2410625024.0,-0.09523613005876541
2411562496.0,-0.07559408992528915
2412499968.0,-0.057528648525476456
2413437440.0,-0.04265573248267174
2414374912.0,-0.02801487036049366
2415312384.0,-0.016677087172865868
2416250112.0,-0.00884348712861538
2417187584.0,-0.00344004575163126
2418125056.0,-0.0018563843332231045
2419062528.0,-0.0034206006675958633
2420000000.0,-0.0073655154556035995
2420937472.0,-0.016088729724287987
2421874944.0,-0.02748735249042511
2422812416.0,-0.04161842539906502
2423749888.0,-0.058279652148485184
2424687616.0,-0.0792234018445015
2425625088.0,-0.10233402252197266
2426562560.0,-0.12678027153015137
2427500032.0,-0.1538468599319458
2428437504.0,-0.18253101408481598
2429374976.0,-0.2126980870962143
2430312448.0,-0.24207645654678345
2431249920.0,-0.2718288004398346
2432187392.0,-0.30089879035949707
2433125120.0,-0.3290765881538391
2434062592.0,-0.3560439944267273
2435000064.0,-0.38068515062332153
2435937536.0,-0.4018145203590393
2436875008.0,-0.42130547761917114
2437812480.0,-0.4388194680213928
2438749952.0,-0.45252954959869385
2439687424.0,-0.46235525608062744
2440624896.0,-0.46890589594841003
2441562624.0,-0.47116193175315857
2442500096.0,-0.4702698886394501
2443437568.0,-0.46581706404685974
2444375040.0,-0.45715510845184326
2445312512.0,-0.4444129168987274
2446249984.0,-0.43029317259788513
2447187456.0,-0.4123436212539673
2448124928.0,-0.3902081847190857
2449062400.0,-0.3674441874027252
2449999872.0,-0.3412195146083832
2450937600.0,-0.3132402002811432
2451875072.0,-0.2844942808151245
2452812544.0,-0.2532656490802765
2453750016.0,-0.2209794819355011
2454687488.0,-0.1883775144815445
2455624960.0,-0.15505899488925934
2456562432.0,-0.12157518416643143
2457499904.0,-0.08807481825351715
2458437376.0,-0.055523913353681564
2459375104.0,-0.02343772165477276
2460312576.0,0.007787446491420269
2461250048.0,0.03854537755250931
2462187520.0,0.0674084797501564
2463124992.0,0.09563516825437546
2464062464.0,0.12262332439422607
2464999936.0,0.14862297475337982
2465937408.0,0.17282482981681824
2466874880.0,0.1957380622625351
2467812608.0,0.21741792559623718
2468750080.0,0.12839826941490173
2469687552.0,0.14258576929569244
2470625024.0,0.1582385003566742
2471562496.0,0.170771524310112
2472499968.0,0.18286298215389252
2473437440.0,0.1928354650735855
2474374912.0,0.19990505278110504
2475312384.0,0.20593573153018951
2476250112.0,0.20965978503227234
2477187584.0,0.21183447539806366
2478125056.0,0.21228845417499542
2479062528.0,0.21024790406227112
2480000000.0,0.2065594643354416
2480937472.0,0.20115914940834045
2481874944.0,0.19279691576957703
2482812416.0,0.18316145241260529
2483749888.0,0.1722055971622467
2484687616.0,0.15839456021785736
2485625088.0,0.14420409500598907
2486562560.0,0.12828122079372406
2487500032.0,0.11062496155500412
2488437504.0,0.09168534725904465
2489374976.0,0.07229204475879669
2490312448.0,0.0524553507566452
2491249920.0,0.031748414039611816
2492187392.0,0.01161278411746025
2493125120.0,-0.008853546343743801
2494062592.0,-0.029210351407527924
2495000064.0,-0.0494314581155777
2495937536.0,-0.06962065398693085
2496875008.0,-0.08876397460699081
2497812480.0,-0.10702081769704819
2498749952.0,-0.12288425117731094
2499687424.0,-0.13783800601959229
2500624896.0,-0.15085332095623016
2501562624.0,-0.16319894790649414
2502500096.0,-0.17297737300395966
2503437568.0,-0.18191199004650116
2504375040.0,-0.18778038024902344
2505312512.0,-0.19212573766708374
2506249984.0,-0.1943206489086151
2507187456.0,-0.19420726597309113
2508124928.0,-0.1923668533563614
2509062400.0,-0.189061239361763
2510000128.0,-0.18348389863967896
2510937600.0,-0.17574399709701538
2511875072.0,-0.16696178913116455
2512812544.0,-0.15628060698509216
2513750016.0,-0.14336510002613068
2514687488.0,-0.12993578612804413
2515624960.0,-0.11438164860010147
2516562432.0,-0.09735763072967529
2517499904.0,-0.08052096515893936
2518437376.0,-0.06200695037841797
2519375104.0,-0.04320985823869705
2520312576.0,-0.02310987003147602
2521250048.0,-0.00435149809345603
2522187520.0,0.014742033556103706
2523124992.0,0.03418470919132233
2524062464.0,0.05254479497671127
2524999936.0,0.07043159008026123
2525937408.0,0.08800102025270462
2526874880.0,0.10451318323612213
2527812608.0,0.11966440826654434
2528750080.0,0.17291349172592163
2529687552.0,0.17871078848838806
2530625024.0,0.18281948566436768
2531562496.0,0.18692530691623688
2532499968.0,0.19065502285957336
2533437440.0,0.19194728136062622
2534374912.0,0.19266340136528015
2535312384.0,0.1939801275730133
2536250112.0,0.19288428127765656
2537187584.0,0.19056841731071472
2538125056.0,0.1885146200656891
2539062528.0,0.18356694281101227
2540000000.0,0.1804661750793457
2540937472.0,0.174326553940773
2541874944.0,0.1676623821258545
2542812416.0,0.15918028354644775
2543749888.0,0.14952479302883148
2544687616.0,0.13873185217380524
2545625088.0,0.12806013226509094
2546562560.0,0.11537126451730728
2547500032.0,0.10317960381507874
2548437504.0,0.0884309932589531
2549374976.0,0.07406111806631088
2550312448.0,0.0591697171330452
2551249920.0,0.04296627268195152
2552187392.0,0.027309376746416092
2553125120.0,0.01041444018483162
2554062592.0,-0.005521377548575401
2555000064.0,-0.022341784089803696
2555937536.0,-0.03734041005373001
2556875008.0,-0.05236858129501343
2557812480.0,-0.06691064685583115
2558749952.0,-0.08098097145557404
2559687424.0,-0.09287802875041962
2560624896.0,-0.10442084819078445
2561562624.0,-0.11282138526439667
2562500096.0,-0.12176035344600677
2563437568.0,-0.12760433554649353
2564375040.0,-0.13324053585529327
2565312512.0,-0.1358809471130371
2566249984.0,-0.1376887410879135
2567187456.0,-0.1366042047739029
2568124928.0,-0.13308224081993103
2569062400.0,-0.12836460769176483
2569999872.0,-0.12208062410354614
2570937600.0,-0.11368965357542038
2571875072.0,-0.10295087844133377
2572812544.0,-0.09095461666584015
2573750016.0,-0.07676610350608826
2574687488.0,-0.06153131648898125
2575624960.0,-0.04532039910554886
2576562432.0,-0.028080202639102936
2577499904.0,-0.009119018912315369
2578437376.0,0.009826614521443844
2579375104.0,0.029543228447437286
2580312576.0,0.0498538538813591
2581250048.0,0.07034631818532944
2582187520.0,0.08978258073329926
2583124992.0,0.10985163599252701
2584062464.0,0.12928864359855652
2584999936.0,0.14724117517471313
2585937408.0,0.1640351116657257
2586874880.0,0.1794496327638626
2587812608.0,0.1927730292081833
2588750080.0,0.21680764853954315
2589687552.0,0.2240423560142517
2590625024.0,0.22977817058563232
2591562496.0,0.2334165722131729
2592499968.0,0.23374830186367035
2593437440.0,0.23230694234371185
2594374912.0,0.22800499200820923
2595312384.0,0.222344309091568
2596250112.0,0.21425415575504303
2597187584.0,0.20499062538146973
2598125056.0,0.19280311465263367
2599062528.0,0.17958542704582214
2600000000.0,0.16531942784786224
2600937472.0,0.14943459630012512
2601874944.0,0.13362430036067963
2602812416.0,0.1168316975235939
2603749888.0,0.09962698817253113
2604687616.0,0.08176611363887787
2605625088.0,0.06550078094005585
2606562560.0,0.04879719391465187
2607500032.0,0.03106009215116501
2608437504.0,0.01558591891080141
2609374976.0,0.0003979437460657209
2610312448.0,-0.014040016569197178
2611249920.0,-0.028457120060920715
2612187392.0,-0.04055868834257126
2613125120.0,-0.05152539163827896
2614062592.0,-0.062113288789987564
2615000064.0,-0.07001839578151703
2615937536.0,-0.07774192839860916
2616875008.0,-0.0842152014374733
2617812480.0,-0.08889801800251007
2618749952.0,-0.09304749220609665
2619687424.0,-0.09533072263002396
2620624896.0,-0.09819072484970093
2621562624.0,-0.09750886261463165
2622500096.0,-0.09839677065610886
2623437568.0,-0.09805337339639664
2624375040.0,-0.0956665426492691
2625312512.0,-0.09388117492198944
2626249984.0,-0.09025789052248001
2627187456.0,-0.08604880422353745
2628124928.0,-0.08170083910226822
2629062400.0,-0.07672210037708282
2630000128.0,-0.07045139372348785
2630937600.0,-0.0635620653629303
2631875072.0,-0.05687117576599121
2632812544.0,-0.04817947745323181
2633750016.0,-0.04017091915011406
2634687488.0,-0.030980294570326805
2635624960.0,-0.0206195879727602
2636562432.0,-0.009657351300120354
2637499904.0,0.0012309597805142403
2638437376.0,0.01310048159211874
2639375104.0,0.02722913771867752
2640312576.0,0.04005890339612961
2641250048.0,0.05509815737605095
2642187520.0,0.06966118514537811
2643124992.0,0.08613713830709457
2644062464.0,0.1026945486664772
2644999936.0,0.11961206793785095
2645937408.0,0.13586010038852692
2646874880.0,0.15309254825115204
2647812608.0,0.22818312048912048
2648750080.0,0.2388351410627365
2649687552.0,0.24837563931941986
2650625024.0,0.2554994821548462
2651562496.0,0.2606125771999359
2652499968.0,0.26359057426452637
2653437440.0,0.2643384635448456
2654374912.0,0.26237305998802185
2655312384.0,0.25676366686820984
2656250112.0,0.24822913110256195
2657187584.0,0.2113644778728485
2658125056.0,0.19332276284694672
2659062528.0,0.17386551201343536
2660000000.0,0.15180933475494385
2660937472.0,0.1270880252122879
2661874944.0,0.10115920752286911
2662812416.0,0.07308457791805267
2663749888.0,0.044580213725566864
2664687616.0,0.01424727775156498
2665625088.0,-0.014942276291549206
2666562560.0,-0.04419377073645592
2667500032.0,-0.07186132669448853
2668437504.0,-0.10085811465978622
2669374976.0,-0.12639296054840088
2670312448.0,-0.15112343430519104
2671249920.0,-0.17333295941352844
2672187392.0,-0.19263862073421478
2673125120.0,-0.21019814908504486
2674062592.0,-0.224202498793602
2675000064.0,-0.2347310334444046
2675937536.0,-0.24356693029403687
2676875008.0,-0.24821345508098602
2677812480.0,-0.2503877282142639
2678749952.0,-0.25027769804000854
2679687424.0,-0.24607732892036438
2680624896.0,-0.24107502400875092
2681562624.0,-0.2320500612258911
2682500096.0,-0.2212594747543335
2683437568.0,-0.20845013856887817
2684375040.0,-0.19415737688541412
2685312512.0,-0.17761923372745514
2686249984.0,-0.15975913405418396
2687187456.0,-0.14137573540210724
2688124928.0,-0.12196797132492065
2689062400.0,-0.10246646404266357
2689999872.0,-0.08159831911325455
2690937600.0,-0.062205202877521515
2691875072.0,-0.04209282249212265
2692812544.0,-0.022464007139205933
2693750016.0,-0.0033627361990511417
2694687488.0,0.016842171549797058
2695624960.0,0.034666936844587326
2696562432.0,0.05310019105672836
2697499904.0,0.07133938372135162
2698437376.0,0.08864091336727142
2699375104.0,0.10623423010110855
2700312576.0,0.12378881871700287
2701250048.0,0.1394335776567459
2702187520.0,0.1560857594013214
2703124992.0,0.17183654010295868
2704062464.0,0.18631544709205627
2704999936.0,0.20095805823802948
2705937408.0,0.21452175080776215
2706874880.0,0.22823677957057953
2707812608.0,0.20033809542655945
2708750080.0,0.20644931495189667
2709687552.0,0.21146366000175476
2710625024.0,0.21576404571533203
2711562496.0,0.2187410295009613
2712499968.0,0.2201189249753952
2713437440.0,0.22086921334266663
2714374912.0,0.21847565472126007
2715312384.0,0.21499718725681305
2716250112.0,0.21090401709079742
2717187584.0,0.20574016869068146
2718125056.0,0.19900891184806824
2719062528.0,0.18973366916179657
2720000000.0,0.1798357516527176
2720937472.0,0.16884350776672363
2721874944.0,0.15595857799053192
2722812416.0,0.14241407811641693
2723749888.0,0.12645114958286285
2724687616.0,0.11039508134126663
2725625088.0,0.09381457418203354
2726562560.0,0.07675457000732422
2727500032.0,0.058560509234666824
2728437504.0,0.04004630446434021
2729374976.0,0.02134847268462181
2730312448.0,0.0024284645915031433
2731249920.0,-0.016734685748815536
2732187392.0,-0.03398508206009865
2733125120.0,-0.053192056715488434
2734062592.0,-0.06979644298553467
2735000064.0,-0.08717663586139679
2735937536.0,-0.10289745777845383
2736875008.0,-0.11738865822553635
2737812480.0,-0.13043645024299622
2738749952.0,-0.14245405793190002
2739687424.0,-0.15375836193561554
2740624896.0,-0.1627703607082367
2741562624.0,-0.17102350294589996
2742500096.0,-0.17618587613105774
2743437568.0,-0.18001048266887665
2744375040.0,-0.1828571856021881
2745312512.0,-0.18286670744419098
2746249984.0,-0.18209628760814667
2747187456.0,-0.1787232905626297
2748124928.0,-0.17390887439250946
2749062400.0,-0.16719047725200653
2750000128.0,-0.15838494896888733
2750937600.0,-0.14900998771190643
2751875072.0,-0.1371164172887802
2752812544.0,-0.12420766055583954
2753750016.0,-0.10995495319366455
2754687488.0,-0.09374935925006866
2755624960.0,-0.07793820649385452
2756562432.0,-0.06046653911471367
2757499904.0,-0.04325280338525772
2758437376.0,-0.024975672364234924
2759375104.0,-0.006147352512925863
2760312576.0,0.012962589040398598
2761250048.0,0.03262290358543396
2762187520.0,0.051276229321956635
2763124992.0,0.0696554109454155
2764062464.0,0.08689466118812561
2764999936.0,0.1034780740737915
2765937408.0,0.11935918778181076
2766874880.0,0.1330506056547165
2767812608.0,0.18968549370765686
2768750080.0,0.1897512823343277
2769687552.0,0.1874649077653885
2770625024.0,0.18418176472187042
2771562496.0,0.18095795810222626
2772499968.0,0.1761302798986435
2773437440.0,0.1712799072265625
2774374912.0,0.16395801305770874
2775312384.0,0.15749609470367432
2776250112.0,0.14964522421360016
2777187584.0,0.141187846660614
2778125056.0,0.13157300651073456
2779062528.0,0.12264814227819443
2780000000.0,0.11144759505987167
2780937472.0,0.09963969886302948
2781874944.0,0.08835646510124207
2782812416.0,0.07717850804328918
2783749888.0,0.0653880313038826
2784687616.0,0.052880529314279556
2785625088.0,0.03979979082942009
2786562560.0,0.027289235964417458
2787500032.0,0.014391017146408558
2788437504.0,0.0016310615465044975
2789374976.0,-0.01082425843924284
2790312448.0,-0.023377496749162674
2791249920.0,-0.03483505919575691
2792187392.0,-0.04658899083733559
2793125120.0,-0.05786759778857231
2794062592.0,-0.06806345283985138
2795000064.0,-0.07711776345968246
2795937536.0,-0.08508898317813873
2796875008.0,-0.09252886474132538
2797812480.0,-0.09899239987134933
2798749952.0,-0.10406032204627991
2799687424.0,-0.106840118765831
2800624896.0,-0.10910110175609589
2801562624.0,-0.11061183363199234
2802500096.0,-0.10928767174482346
2803437568.0,-0.10765949636697769
2804375040.0,-0.10443560779094696
2805312512.0,-0.09912057220935822
2806249984.0,-0.09175264090299606
2807187456.0,-0.08383619785308838
2808124928.0,-0.07379435747861862
2809062400.0,-0.06343302130699158
2809999872.0,-0.05051136389374733
2810937600.0,-0.036360640078783035
2811875072.0,-0.02290232665836811
2812812544.0,-0.007835332304239273
2813750016.0,0.00874629057943821
2814687488.0,0.025635572150349617
2815624960.0,0.04268233850598335
2816562432.0,0.05993929132819176
2817499904.0,0.07688818871974945
2818437376.0,0.09499672800302505
2819375104.0,0.11115197837352753
2820312576.0,0.1273064911365509
2821250048.0,0.14230580627918243
2822187520.0,0.15685640275478363
2823124992.0,0.17072507739067078
2824062464.0,0.18223382532596588
2824999936.0,0.1916225105524063
2825937408.0,0.20035456120967865
2826874880.0,0.20708191394805908
2827812608.0,0.22002778947353363
2828750080.0,0.22243204712867737
2829687552.0,0.2218247354030609
2830625024.0,0.21827781200408936
2831562496.0,0.21333864331245422
2832499968.0,0.20549428462982178
2833437440.0,0.19498077034950256
2834374912.0,0.1823398470878601
2835312384.0,0.16778093576431274
2836250112.0,0.15167300403118134
2837187584.0,0.13425403833389282
2838125056.0,0.11598601937294006
2839062528.0,0.09605608135461807
2840000000.0,0.07666098326444626
2840937472.0,0.05702550336718559
2841874944.0,0.03702888265252113
2842812416.0,0.018077919259667397
2843749888.0,-0.001745504792779684
2844687616.0,-0.01918257586658001
2845625088.0,-0.03632793202996254
2846562560.0,-0.05278404429554939
2847500032.0,-0.06758280843496323
2848437504.0,-0.0801355168223381
2849374976.0,-0.09111054241657257
2850312448.0,-0.10074315965175629
2851249920.0,-0.10931438952684402
2852187392.0,-0.11380068212747574
2853125120.0,-0.11827902495861053
2854062592.0,-0.12099133431911469
2855000064.0,-0.12159604579210281
2855937536.0,-0.11955799907445908
2856875008.0,-0.11667713522911072
2857812480.0,-0.11201979219913483
2858749952.0,-0.1064595952630043
2859687424.0,-0.09965740889310837
2860624896.0,-0.09069807827472687
2861562624.0,-0.08213000744581223
2862500096.0,-0.07269546389579773
2863437568.0,-0.06188100576400757
2864375040.0,-0.05057624727487564
2865312512.0,-0.03896774724125862
2866249984.0,-0.02680576965212822
2867187456.0,-0.013287218287587166
2868124928.0,-0.0005867814179509878
2869062400.0,0.012586030177772045
2870000128.0,0.025345444679260254
2870937600.0,0.03847905248403549
2871875072.0,0.05149088054895401
2872812544.0,0.06345165520906448
2873750016.0,0.07677913457155228
2874687488.0,0.08873631060123444
2875624960.0,0.10078070312738419
2876562432.0,0.11263933777809143
2877499904.0,0.12381517887115479
2878437376.0,0.1357414722442627
2879375104.0,0.14584463834762573
2880312576.0,0.1553245633840561
2881250048.0,0.16369715332984924
2882187520.0,0.1723881959915161
2883124992.0,0.1808938980102539
2884062464.0,0.18684391677379608
2884999936.0,0.19250351190567017
2885937408.0,0.1982654333114624
2886874880.0,0.2011350691318512
2887812608.0,0.20520327985286713
2888750080.0,0.2067924588918686
2889687552.0,0.2074374258518219
2890625024.0,0.20555895566940308
2891562496.0,0.20303790271282196
2892499968.0,0.19913239777088165
2893437440.0,0.19273686408996582
2894374912.0,0.18481391668319702
2895312384.0,0.17487600445747375
2896250112.0,0.16339609026908875
2897187584.0,0.15061070024967194
2898125056.0,0.13629403710365295
2899062528.0,0.12156537175178528
2900000000.0,0.1037118062376976
2900937472.0,0.08614461123943329
2901874944.0,0.06787986308336258
2902812416.0,0.048883307725191116
2903749888.0,0.030408723279833794
2904687616.0,0.010824630036950111
2905625088.0,-0.008245757780969143
2906562560.0,-0.027129478752613068
2907500032.0,-0.04499172791838646
2908437504.0,-0.062033284455537796
2909374976.0,-0.07687751948833466
2910312448.0,-0.09310292452573776
2911249920.0,-0.10643857717514038
2912187392.0,-0.11799756437540054
2913125120.0,-0.12786750495433807
2914062592.0,-0.1356024444103241
2915000064.0,-0.14229708909988403
2915937536.0,-0.14624379575252533
2916875008.0,-0.1483195424079895
2917812480.0,-0.1475496143102646
2918749952.0,-0.1461390107870102
2919687424.0,-0.1413613110780716
2920624896.0,-0.13496071100234985
2921562624.0,-0.12602271139621735
2922500096.0,-0.11535725742578506
2923437568.0,-0.1042400375008583
2924375040.0,-0.0912628099322319
2925312512.0,-0.07711177319288254
2926249984.0,-0.0609750859439373
2927187456.0,-0.04565413296222687
2928124928.0,-0.02736380696296692
2929062400.0,-0.010144912637770176
2929999872.0,0.007859436795115471
2930937600.0,0.025908932089805603
2931875072.0,0.04342425614595413
2932812544.0,0.05996129661798477
2933750016.0,0.07708323001861572
2934687488.0,0.09209456294775009
2935624960.0,0.10744400322437286
2936562432.0,0.11992938816547394
2937499904.0,0.1316831111907959
2938437376.0,0.1414918154478073
2939375104.0,0.15179088711738586
2940312576.0,0.15967969596385956
2941250048.0,0.16607624292373657
2942187520.0,0.17118753492832184
2943124992.0,0.17502842843532562
2944062464.0,0.17765529453754425
2944999936.0,0.17835067212581635
2945937408.0,0.17781071364879608
2946874880.0,0.17683038115501404
2947812608.0,0.17269961535930634
2948750080.0,0.17067421972751617
2949687552.0,0.16756026446819305
2950625024.0,0.16441932320594788
2951562496.0,0.16118687391281128
2952499968.0,0.1554134637117386
2953437440.0,0.14947639405727386
2954374912.0,0.1423661857843399
2955312384.0,0.13503724336624146
2956250112.0,0.12708041071891785
2957187584.0,0.11765992641448975
2958125056.0,0.10882983356714249
2959062528.0,0.10010615736246109
2960000000.0,0.0892934650182724
2960937472.0,0.07781893759965897
2961874944.0,0.06838810443878174
2962812416.0,0.056586042046546936
2963749888.0,0.04458455368876457
2964687616.0,0.034195274114608765
2965625088.0,0.022254617884755135
2966562560.0,0.010293755680322647
2967500032.0,-0.0010197156807407737
2968437504.0,-0.011757324449717999
2969374976.0,-0.022947240620851517
2970312448.0,-0.03341972827911377
2971249920.0,-0.042820222675800323
2972187392.0,-0.05189304053783417
2973125120.0,-0.0600971095263958
2974062592.0,-0.06734302639961243
2975000064.0,-0.07505756616592407
2975937536.0,-0.07962391525506973
2976875008.0,-0.08504913747310638
2977812480.0,-0.08947058022022247
2978749952.0,-0.09178216755390167
2979687424.0,-0.09389474242925644
2980624896.0,-0.0951215848326683
2981562624.0,-0.09430737793445587
2982500096.0,-0.0935436263680458
2983437568.0,-0.09113732725381851
2984375040.0,-0.08723276853561401
2985312512.0,-0.08289482444524765
2986249984.0,-0.07682711631059647
2987187456.0,-0.07084598392248154
2988124928.0,-0.06519991159439087
2989062400.0,-0.05762827396392822
2990000128.0,-0.049601342529058456
2990937600.0,-0.040270544588565826
2991875072.0,-0.032233357429504395
2992812544.0,-0.024212418124079704
2993750016.0,-0.014358120039105415
2994687488.0,-0.005750998854637146
2995624960.0,0.0021581065375357866
2996562432.0,0.009422955103218555
2997499904.0,0.017362626269459724
2998437376.0,0.025125999003648758
2999375104.0,0.0303201861679554
3000312576.0,0.034343916922807693
3001250048.0,0.03654595464468002
3002187520.0,0.04045123979449272
3003124992.0,0.04247627779841423
3004062464.0,0.04468030855059624
3004999936.0,0.04501984268426895
3005937408.0,0.04471983015537262
3006874880.0,0.04205930978059769
3007812608.0,0.03920772671699524
3008750080.0,0.03485894948244095
3009687552.0,0.03015739656984806
3010625024.0,0.027024298906326294
3011562496.0,0.020744439214468002
3012499968.0,0.016284247860312462
3013437440.0,0.01092625968158245
3014374912.0,0.0060427226126194
3015312384.0,0.0007221025880426168
3016250112.0,-0.0049361372366547585
3017187584.0,-0.009887594729661942
3018125056.0,-0.015277110040187836
3019062528.0,-0.02060673199594021
3020000000.0,-0.025653794407844543
3020937472.0,-0.03032892756164074
3021874944.0,-0.03585779294371605
3022812416.0,-0.04012471064925194
3023749888.0,-0.045773833990097046
3024687616.0,-0.051416706293821335
3025625088.0,-0.054754771292209625
3026562560.0,-0.059518229216337204
3027500032.0,-0.06399130821228027
3028437504.0,-0.06780266016721725
3029374976.0,-0.07106880098581314
3030312448.0,-0.07603267580270767
3031249920.0,-0.07863713800907135
3032187392.0,-0.08301007747650146
3033125120.0,-0.08578892052173615
3034062592.0,-0.08919721841812134
3035000064.0,-0.09107992053031921
3035937536.0,-0.09292346239089966
3036875008.0,-0.09465418010950089
3037812480.0,-0.09569981694221497
3038749952.0,-0.09653731435537338
3039687424.0,-0.09667497873306274
3040624896.0,-0.0968058705329895
3041562624.0,-0.09609568119049072
3042500096.0,-0.09435326606035233
3043437568.0,-0.09293694794178009
3044375040.0,-0.09067615121603012
3045312512.0,-0.08697434514760971
3046249984.0,-0.08342213183641434
3047187456.0,-0.08011139929294586
3048124928.0,-0.07567811012268066
3049062400.0,-0.07146601378917694
3049999872.0,-0.06665094941854477
3050937600.0,-0.06111661344766617
3051875072.0,-0.05579693615436554
3052812544.0,-0.04982450231909752
3053750016.0,-0.04453686624765396
3054687488.0,-0.03835248947143555
3055624960.0,-0.03367206081748009
3056562432.0,-0.028115389868617058
3057499904.0,-0.022060705348849297
3058437376.0,-0.01592973619699478
3059375104.0,-0.011973670683801174
3060312576.0,-0.007126461714506149
3061250048.0,-0.0029035117477178574
3062187520.0,0.0010894091101363301
3063124992.0,0.003558811265975237
3064062464.0,0.00698113301768899
3064999936.0,0.00791161973029375
3065937408.0,0.009818523190915585
3066874880.0,0.009902973659336567
3067812608.0,0.023102106526494026
3068750080.0,0.017316455021500587
3069687552.0,0.010620387271046638
3070625024.0,0.0025127569679170847
3071562496.0,-0.006442135199904442
3072499968.0,-0.014265074394643307
3073437440.0,-0.024275563657283783
3074374912.0,-0.0333731435239315
3075312384.0,-0.04283828288316727
3076250112.0,-0.053241096436977386
3077187584.0,-0.061894770711660385
3078125056.0,-0.0718110203742981
3079062528.0,-0.07974712550640106
3080000000.0,-0.08750508725643158
3080937472.0,-0.09418538957834244
3081874944.0,-0.10154926031827927
3082812416.0,-0.10679319500923157
3083749888.0,-0.11107708513736725
3084687616.0,-0.11518900841474533
3085625088.0,-0.11723660677671432
3086562560.0,-0.11702551692724228
3087500032.0,-0.11698711663484573
3088437504.0,-0.11592643707990646
3089374976.0,-0.11281859874725342
3090312448.0,-0.10887839645147324
3091249920.0,-0.1042705550789833
3092187392.0,-0.09849952906370163
3093125120.0,-0.09132342785596848
3094062592.0,-0.08389169722795486
3095000064.0,-0.07635204493999481
3095937536.0,-0.06764454394578934
3096875008.0,-0.0584285631775856
3097812480.0,-0.04865860193967819
3098749952.0,-0.03922710940241814
3099687424.0,-0.028674867004156113
3100624896.0,-0.018738020211458206
3101562624.0,-0.008512794971466064
3102500096.0,0.0017119301483035088
3103437568.0,0.011414386332035065
3104375040.0,0.021216340363025665
3105312512.0,0.030950818210840225
3106249984.0,0.03993824124336243
3107187456.0,0.048201531171798706
3108124928.0,0.055754002183675766
3109062400.0,0.06354479491710663
3110000128.0,0.07126489281654358
3110937600.0,0.07703664153814316
3111875072.0,0.08330988138914108
3112812544.0,0.08818481862545013
3113750016.0,0.09363207966089249
3114687488.0,0.09768301248550415
3115624960.0,0.10155860334634781
3116562432.0,0.10580077022314072
3117499904.0,0.10834468901157379
3118437376.0,0.11142640560865402
3119375104.0,0.11386954039335251
3120312576.0,0.11611127108335495
3121250048.0,0.11841865628957748
3122187520.0,0.11991754174232483
3123124992.0,0.12145314365625381
3124062464.0,0.12336288392543793
3124999936.0,0.12403351813554764
3125937408.0,0.12535345554351807
3126874880.0,0.12585148215293884
3127812608.0,0.1464121788740158
3128750080.0,0.1428472399711609
3129687552.0,0.14038704335689545
3130625024.0,0.13895253837108612
3131562496.0,0.1368030309677124
3132499968.0,0.1344904601573944
3133437440.0,0.13270039856433868
3134374912.0,0.13143368065357208
3135312384.0,0.13030961155891418
3136250112.0,0.1291496455669403
3137187584.0,0.12725377082824707
3138125056.0,0.1262354552745819
3139062528.0,0.12645457684993744
3140000000.0,0.12623868882656097
3140937472.0,0.1252935528755188
3141874944.0,0.12543907761573792
3142812416.0,0.12465507537126541
3143749888.0,0.12285827100276947
3144687616.0,0.12158120423555374
3145625088.0,0.12001336365938187
3146562560.0,0.11895221471786499
3147500032.0,0.11613760888576508
3148437504.0,0.11422248929738998
3149374976.0,0.11100830882787704
3150312448.0,0.10753223299980164
3151249920.0,0.1034255176782608
3152187392.0,0.0985199585556984
3153125120.0,0.0926680862903595
3154062592.0,0.08643004298210144
3155000064.0,0.07948210090398788
3155937536.0,0.07122258841991425
3156875008.0,0.06166481599211693
3157812480.0,0.053737666457891464
3158749952.0,0.043856699019670486
3159687424.0,0.0333227813243866
3160624896.0,0.021358555182814598
3161562624.0,0.010798046365380287
3162500096.0,-0.0008450798923149705
3163437568.0,-0.012107526883482933
3164375040.0,-0.02449568174779415
3165312512.0,-0.03563263267278671
3166249984.0,-0.04801472648978233
3167187456.0,-0.059422772377729416
3168124928.0,-0.07093457132577896
3169062400.0,-0.08193741738796234
3169999872.0,-0.09191233664751053
3170937600.0,-0.10133589804172516
3171875072.0,-0.10970591008663177
3172812544.0,-0.11696507781744003
3173750016.0,-0.12294792383909225
3174687488.0,-0.12832823395729065
3175624960.0,-0.13151691854000092
3176562432.0,-0.134188711643219
3177499904.0,-0.13541631400585175
3178437376.0,-0.1336493343114853
3179375104.0,-0.13139617443084717
3180312576.0,-0.1285112053155899
3181250048.0,-0.12325848639011383
3182187520.0,-0.11666882038116455
3183124992.0,-0.10823607444763184
3184062464.0,-0.09879816323518753
3184999936.0,-0.08684681355953217
3185937408.0,-0.07447774708271027
3186874880.0,-0.0605105385184288
3187812608.0,0.06636545062065125
3188750080.0,0.06635496020317078
3189687552.0,0.0648592859506607
3190625024.0,0.06371904909610748
3191562496.0,0.06631730496883392
3192499968.0,0.06724077463150024
3193437440.0,0.07153904438018799
3194374912.0,0.0745689794421196
3195312384.0,0.07894452661275864
3196250112.0,0.08307409286499023
3197187584.0,0.08761531859636307
3198125056.0,0.09370703995227814
3199062528.0,0.09821546822786331
3200000000.0,0.10286291688680649
3200937472.0,0.10708688199520111
3201874944.0,0.11102274060249329
3202812416.0,0.11470059305429459
3203749888.0,0.11684419959783554
3204687616.0,0.11791500449180603
3205625088.0,0.11835109442472458
3206562560.0,0.11712267994880676
3207500032.0,0.11547425389289856
3208437504.0,0.11205408722162247
3209374976.0,0.10770311206579208
3210312448.0,0.10299819707870483
3211249920.0,0.09569714218378067
3212187392.0,0.08830621093511581
3213125120.0,0.07842965424060822
3214062592.0,0.06865378469228745
3215000064.0,0.05841479077935219
3215937536.0,0.046152953058481216
3216875008.0,0.033767759799957275
3217812480.0,0.021738717332482338
3218749952.0,0.00952078215777874
3219687424.0,-0.0033747125416994095
3220624896.0,-0.01609405316412449
3221562624.0,-0.028355104848742485
3222500096.0,-0.04018627852201462
3223437568.0,-0.051706138998270035
3224375040.0,-0.06159893795847893
3225312512.0,-0.07116546481847763
3226249984.0,-0.0804705023765564
3227187456.0,-0.0881568044424057
3228124928.0,-0.0940510630607605
3229062400.0,-0.09917222708463669
3230000128.0,-0.10214534401893616
3230937600.0,-0.10435594618320465
3231875072.0,-0.10487610846757889
3232812544.0,-0.10509449988603592
3233750016.0,-0.10413575917482376
3234687488.0,-0.101662777364254
3235624960.0,-0.09817484766244888
3236562432.0,-0.0941140279173851
3237499904.0,-0.08953846246004105
3238437376.0,-0.08500944077968597
3239375104.0,-0.0799093246459961
3240312576.0,-0.07480117678642273
3241250048.0,-0.06965620070695877
3242187520.0,-0.06511568278074265
3243124992.0,-0.060808438807725906
3244062464.0,-0.05745811015367508
3244999936.0,-0.05568046122789383
3245937408.0,-0.05406882241368294
3246874880.0,-0.05378274992108345
3247812608.0,-0.04597307741641998
3248750080.0,-0.05125394091010094
3249687552.0,-0.05503827705979347
3250625024.0,-0.05813875049352646
3251562496.0,-0.06171513348817825
3252499968.0,-0.06469843536615372
3253437440.0,-0.06721797585487366
3254374912.0,-0.0679730623960495
3255312384.0,-0.06799637526273727
3256250112.0,-0.06661060452461243
3257187584.0,-0.06449893862009048
3258125056.0,-0.06167985498905182
3259062528.0,-0.05718936398625374
3260000000.0,-0.05126608535647392
3260937472.0,-0.04340236634016037
3261874944.0,-0.035779133439064026
3262812416.0,-0.028762228786945343
3263749888.0,-0.019900718703866005
3264687616.0,-0.011638975702226162
3265625088.0,-0.0031585318502038717
3266562560.0,0.004863668233156204
3267500032.0,0.012617005966603756
3268437504.0,0.019143449142575264
3269374976.0,0.024735676124691963
3270312448.0,0.028630686923861504
3271249920.0,0.03204575926065445
3272187392.0,0.03399006649851799
3273125120.0,0.03436284139752388
3274062592.0,0.034451451152563095
3275000064.0,0.032977715134620667
3275937536.0,0.030815983191132545
3276875008.0,0.02909751981496811
3277812480.0,0.025552058592438698
3278749952.0,0.025214113295078278
3279687424.0,0.022641299292445183
3280624896.0,0.02234543114900589
3281562624.0,0.02183062583208084
3282500096.0,0.021099621430039406
3283437568.0,0.021152684465050697
3284375040.0,0.022499993443489075
3285312512.0,0.023302098736166954
3286249984.0,0.0255714263767004
3287187456.0,0.02739099971950054
3288124928.0,0.029239436611533165
3289062400.0,0.029962997883558273
3289999872.0,0.031367138028144836
3290937600.0,0.0310848169028759
3291875072.0,0.029998956248164177
3292812544.0,0.027190284803509712
3293750016.0,0.024523211643099785
3294687488.0,0.019916851073503494
3295624960.0,0.014570841565728188
3296562432.0,0.008066155016422272
3297499904.0,9.172671707347035e-05
3298437376.0,-0.007786961272358894
3299375104.0,-0.016044752672314644
3300312576.0,-0.024913247674703598
3301250048.0,-0.03369729220867157
3302187520.0,-0.042620282620191574
3303124992.0,-0.05214451998472214
3304062464.0,-0.06067125126719475
3304999936.0,-0.06972390413284302
3305937408.0,-0.07815159112215042
3306874880.0,-0.08577682077884674
3307812608.0,-0.05293663963675499
3308750080.0,-0.05142867937684059
3309687552.0,-0.04928918182849884
3310625024.0,-0.04673384130001068
3311562496.0,-0.04544708505272865
3312499968.0,-0.04420589655637741
3313437440.0,-0.044024642556905746
3314374912.0,-0.04372784122824669
3315312384.0,-0.043634139001369476
3316250112.0,-0.04496001824736595
3317187584.0,-0.04731043428182602
3318125056.0,-0.049960143864154816
3319062528.0,-0.05296589061617851
3320000000.0,-0.05673016607761383
3320937472.0,-0.06156926974654198
3321874944.0,-0.06651189178228378
3322812416.0,-0.07146798074245453
3323749888.0,-0.0790398046374321
3324687616.0,-0.08591192960739136
3325625088.0,-0.09164533764123917
3326562560.0,-0.0988781601190567
3327500032.0,-0.10485292971134186
3328437504.0,-0.11195989698171616
3329374976.0,-0.11796354502439499
3330312448.0,-0.12376801669597626
3331249920.0,-0.1291576623916626
3332187392.0,-0.13445428013801575
3333125120.0,-0.13926391303539276
3334062592.0,-0.1407124549150467
3335000064.0,-0.1434541940689087
3335937536.0,-0.14480845630168915
3336875008.0,-0.14490251243114471
3337812480.0,-0.14383022487163544
3338749952.0,-0.14133527874946594
3339687424.0,-0.13786855340003967
3340624896.0,-0.13395538926124573
3341562624.0,-0.1278066635131836
3342500096.0,-0.1211232841014862
3343437568.0,-0.1139075830578804
3344375040.0,-0.10693547129631042
3345312512.0,-0.09843464195728302
3346249984.0,-0.08920259773731232
3347187456.0,-0.07940706610679626
3348124928.0,-0.06951242685317993
3349062400.0,-0.06011814996600151
3350000128.0,-0.0484321191906929
3350937600.0,-0.039566926658153534
3351875072.0,-0.02993934229016304
3352812544.0,-0.020659619942307472
3353750016.0,-0.01252139825373888
3354687488.0,-0.00508201215416193
3355624960.0,0.002493208507075906
3356562432.0,0.00870389025658369
3357499904.0,0.014112141914665699
3358437376.0,0.019432052969932556
3359375104.0,0.023055225610733032
3360312576.0,0.027272554114460945
3361250048.0,0.031111909076571465
3362187520.0,0.03381479158997536
3363124992.0,0.03697173297405243
3364062464.0,0.038816068321466446
3364999936.0,0.040160421282052994
3365937408.0,0.04207119718194008
3366874880.0,0.04519820213317871
3367812608.0,0.053346067667007446
3368750080.0,0.061758920550346375
3369687552.0,0.06783115118741989
3370625024.0,0.07409932464361191
3371562496.0,0.08050408214330673
3372499968.0,0.0846957340836525
3373437440.0,0.08833815902471542
3374374912.0,0.09116894006729126
3375312384.0,0.09286931902170181
3376250112.0,0.09311725944280624
3377187584.0,0.09253470599651337
3378125056.0,0.09038927406072617
3379062528.0,0.08685131371021271
3380000000.0,0.08239074796438217
3380937472.0,0.07610917091369629
3381874944.0,0.0701201781630516
3382812416.0,0.0623234398663044
3383749888.0,0.054470982402563095
3384687616.0,0.04436357319355011
3385625088.0,0.03553406149148941
3386562560.0,0.02468428947031498
3387500032.0,0.014476591721177101
3388437504.0,0.003344418713822961
3389374976.0,-0.005910953041166067
3390312448.0,-0.0152778634801507
3391249920.0,-0.02579469047486782
3392187392.0,-0.03519561141729355
3393125120.0,-0.043751463294029236
3394062592.0,-0.05314084514975548
3395000064.0,-0.06086140125989914
3395937536.0,-0.06857854127883911
3396875008.0,-0.0748865082859993
3397812480.0,-0.08079752326011658
3398749952.0,-0.08543407171964645
3399687424.0,-0.08885960280895233
3400624896.0,-0.09195409715175629
3401562624.0,-0.09342258423566818
3402500096.0,-0.093771792948246
3403437568.0,-0.09339961409568787
3404375040.0,-0.09264181554317474
3405312512.0,-0.09179137647151947
3406249984.0,-0.08949200063943863
3407187456.0,-0.0858607292175293
3408124928.0,-0.08258543163537979
3409062400.0,-0.07897989451885223
3409999872.0,-0.07562076300382614
3410937600.0,-0.0718015506863594
3411875072.0,-0.06732647866010666
3412812544.0,-0.06416820734739304
3413750016.0,-0.058915454894304276
3414687488.0,-0.0544440783560276
3415624960.0,-0.05020338296890259
3416562432.0,-0.0455155111849308
3417499904.0,-0.04165879637002945
3418437376.0,-0.03815203160047531
3419375104.0,-0.033133648335933685
3420312576.0,-0.03016115538775921
3421250048.0,-0.025573603808879852
3422187520.0,-0.022418206557631493
3423124992.0,-0.018377145752310753
3424062464.0,-0.015026670880615711
3424999936.0,-0.012329145334661007
3425937408.0,-0.007831491529941559
3426874880.0,-0.0048277610912919044
3427812608.0,-0.0008706145454198122
3428750080.0,0.0029435923788696527
3429687552.0,0.00582847511395812
3430625024.0,0.008743831887841225
3431562496.0,0.01184048131108284
3432499968.0,0.015709327533841133
3433437440.0,0.02076433040201664
3434374912.0,0.026937780901789665
3435312384.0,0.032496631145477295
3436250112.0,0.04049607366323471
3437187584.0,0.04778292775154114
3438125056.0,0.056797657161951065
3439062528.0,0.06789067387580872
3440000000.0,0.07841853052377701
3440937472.0,0.09124593436717987
3441874944.0,0.10450782626867294
3442812416.0,0.11746929585933685
3443749888.0,0.1314471811056137
3444687616.0,0.1456892043352127
3445625088.0,0.15960203111171722
3446562560.0,0.17355656623840332
3447500032.0,0.18541699647903442
3448437504.0,0.19687193632125854
3449374976.0,0.20675943791866302
3450312448.0,0.21536694467067719
3451249920.0,0.22264160215854645
3452187392.0,0.22791597247123718
3453125120.0,0.22953294217586517
3454062592.0,0.2292385995388031
3455000064.0,0.2263372838497162
3455937536.0,0.22105121612548828
3456875008.0,0.21284303069114685
3457812480.0,0.20335233211517334
3458749952.0,0.19060324132442474
3459687424.0,0.17741911113262177
3460624896.0,0.1614791452884674
3461562624.0,0.14507174491882324
3462500096.0,0.12648922204971313
3463437568.0,0.107527956366539
3464375040.0,0.08698555082082748
3465312512.0,0.0676044151186943
3466249984.0,0.04897913336753845
3467187456.0,0.02968663163483143
3468124928.0,0.012483068741858006
3469062400.0,-0.0052755544893443584
3470000128.0,-0.01984337903559208
3470937600.0,-0.0321500189602375
3471875072.0,-0.044432133436203
3472812544.0,-0.05326288193464279
3473750016.0,-0.06043187901377678
3474687488.0,-0.0664638951420784
3475624960.0,-0.06910153478384018
3476562432.0,-0.07091886550188065
3477499904.0,-0.07076346129179001
3478437376.0,-0.06924490630626678
3479375104.0,-0.06722830981016159
3480312576.0,-0.06367788463830948
3481250048.0,-0.05994504317641258
3482187520.0,-0.055220913141965866
3483124992.0,-0.04981740191578865
3484062464.0,-0.04547687992453575
3484999936.0,-0.04013384133577347
3485937408.0,-0.03494285047054291
3486874880.0,-0.03171791508793831
3487812608.0,-0.01661732606589794
3488750080.0,-0.019527889788150787
3489687552.0,-0.024092448875308037
3490625024.0,-0.02881656587123871
3491562496.0,-0.03469276428222656
3492499968.0,-0.03855447843670845
3493437440.0,-0.04538720101118088
3494374912.0,-0.04951010271906853
3495312384.0,-0.05636487528681755
3496250112.0,-0.061717305332422256
3497187584.0,-0.06709181517362595
3498125056.0,-0.0701097920536995
3499062528.0,-0.07302168756723404
3500000000.0,-0.07447496056556702
3500937472.0,-0.07433157414197922
3501874944.0,-0.0725577250123024
3502812416.0,-0.06949608772993088
3503749888.0,-0.06592614948749542
3504687616.0,-0.061447273939847946
3505625088.0,-0.05581996589899063
3506562560.0,-0.04866664484143257
3507500032.0,-0.041743241250514984
3508437504.0,-0.03334510326385498
3509374976.0,-0.025194652378559113
3510312448.0,-0.016633639112114906
3511249920.0,-0.007800951134413481
3512187392.0,0.001999168423935771
3513125120.0,0.010579624213278294
3514062592.0,0.01973889023065567
3515000064.0,0.029219821095466614
3515937536.0,0.03892102465033531
3516875008.0,0.04715351387858391
3517812480.0,0.05349527671933174
3518749952.0,0.05966075509786606
3519687424.0,0.06472446769475937
3520624896.0,0.06855708360671997
3521562624.0,0.0704687237739563
3522500096.0,0.0714648962020874
3523437568.0,0.07128304243087769
3524375040.0,0.06955022364854813
3525312512.0,0.06817588210105896
3526249984.0,0.06515730172395706
3527187456.0,0.06087898463010788
3528124928.0,0.05655774101614952
3529062400.0,0.05172118544578552
3529999872.0,0.04643215984106064
3530937600.0,0.04026568681001663
3531875072.0,0.033694639801979065
3532812544.0,0.02849847450852394
3533750016.0,0.023135624825954437
3534687488.0,0.018824497237801552
3535624960.0,0.014958532527089119
3536562432.0,0.011505245231091976
3537499904.0,0.0076249344274401665
3538437376.0,0.006586897652596235
3539375104.0,0.005483981221914291
3540312576.0,0.005345216952264309
3541250048.0,0.004866825416684151
3542187520.0,0.006082560401409864
3543124992.0,0.008508531376719475
3544062464.0,0.010644105263054371
3544999936.0,0.014994451776146889
3545937408.0,0.017972178757190704
3546874880.0,0.022868918254971504
3547812608.0,0.0256058257073164
3548750080.0,0.023325031623244286
3549687552.0,0.02208169549703598
3550625024.0,0.019071994349360466
3551562496.0,0.016803042963147163
3552499968.0,0.013971437700092793
3553437440.0,0.011344490572810173
3554374912.0,0.00818032305687666
3555312384.0,0.005316985305398703
3556250112.0,0.0014704330824315548
3557187584.0,-0.0015315455384552479
3558125056.0,-0.005549555644392967
3559062528.0,-0.010037805885076523
3560000000.0,-0.013114982284605503
3560937472.0,-0.017437873408198357
3561874944.0,-0.020837770774960518
3562812416.0,-0.022846905514597893
3563749888.0,-0.025640616193413734
3564687616.0,-0.02870647795498371
3565625088.0,-0.03125668689608574
3566562560.0,-0.033711958676576614
3567500032.0,-0.03455064445734024
3568437504.0,-0.03718121722340584
3569374976.0,-0.03693058341741562
3570312448.0,-0.03792394697666168
3571249920.0,-0.03682596981525421
3572187392.0,-0.03562096878886223
3573125120.0,-0.03445525839924812
3574062592.0,-0.034539595246315
3575000064.0,-0.032692670822143555
3575937536.0,-0.030967777594923973
3576875008.0,-0.030975576490163803
3577812480.0,-0.028592243790626526
3578749952.0,-0.026909837499260902
3579687424.0,-0.024794762954115868
3580624896.0,-0.022490231320261955
3581562624.0,-0.019729692488908768
3582500096.0,-0.017375141382217407
3583437568.0,-0.015212985686957836
3584375040.0,-0.015012932941317558
3585312512.0,-0.013250501826405525
3586249984.0,-0.012583106756210327
3587187456.0,-0.013146420009434223
3588124928.0,-0.012136943638324738
3589062400.0,-0.011390257626771927
3590000128.0,-0.011623143218457699
3590937600.0,-0.010782962664961815
3591875072.0,-0.009864766150712967
3592812544.0,-0.009987080469727516
3593750016.0,-0.009909036569297314
3594687488.0,-0.009211171418428421
3595624960.0,-0.007543225772678852
3596562432.0,-0.00794429425150156
3597499904.0,-0.0058175805024802685
3598437376.0,-0.0027065728791058064
3599375104.0,-0.0006983547355048358
3600312576.0,0.0022322884760797024
3601250048.0,0.005181771703064442
3602187520.0,0.009236021898686886
3603124992.0,0.013547754846513271
3604062464.0,0.017838358879089355
3604999936.0,0.023639459162950516
3605937408.0,0.029577741399407387
3606874880.0,0.035775069147348404
3607812608.0,0.05800706893205643
3608750080.0,0.06732890754938126
3609687552.0,0.07576006650924683
3610625024.0,0.08467172086238861
3611562496.0,0.09279320389032364
3612499968.0,0.09890999644994736
3613437440.0,0.10577494651079178
3614374912.0,0.11184506118297577
3615312384.0,0.11689309775829315
3616250112.0,0.12044976651668549
3617187584.0,0.12246806919574738
3618125056.0,0.1241704598069191
3619062528.0,0.12407130748033524
3620000000.0,0.12385464459657669
3620937472.0,0.12189359217882156
3621874944.0,0.11876672506332397
3622812416.0,0.1153239905834198
3623749888.0,0.11038323491811752
3624687616.0,0.10393668711185455
3625625088.0,0.09845855087041855
3626562560.0,0.09155526012182236
3627500032.0,0.08520021289587021
3628437504.0,0.07765961438417435
3629374976.0,0.06925591081380844
3630312448.0,0.060761600732803345
3631249920.0,0.05143151804804802
3632187392.0,0.041535671800374985
3633125120.0,0.03226086124777794
3634062592.0,0.021901773288846016
3635000064.0,0.011727570556104183
3635937536.0,0.002114448230713606
3636875008.0,-0.008405926637351513
3637812480.0,-0.0177860539406538
3638749952.0,-0.0279509536921978
3639687424.0,-0.036516789346933365
3640624896.0,-0.045510586351156235
3641562624.0,-0.05461892858147621
3642500096.0,-0.062691830098629
3643437568.0,-0.0702810063958168
3644375040.0,-0.07692809402942657
3645312512.0,-0.08311144262552261
3646249984.0,-0.08960433304309845
3647187456.0,-0.09495112299919128
3648124928.0,-0.09970133751630783
3649062400.0,-0.10420432686805725
3649999872.0,-0.1077665314078331
3650937600.0,-0.11018306016921997
3651875072.0,-0.11192604899406433
3652812544.0,-0.11432766914367676
3653750016.0,-0.11431656777858734
3654687488.0,-0.11403568834066391
3655624960.0,-0.11480399966239929
3656562432.0,-0.1133786290884018
3657499904.0,-0.11208079010248184
3658437376.0,-0.11056124418973923
3659375104.0,-0.10797333717346191
3660312576.0,-0.10665524750947952
3661250048.0,-0.10267613083124161
3662187520.0,-0.09929657727479935
3663124992.0,-0.09586060792207718
3664062464.0,-0.09201052039861679
3664999936.0,-0.0883343294262886
3665937408.0,-0.08505191653966904
3666874880.0,-0.07993020117282867
3667812608.0,-0.06161821633577347
3668750080.0,-0.062377166002988815
3669687552.0,-0.0609477162361145
3670625024.0,-0.0600619800388813
3671562496.0,-0.056771017611026764
3672499968.0,-0.05312288925051689
3673437440.0,-0.048451896756887436
3674374912.0,-0.04445984214544296
3675312384.0,-0.03882533684372902
3676250112.0,-0.03306678310036659
3677187584.0,-0.025807613506913185
3678125056.0,-0.018411623314023018
3679062528.0,-0.010863153263926506
3680000000.0,-0.002645240630954504
3680937472.0,0.006270431913435459
3681874944.0,0.015288205817341805
3682812416.0,0.024735121056437492
3683749888.0,0.033878013491630554
3684687616.0,0.04345064237713814
3685625088.0,0.05247260257601738
3686562560.0,0.06039055064320564
3687500032.0,0.06832557171583176
3688437504.0,0.07553908228874207
3689374976.0,0.08298014849424362
3690312448.0,0.0888218879699707
3691249920.0,0.09535306692123413
3692187392.0,0.09953204542398453
3693125120.0,0.10390780121088028
3694062592.0,0.1072029396891594
3695000064.0,0.10873390734195709
3695937536.0,0.10935886204242706
3696875008.0,0.10889726877212524
3697812480.0,0.10746148228645325
3698749952.0,0.10494986176490784
3699687424.0,0.10201812535524368
3700624896.0,0.09826851636171341
3701562624.0,0.09339568763971329
3702500096.0,0.08811178803443909
3703437568.0,0.0819840282201767
3704375040.0,0.07494714111089706
3705312512.0,0.06719054281711578
3706249984.0,0.060326993465423584
3707187456.0,0.05152012035250664
3708124928.0,0.04385899752378464
3709062400.0,0.034913793206214905
3710000128.0,0.02565573714673519
3710937600.0,0.016017012298107147
3711875072.0,0.008095508441329002
3712812544.0,-0.001021666219457984
3713750016.0,-0.008296032436192036
3714687488.0,-0.013694080524146557
3715624960.0,-0.01984429731965065
3716562432.0,-0.02315116859972477
3717499904.0,-0.027025550603866577
3718437376.0,-0.02998480573296547
3719375104.0,-0.03307434543967247
3720312576.0,-0.03452006354928017
3721250048.0,-0.03528280183672905
3722187520.0,-0.03562086448073387
3723124992.0,-0.034758977591991425
3724062464.0,-0.03274574875831604
3724999936.0,-0.03182226046919823
3725937408.0,-0.030164463445544243
3726874880.0,-0.027890007942914963
3727812608.0,-0.03106153942644596
3728750080.0,-0.03140358626842499
3729687552.0,-0.030419984832406044
3730625024.0,-0.029746301472187042
3731562496.0,-0.028614267706871033
3732499968.0,-0.02734278328716755
3733437440.0,-0.028119606897234917
3734374912.0,-0.026728304103016853
3735312384.0,-0.02812832221388817
3736250112.0,-0.028929144144058228
3737187584.0,-0.031115200370550156
3738125056.0,-0.032567691057920456
3739062528.0,-0.03463238105177879
3740000000.0,-0.03785209730267525
3740937472.0,-0.04188307002186775
3741874944.0,-0.046044930815696716
3742812416.0,-0.05055966228246689
3743749888.0,-0.05617651715874672
3744687616.0,-0.05992290377616882
3745625088.0,-0.066276915371418
3746562560.0,-0.07211918383836746
3747500032.0,-0.07647419720888138
3748437504.0,-0.08224496990442276
3749374976.0,-0.08712657541036606
3750312448.0,-0.09193965792655945
3751249920.0,-0.09756836295127869
3752187392.0,-0.10266605764627457
3753125120.0,-0.10683839023113251
3754062592.0,-0.11116087436676025
3755000064.0,-0.11411970853805542
3755937536.0,-0.11734489351511002
3756875008.0,-0.11889388412237167
3757812480.0,-0.118769071996212
3758749952.0,-0.11717799305915833
3759687424.0,-0.1145399957895279
3760624896.0,-0.11111337691545486
3761562624.0,-0.10545907914638519
3762500096.0,-0.0993150994181633
3763437568.0,-0.0912359207868576
3764375040.0,-0.08292556554079056
3765312512.0,-0.0737699568271637
3766249984.0,-0.06362359970808029
3767187456.0,-0.05425189435482025
3768124928.0,-0.04287351295351982
3769062400.0,-0.03070780821144581
3769999872.0,-0.018242385238409042
3770937600.0,-0.007687383331358433
3771875072.0,0.0038086010608822107
3772812544.0,0.013783187605440617
3773750016.0,0.023379342630505562
3774687488.0,0.0313233844935894
3775624960.0,0.03907676041126251
3776562432.0,0.04519283398985863
3777499904.0,0.04978373274207115
3778437376.0,0.05386728048324585
3779375104.0,0.055289410054683685
3780312576.0,0.05495230108499527
3781250048.0,0.05344715341925621
3782187520.0,0.05021310970187187
3783124992.0,0.044129397720098495
3784062464.0,0.03705739602446556
3784999936.0,0.02988322824239731
3785937408.0,0.020771047100424767
3786874880.0,0.02278468757867813
3787812608.0,0.014535455964505672
3788750080.0,0.004600012209266424
3789687552.0,-0.005849333480000496
3790625024.0,-0.016571689397096634
3791562496.0,-0.02995210699737072
3792499968.0,-0.04051416367292404
3793437440.0,-0.05188024044036865
3794374912.0,-0.06266578286886215
3795312384.0,-0.07454536110162735
3796250112.0,-0.0854477509856224
3797187584.0,-0.09652065485715866
3798125056.0,-0.1066405400633812
3799062528.0,-0.1154535710811615
3800000000.0,-0.12368229776620865
3800937472.0,-0.13098421692848206
3801874944.0,-0.13732856512069702
3802812416.0,-0.14178183674812317
3803749888.0,-0.14509254693984985
3804687616.0,-0.14719010889530182
3805625088.0,-0.14871935546398163
3806562560.0,-0.14825771749019623
3807500032.0,-0.14580737054347992
3808437504.0,-0.1424976885318756
3809374976.0,-0.1374182552099228
3810312448.0,-0.13201993703842163
3811249920.0,-0.1255911886692047
3812187392.0,-0.11737247556447983
3813125120.0,-0.10883360356092453
3814062592.0,-0.09986309707164764
3815000064.0,-0.08984015136957169
3815937536.0,-0.07954079657793045
3816875008.0,-0.07031457871198654
3817812480.0,-0.06013444811105728
3818749952.0,-0.050569240003824234
3819687424.0,-0.040162838995456696
3820624896.0,-0.031462255865335464
3821562624.0,-0.023425491526722908
3822500096.0,-0.015190773643553257
3823437568.0,-0.009013375267386436
3824375040.0,-0.0025832613464444876
3825312512.0,0.0029611263889819384
3826249984.0,0.006443810183554888
3827187456.0,0.009855734184384346
3828124928.0,0.011295397765934467
3829062400.0,0.01212480291724205
3830000128.0,0.012805463746190071
3830937600.0,0.012272387742996216
3831875072.0,0.009725035168230534
3832812544.0,0.005974659696221352
3833750016.0,0.0025318902917206287
3834687488.0,-0.0003237848577555269
3835624960.0,-0.0047374595887959
3836562432.0,-0.008342882618308067
3837499904.0,-0.012930672615766525
3838437376.0,-0.016977325081825256
3839375104.0,-0.019958404824137688
3840312576.0,-0.024888483807444572
3841250048.0,-0.02822507917881012
3842187520.0,-0.03227902948856354
3843124992.0,-0.0343717485666275
3844062464.0,-0.037195127457380295
3844999936.0,-0.038365136831998825
3845937408.0,-0.039513539522886276
3846874880.0,-0.031319234520196915
3847812608.0,-0.02790912799537182
3848750080.0,-0.024471772834658623
3849687552.0,-0.020575160160660744
3850625024.0,-0.017211679369211197
3851562496.0,-0.015137989073991776
3852499968.0,-0.013481339439749718
3853437440.0,-0.011888970620930195
3854374912.0,-0.011181087233126163
3855312384.0,-0.010844146832823753
3856250112.0,-0.010106637142598629
3857187584.0,-0.010643302462995052
3858125056.0,-0.012349752709269524
3859062528.0,-0.013756927102804184
3860000000.0,-0.015816353261470795
3860937472.0,-0.016979368403553963
3861874944.0,-0.0199758131057024
3862812416.0,-0.022282101213932037
3863749888.0,-0.023823127150535583
3864687616.0,-0.0272544976323843
3865625088.0,-0.0293473768979311
3866562560.0,-0.03167374059557915
3867500032.0,-0.033707939088344574
3868437504.0,-0.036639176309108734
3869374976.0,-0.0399949736893177
3870312448.0,-0.04149922356009483
3871249920.0,-0.04454994201660156
3872187392.0,-0.04628746211528778
3873125120.0,-0.048870399594306946
3874062592.0,-0.04923315346240997
3875000064.0,-0.051070891320705414
3875937536.0,-0.05498230457305908
3876875008.0,-0.05717470869421959
3877812480.0,-0.05980858579277992
3878749952.0,-0.06200644001364708
3879687424.0,-0.06258871406316757
3880624896.0,-0.06456757336854935
3881562624.0,-0.06422500312328339
3882500096.0,-0.06509207934141159
3883437568.0,-0.0649571567773819
3884375040.0,-0.06506882607936859
3885312512.0,-0.06396191567182541
3886249984.0,-0.0637224018573761
3887187456.0,-0.06373346596956253
3888124928.0,-0.06344219297170639
3889062400.0,-0.06299898773431778
3889999872.0,-0.062407106161117554
3890937600.0,-0.06242935359477997
3891875072.0,-0.06296634674072266
3892812544.0,-0.06398819386959076
3893750016.0,-0.06553049385547638
3894687488.0,-0.06734511256217957
3895624960.0,-0.06950037181377411
3896562432.0,-0.07094300538301468
3897499904.0,-0.0742805004119873
3898437376.0,-0.07651099562644958
3899375104.0,-0.08025231957435608
3900312576.0,-0.08416713774204254
3901250048.0,-0.08778021484613419
3902187520.0,-0.09249222278594971
3903124992.0,-0.09802334755659103
3904062464.0,-0.10213077813386917
3904999936.0,-0.10670119524002075
3905937408.0,-0.11011048406362534
3906874880.0,-0.12800517678260803
3907812608.0,-0.13471688330173492
3908750080.0,-0.14178350567817688
3909687552.0,-0.1459192931652069
3910625024.0,-0.14873816072940826
3911562496.0,-0.14805050194263458
3912499968.0,-0.14561988413333893
3913437440.0,-0.14153876900672913
3914374912.0,-0.13551881909370422
3915312384.0,-0.12728023529052734
3916250112.0,-0.11594292521476746
3917187584.0,-0.10399659723043442
3918125056.0,-0.09130977094173431
3919062528.0,-0.077698715031147
3920000000.0,-0.06201931834220886
3920937472.0,-0.04547594115138054
3921874944.0,-0.02935323491692543
3922812416.0,-0.012762155383825302
3923749888.0,0.003378335852175951
3924687616.0,0.019768089056015015
3925625088.0,0.034361325204372406
3926562560.0,0.04927637800574303
3927500032.0,0.06164742261171341
3928437504.0,0.07323174923658371
3929374976.0,0.08296989649534225
3930312448.0,0.09160806238651276
3931249920.0,0.09658017009496689
3932187392.0,0.09868630766868591
3933125120.0,0.10029105842113495
3934062592.0,0.09935244172811508
3935000064.0,0.09663265943527222
3935937536.0,0.09234894067049026
3936875008.0,0.08633264154195786
3937812480.0,0.0793057456612587
3938749952.0,0.07267140597105026
3939687424.0,0.06368393450975418
3940624896.0,0.053967881947755814
3941562624.0,0.04553432762622833
3942500096.0,0.0369316041469574
3943437568.0,0.0268943440169096
3944375040.0,0.01791754551231861
3945312512.0,0.009893253445625305
3946249984.0,0.0028432116378098726
3947187456.0,-0.0037377423141151667
3948124928.0,-0.0103083411231637
3949062400.0,-0.01421576738357544
3950000128.0,-0.018181566148996353
3950937600.0,-0.021228285506367683
3951875072.0,-0.023507682606577873
3952812544.0,-0.026289066299796104
3953750016.0,-0.028606735169887543
3954687488.0,-0.030588870868086815
3955624960.0,-0.0322369821369648
3956562432.0,-0.034304264932870865
3957499904.0,-0.036137655377388
3958437376.0,-0.03763611987233162
3959375104.0,-0.0384037122130394
3960312576.0,-0.039822351187467575
3961250048.0,-0.040894802659749985
3962187520.0,-0.04341888427734375
3963124992.0,-0.046242110431194305
3964062464.0,-0.05046931654214859
3964999936.0,-0.05443214252591133
3965937408.0,-0.059570979326963425
3966874880.0,-0.0749012678861618
3967812608.0,-0.08871801942586899
3968750080.0,-0.10257236659526825
3969687552.0,-0.1160840168595314
3970625024.0,-0.13014458119869232
3971562496.0,-0.14228415489196777
3972499968.0,-0.1549902856349945
3973437440.0,-0.16663387417793274
3974374912.0,-0.17710192501544952
3975312384.0,-0.18511614203453064
3976250112.0,-0.19128239154815674
3977187584.0,-0.1970188170671463
3978125056.0,-0.200585275888443
3979062528.0,-0.20218531787395477
3980000000.0,-0.2013694941997528
3980937472.0,-0.20048373937606812
3981874944.0,-0.19713376462459564
3982812416.0,-0.19226185977458954
3983749888.0,-0.18417677283287048
3984687616.0,-0.1769581437110901
3985625088.0,-0.167480006814003
3986562560.0,-0.15846964716911316
3987500032.0,-0.14745372533798218
3988437504.0,-0.13589531183242798
3989374976.0,-0.12506213784217834
3990312448.0,-0.11225000023841858
3991249920.0,-0.1000540554523468
3992187392.0,-0.08776521682739258
3993125120.0,-0.07602576911449432
3994062592.0,-0.06533617526292801
3995000064.0,-0.0547618493437767
3995937536.0,-0.045830462127923965
3996875008.0,-0.038687460124492645
3997812480.0,-0.031502917408943176
3998749952.0,-0.02665599435567856
3999687424.0,-0.020746780559420586
4000624896.0,-0.027710391208529472
4001562624.0,-0.026041509583592415
4002500096.0,-0.02482731081545353
4003437568.0,-0.02541477605700493
4004375040.0,-0.0267135389149189
4005312512.0,-0.031137673184275627
4006249984.0,-0.0338640995323658
4007187456.0,-0.03950737416744232
4008124928.0,-0.04566890746355057
4009062400.0,-0.053225595504045486
4009999872.0,-0.06053374335169792
4010937600.0,-0.06784901767969131
4011875072.0,-0.07645271718502045
4012812544.0,-0.08418001979589462
4013750016.0,-0.09231448173522949
4014687488.0,-0.10101457685232162
4015624960.0,-0.10882887989282608
4016562432.0,-0.11847929656505585
4017499904.0,-0.12453319132328033
4018437376.0,-0.13274575769901276
4019375104.0,-0.13825376331806183
4020312576.0,-0.14410346746444702
4021250048.0,-0.14838382601737976
4022187520.0,-0.15285150706768036
4023124992.0,-0.15716326236724854
4024062464.0,-0.16105017066001892
4024999936.0,-0.16322389245033264
4025937408.0,-0.16745087504386902
4026874880.0,-0.16017600893974304
4027812608.0,-0.1672220379114151
4028750080.0,-0.1726849377155304
4029687552.0,-0.17845562100410461
4030625024.0,-0.18471147119998932
4031562496.0,-0.18940982222557068
4032499968.0,-0.19311174750328064
4033437440.0,-0.19603149592876434
4034374912.0,-0.19695891439914703
4035312384.0,-0.19776126742362976
4036250112.0,-0.198403999209404
4037187584.0,-0.19628377258777618
4038125056.0,-0.19418025016784668
4039062528.0,-0.18942950665950775
4040000000.0,-0.1844375729560852
4040937472.0,-0.17915426194667816
4041874944.0,-0.17333365976810455
4042812416.0,-0.16504430770874023
4043749888.0,-0.15720418095588684
4044687616.0,-0.1472361981868744
4045625088.0,-0.1356433928012848
4046562560.0,-0.12346591800451279
4047500032.0,-0.1113792210817337
4048437504.0,-0.09760173410177231
4049374976.0,-0.08354390412569046
4050312448.0,-0.06936448067426682
4051249920.0,-0.054639264941215515
4052187392.0,-0.042359765619039536
4053125120.0,-0.027668189257383347
4054062592.0,-0.015097224153578281
4055000064.0,-0.002710693283006549
4055937536.0,0.008679701946675777
4056875008.0,0.018607255071401596
4057812480.0,0.027409827336668968
4058749952.0,0.034020379185676575
4059687424.0,0.04103698581457138
4060624896.0,0.04497445002198219
4061562624.0,0.04701835289597511
4062500096.0,0.0476774163544178
4063437568.0,0.047745879739522934
4064375040.0,0.04386327415704727
4065312512.0,0.0398402139544487
4066249984.0,0.034194812178611755
4067187456.0,0.027141891419887543
4068124928.0,0.017852051183581352
4069062400.0,0.008380976505577564
4070000128.0,-0.0024228228721767664
4070937600.0,-0.014845546334981918
4071875072.0,-0.026155276224017143
4072812544.0,-0.038594577461481094
4073750016.0,-0.05190574377775192
4074687488.0,-0.06499607861042023
4075624960.0,-0.0768904834985733
4076562432.0,-0.0899016261100769
4077499904.0,-0.10127594321966171
4078437376.0,-0.11366327852010727
4079375104.0,-0.1246662437915802
4080312576.0,-0.13392989337444305
4081250048.0,-0.14198359847068787
4082187520.0,-0.1485968381166458
4083124992.0,-0.15391813218593597
4084062464.0,-0.15803351998329163
4084999936.0,-0.1607849895954132
4085937408.0,-0.16305553913116455
4086874880.0,-0.14476920664310455
4087812608.0,-0.14412058889865875
4088750080.0,-0.14305749535560608
4089687552.0,-0.13973763585090637
4090625024.0,-0.13718213140964508
4091562496.0,-0.1334451586008072
4092499968.0,-0.12932932376861572
4093437440.0,-0.12409891933202744
4094374912.0,-0.11869516223669052
4095312384.0,-0.11211364716291428
4096250112.0,-0.1062527745962143
4097187584.0,-0.10070360451936722
4098125056.0,-0.09394660592079163
4099062528.0,-0.08723878860473633
4100000000.0,-0.0809193104505539
4100937472.0,-0.07390929013490677
4101874944.0,-0.06742844730615616
4102812416.0,-0.0623612143099308
4103749888.0,-0.05719641596078873
4104687616.0,-0.05314525216817856
4105625088.0,-0.04870666190981865
4106562560.0,-0.043828848749399185
4107500032.0,-0.04057181999087334
4108437504.0,-0.03696173056960106
4109374976.0,-0.03386858478188515
4110312448.0,-0.02999074012041092
4111249920.0,-0.028281195089221
4112187392.0,-0.02498837746679783
4113125120.0,-0.02348250336945057
4114062592.0,-0.021564723923802376
4115000064.0,-0.02021501585841179
4115937536.0,-0.019733594730496407
4116875008.0,-0.017317237332463264
4117812480.0,-0.018141373991966248
4118749952.0,-0.018304020166397095
4119687424.0,-0.018408551812171936
4120624896.0,-0.018334869295358658
4121562624.0,-0.018962973728775978
4122500096.0,-0.0197451189160347
4123437568.0,-0.021463537588715553
4124375040.0,-0.02337290346622467
4125312512.0,-0.025127451866865158
4126249984.0,-0.02792932465672493
4127187456.0,-0.030802220106124878
4128124928.0,-0.03326127305626869
4129062400.0,-0.035962432622909546
4129999872.0,-0.040675316005945206
4130937600.0,-0.04433590918779373
4131875072.0,-0.04988046735525131
4132812544.0,-0.05565687641501427
4133750016.0,-0.06155698746442795
4134687488.0,-0.06818484514951706
4135624960.0,-0.07440400123596191
4136562432.0,-0.08171644061803818
4137499904.0,-0.0891835018992424
4138437376.0,-0.09730586409568787
4139375104.0,-0.10615284740924835
4140312576.0,-0.11445998400449753
4141250048.0,-0.1226811558008194
4142187520.0,-0.13144677877426147
4143124992.0,-0.1400206834077835
4144062464.0,-0.14832068979740143
4144999936.0,-0.15865246951580048
4145937408.0,-0.16717521846294403
4146874880.0,-0.1875184327363968
4147812608.0,-0.19321918487548828
4148750080.0,-0.19790850579738617
4149687552.0,-0.20103228092193604
4150625024.0,-0.2022763341665268
4151562496.0,-0.2007570117712021
4152499968.0,-0.19761215150356293
4153437440.0,-0.19250957667827606
4154374912.0,-0.18603220582008362
4155312384.0,-0.1778588443994522
4156250112.0,-0.16879229247570038
4157187584.0,-0.15851789712905884
4158125056.0,-0.14672838151454926
4159062528.0,-0.13486352562904358
4160000000.0,-0.12306608259677887
4160937472.0,-0.11119437217712402
4161874944.0,-0.09894008934497833
4162812416.0,-0.08630774915218353
4163749888.0,-0.07434875518083572
4164687616.0,-0.06245150789618492
4165625088.0,-0.049896541982889175
4166562560.0,-0.03968863934278488
4167500032.0,-0.028896944597363472
4168437504.0,-0.01976480334997177
4169374976.0,-0.011275229975581169
4170312448.0,-0.003113236278295517
4171249920.0,0.0038129326421767473
4172187392.0,0.009464113041758537
4173125120.0,0.015478992834687233
4174062592.0,0.019467050209641457
4175000064.0,0.024106914177536964
4175937536.0,0.028093110769987106
4176875008.0,0.030268926173448563
4177812480.0,0.03238549828529358
4178749952.0,0.03405420109629631
4179687424.0,0.03470846638083458
4180624896.0,0.03500659391283989
4181562624.0,0.03407078981399536
4182500096.0,0.03491093963384628
4183437568.0,0.03335265442728996
4184375040.0,0.03198425844311714
4185312512.0,0.03080797754228115
4186249984.0,0.02756643295288086
4187187456.0,0.023748423904180527
4188124928.0,0.019877679646015167
4189062400.0,0.015001826919615269
4190000128.0,0.00954050850123167
4190937600.0,0.003342384472489357
4191875072.0,-0.0029019713401794434
4192812544.0,-0.0107447924092412
4193750016.0,-0.019075484946370125
4194687488.0,-0.02744954079389572
4195624960.0,-0.03668319061398506
4196562432.0,-0.04606914147734642
4197499904.0,-0.0558355450630188
4198437376.0,-0.06684796512126923
4199375104.0,-0.07759048044681549
4200312576.0,-0.08842869848012924
4201250048.0,-0.1004449725151062
4202187520.0,-0.11352599412202835
4203124992.0,-0.1252507120370865
4204062464.0,-0.13808928430080414
4204999936.0,-0.15172505378723145
4205937408.0,-0.16392993927001953
4206874880.0,-0.16754989326000214
4207812608.0,-0.1788301169872284
4208750080.0,-0.18989326059818268
4209687552.0,-0.20140613615512848
4210625024.0,-0.21146948635578156
4211562496.0,-0.22025103867053986
4212499968.0,-0.22840282320976257
4213437440.0,-0.23513932526111603
4214374912.0,-0.24052226543426514
4215312384.0,-0.24386711418628693
4216250112.0,-0.24561521410942078
4217187584.0,-0.24366742372512817
4218125056.0,-0.23905707895755768
4219062528.0,-0.23351241648197174
4220000000.0,-0.22484438121318817
4220937472.0,-0.21408399939537048
4221874944.0,-0.20103596150875092
4222812416.0,-0.18668381869792938
4223749888.0,-0.16986756026744843
4224687616.0,-0.15109165012836456
4225625088.0,-0.13172651827335358
4226562560.0,-0.11088147014379501
4227500032.0,-0.08932491391897202
4228437504.0,-0.06648539751768112
4229374976.0,-0.04411100968718529
4230312448.0,-0.0218461062759161
4231249920.0,0.0015025049215182662
4232187392.0,0.02316201850771904
4233125120.0,0.04396893084049225
4234062592.0,0.06416656076908112
4235000064.0,0.08206859976053238
4235937536.0,0.09761804342269897
4236875008.0,0.11168923228979111
4237812480.0,0.12290925532579422
4238749952.0,0.13186423480510712
4239687424.0,0.13900311291217804
4240624896.0,0.14213977754116058
4241562624.0,0.14215946197509766
4242500096.0,0.1413816213607788
4243437568.0,0.1376197785139084
4244375040.0,0.1312180608510971
4245312512.0,0.12267376482486725
4246249984.0,0.111604243516922
4247187456.0,0.09851796925067902
4248124928.0,0.0847494900226593
4249062400.0,0.07004647701978683
4249999872.0,0.05307594686746597
4250937600.0,0.0354047529399395
4251875072.0,0.01791257970035076
4252812544.0,-0.00010554212349234149
4253750016.0,-0.018375487998127937
4254687488.0,-0.03732530027627945
4255624960.0,-0.05459454655647278
4256562432.0,-0.07447170466184616
4257499904.0,-0.091081403195858
4258437376.0,-0.10889431089162827
4259375104.0,-0.1249752938747406
4260312576.0,-0.14099864661693573
4261250048.0,-0.15659427642822266
4262187520.0,-0.17143914103507996
4263124992.0,-0.18611708283424377
4264062464.0,-0.19983769953250885
4264999936.0,-0.21382902562618256
4265937408.0,-0.22581994533538818
4266874880.0,-0.23516657948493958
4267812608.0,-0.23939047753810883
4268750080.0,-0.24422451853752136
4269687552.0,-0.24953539669513702
4270625024.0,-0.2527250051498413
4271562496.0,-0.25769469141960144
4272499968.0,-0.26218217611312866
4273437440.0,-0.2659708559513092
4274374912.0,-0.26877495646476746
4275312384.0,-0.27001097798347473
4276250112.0,-0.2696807086467743
4277187584.0,-0.2682068347930908
4278125056.0,-0.2657197117805481
4279062528.0,-0.26074108481407166
4280000000.0,-0.2542428970336914
4280937472.0,-0.244742289185524
4281874944.0,-0.2344835251569748
4282812416.0,-0.22112388908863068
4283749888.0,-0.2071581333875656
4284687616.0,-0.1911848485469818
4285625088.0,-0.17395097017288208
4286562560.0,-0.1559804379940033
4287500032.0,-0.13545294106006622
4288437504.0,-0.11356065422296524
4289374976.0,-0.0916810855269432
4290312448.0,-0.06790585070848465
4291249920.0,-0.04494429752230644
4292187392.0,-0.020216574892401695
4293125120.0,0.0027657027821987867
4294062592.0,0.025786420330405235
4295000064.0,0.04675211012363434
4295937536.0,0.06836593896150589
4296875008.0,0.08830513805150986
4297812480.0,0.10564085096120834
4298749952.0,0.12264610826969147
4299687424.0,0.1372748166322708
4300624896.0,0.1505717635154724
4301562368.0,0.16083690524101257
4302499840.0,0.16851496696472168
4303437312.0,0.1745447814464569
4304374784.0,0.17768323421478271
4305312256.0,0.17775006592273712
4306250240.0,0.17415861785411835
4307187712.0,0.1685035526752472
4308125184.0,0.1599360704421997
4309062656.0,0.1476707011461258
4310000128.0,0.1337045580148697
4310937600.0,0.1165333166718483
4311875072.0,0.09568040072917938
4312812544.0,0.07364440709352493
4313750016.0,0.04779135435819626
4314687488.0,0.020797519013285637
4315624960.0,-0.007229733280837536
4316562432.0,-0.03651964291930199
4317499904.0,-0.06639698147773743
4318437376.0,-0.09577467292547226
4319374848.0,-0.1263936311006546
4320312320.0,-0.15735606849193573
4321249792.0,-0.18539462983608246
4322187264.0,-0.21491272747516632
4323125248.0,-0.24116086959838867
4324062720.0,-0.26654791831970215
4325000192.0,-0.2887136936187744
4325937664.0,-0.3092820942401886
4326875136.0,-0.3376995623111725
4327812608.0,-0.3323962092399597
4328750080.0,-0.32542285323143005
4329687552.0,-0.3173588812351227
4330625024.0,-0.30954471230506897
4331562496.0,-0.301656574010849
4332499968.0,-0.293585866689682
4333437440.0,-0.284231036901474
4334374912.0,-0.27637556195259094
4335312384.0,-0.26873907446861267
4336249856.0,-0.26126790046691895
4337187328.0,-0.2539556920528412
4338124800.0,-0.24717678129673004
4339062272.0,-0.24168923497200012
4339999744.0,-0.23704588413238525
4340937728.0,-0.23225724697113037
4341875200.0,-0.2259332537651062
4342812672.0,-0.22145111858844757
4343750144.0,-0.21646441519260406
4344687616.0,-0.20949432253837585
4345625088.0,-0.20384986698627472
4346562560.0,-0.19657191634178162
4347500032.0,-0.1901610642671585
4348437504.0,-0.18174783885478973
4349374976.0,-0.1735321283340454
4350312448.0,-0.1645120084285736
4351249920.0,-0.15310530364513397
4352187392.0,-0.14044518768787384
4353124864.0,-0.126112163066864
4354062336.0,-0.11112400889396667
4354999808.0,-0.09567663818597794
4355937280.0,-0.07913179695606232
4356874752.0,-0.062325797975063324
4357812736.0,-0.04609276354312897
4358750208.0,-0.03111032210290432
4359687680.0,-0.01996985264122486
4360625152.0,-0.01282497588545084
4361562624.0,-0.006713287439197302
4362500096.0,-0.0038999549578875303
4363437568.0,-0.0018180969636887312
4364375040.0,-1.9232613340136595e-05
4365312512.0,0.0009792972123250365
4366249984.0,0.002232922473922372
4367187456.0,0.0017041061073541641
4368124928.0,0.0007008985849097371
4369062400.0,-0.0009250584989786148
4369999872.0,-0.0031244982965290546
4370937344.0,-0.006106201559305191
4371874816.0,-0.008863921277225018
4372812288.0,-0.013246780261397362
4373749760.0,-0.01909497380256653
4374687744.0,-0.026415592059493065
4375625216.0,-0.03528972342610359
4376562688.0,-0.044907934963703156
4377500160.0,-0.057117100805044174
4378437632.0,-0.07182854413986206
4379375104.0,-0.08799716085195541
4380312576.0,-0.10591363906860352
4381250048.0,-0.12506963312625885
4382187520.0,-0.14566698670387268
4383124992.0,-0.16668105125427246
4384062464.0,-0.19041472673416138
4384999936.0,-0.21393781900405884
4385937408.0,-0.2378777414560318
4386874880.0,-0.3271729648113251
4387812352.0,-0.34136587381362915
4388749824.0,-0.35420143604278564
4389687296.0,-0.3658008575439453
4390624768.0,-0.37343829870224
4391562752.0,-0.37880271673202515
4392500224.0,-0.3812081813812256
4393437696.0,-0.37931400537490845
4394375168.0,-0.37495237588882446
4395312640.0,-0.3674938976764679
4396250112.0,-0.3556172847747803
4397187584.0,-0.34134843945503235
4398125056.0,-0.32401856780052185
4399062528.0,-0.30350762605667114
4400000000.0,-0.2791096270084381
4400937472.0,-0.2533605396747589
4401874944.0,-0.2256603240966797
4402812416.0,-0.19663870334625244
4403749888.0,-0.16514579951763153
4404687360.0,-0.13287027180194855
4405624832.0,-0.101176917552948
4406562304.0,-0.06894290447235107
4407499776.0,-0.036327704787254333
4408437248.0,-0.005589741747826338
4409375232.0,0.023859424516558647
4410312704.0,0.05390165001153946
4411250176.0,0.08070718497037888
4412187648.0,0.10543747246265411
4413125120.0,0.1283169984817505
4414062592.0,0.1486140638589859
4415000064.0,0.1657165288925171
4415937536.0,0.17789901793003082
4416875008.0,0.18787610530853271
4417812480.0,0.19533970952033997
4418749952.0,0.1985383778810501
4419687424.0,0.19880779087543488
4420624896.0,0.1961427927017212
4421562368.0,0.18898652493953705
4422499840.0,0.17973066866397858
4423437312.0,0.16652138531208038
4424374784.0,0.1500365287065506
4425312256.0,0.13157911598682404
4426250240.0,0.11108001321554184
4427187712.0,0.08757040649652481
4428125184.0,0.06322220712900162
4429062656.0,0.037342894822359085
4430000128.0,0.012220260687172413
4430937600.0,-0.013962345197796822
4431875072.0,-0.042038023471832275
4432812544.0,-0.06731138378381729
4433750016.0,-0.09398473799228668
4434687488.0,-0.1192793995141983
4435624960.0,-0.1430833488702774
4436562432.0,-0.16449835896492004
4437499904.0,-0.1853591650724411
4438437376.0,-0.20408301055431366
4439374848.0,-0.2193206250667572
4440312320.0,-0.23201535642147064
4441249792.0,-0.2425883263349533
4442187264.0,-0.24952873587608337
4443125248.0,-0.2550462484359741
4444062720.0,-0.2568514049053192
4445000192.0,-0.2585519254207611
4445937664.0,-0.25809669494628906
4446875136.0,-0.20116664469242096
4447812608.0,-0.20480795204639435
4448750080.0,-0.2074577659368515
4449687552.0,-0.20585975050926208
4450625024.0,-0.2025725394487381
4451562496.0,-0.19670091569423676
4452499968.0,-0.18677584826946259
4453437440.0,-0.17551371455192566
4454374912.0,-0.16119800508022308
4455312384.0,-0.14517314732074738
4456249856.0,-0.12700456380844116
4457187328.0,-0.10686899721622467
4458124800.0,-0.0865277424454689
4459062272.0,-0.06429553776979446
4460000256.0,-0.04230457916855812
4460937728.0,-0.020132219418883324
4461875200.0,0.002044177846983075
4462812672.0,0.022477535530924797
4463750144.0,0.04268720746040344
4464687616.0,0.06098414584994316
4465625088.0,0.07879216223955154
4466562560.0,0.09367705881595612
4467500032.0,0.10651528835296631
4468437504.0,0.11725089699029922
4469374976.0,0.12489702552556992
4470312448.0,0.1293693631887436
4471249920.0,0.1316489577293396
4472187392.0,0.12956060469150543
4473124864.0,0.1258344203233719
4474062336.0,0.11837980896234512
4474999808.0,0.1075652539730072
4475937280.0,0.09468390047550201
4476874752.0,0.07912559062242508
4477812736.0,0.06077193096280098
4478750208.0,0.040934931486845016
4479687680.0,0.019137972965836525
4480625152.0,-0.005123951006680727
4481562624.0,-0.030353372916579247
4482500096.0,-0.0578581839799881
4483437568.0,-0.08529089391231537
4484375040.0,-0.11366831511259079
4485312512.0,-0.14249730110168457
4486249984.0,-0.17053700983524323
4487187456.0,-0.19804486632347107
4488124928.0,-0.22485516965389252
4489062400.0,-0.2505137622356415
4489999872.0,-0.27452659606933594
4490937344.0,-0.29652833938598633
4491874816.0,-0.3160756826400757
4492812288.0,-0.3340286314487457
4493749760.0,-0.3493777811527252
4494687744.0,-0.3637426793575287
4495625216.0,-0.37510979175567627
4496562688.0,-0.38412028551101685
4497500160.0,-0.391538143157959
4498437632.0,-0.39596813917160034
4499375104.0,-0.39898964762687683
4500312576.0,-0.3992404639720917
4501250048.0,-0.3988475203514099
4502187520.0,-0.3964974284172058
4503124992.0,-0.39516690373420715
4504062464.0,-0.39166778326034546
4504999936.0,-0.3885045647621155
4505937408.0,-0.3843216001987457
4506874880.0,-0.2635744512081146
4507812352.0,-0.26124411821365356
4508749824.0,-0.2590457797050476
4509687296.0,-0.25824981927871704
4510624768.0,-0.2568656802177429
4511562752.0,-0.2566303312778473
4512500224.0,-0.2578805387020111
4513437696.0,-0.26102542877197266
4514375168.0,-0.26448675990104675
4515312640.0,-0.2689386308193207
4516250112.0,-0.2743319571018219
4517187584.0,-0.27918651700019836
4518125056.0,-0.2856130301952362
4519062528.0,-0.2924882173538208
4520000000.0,-0.300637423992157
4520937472.0,-0.30773672461509705
4521874944.0,-0.31807902455329895
4522812416.0,-0.3276976943016052
4523749888.0,-0.3387210965156555
4524687360.0,-0.347829133272171
4525624832.0,-0.3567572236061096
4526562304.0,-0.3656485974788666
4527499776.0,-0.37358811497688293
4528437248.0,-0.38185280561447144
4529375232.0,-0.38993802666664124
4530312704.0,-0.39771977066993713
4531250176.0,-0.4064456820487976
4532187648.0,-0.4136400818824768
4533125120.0,-0.42033466696739197
4534062592.0,-0.42612969875335693
4535000064.0,-0.43143215775489807
4535937536.0,-0.43553033471107483
4536875008.0,-0.43918123841285706
4537812480.0,-0.44198375940322876
4538749952.0,-0.4454744756221771
4539687424.0,-0.4461972117424011
4540624896.0,-0.44789204001426697
4541562368.0,-0.44726651906967163
4542499840.0,-0.4466764032840729
4543437312.0,-0.44477638602256775
4544374784.0,-0.4431173503398895
4545312256.0,-0.4417749345302582
4546250240.0,-0.437784880399704
4547187712.0,-0.4349776804447174
4548125184.0,-0.4314901828765869
4549062656.0,-0.42964839935302734
4550000128.0,-0.4259379208087921
4550937600.0,-0.42316165566444397
4551875072.0,-0.4195823669433594
4552812544.0,-0.4171443283557892
4553750016.0,-0.4137844741344452
4554687488.0,-0.4108446538448334
4555624960.0,-0.41027331352233887
4556562432.0,-0.4088905453681946
4557499904.0,-0.40726402401924133
4558437376.0,-0.4064299464225769
4559374848.0,-0.4057711958885193
4560312320.0,-0.40510064363479614
4561249792.0,-0.4041483998298645
4562187264.0,-0.4031325876712799
4563125248.0,-0.4013736844062805
4564062720.0,-0.39997684955596924
4565000192.0,-0.39938148856163025
4565937664.0,-0.3969256579875946
4566875136.0,-0.3521755635738373
4567812608.0,-0.3580877184867859
4568750080.0,-0.3623695969581604
4569687552.0,-0.3655509948730469
4570625024.0,-0.366692453622818
4571562496.0,-0.364825040102005
4572499968.0,-0.3619449734687805
4573437440.0,-0.3561306297779083
4574374912.0,-0.349033385515213
4575312384.0,-0.3393663465976715
4576249856.0,-0.3272315561771393
4577187328.0,-0.3143037259578705
4578124800.0,-0.2988568842411041
4579062272.0,-0.28197911381721497
4579999744.0,-0.2637556493282318
4580937728.0,-0.24371470510959625
4581875200.0,-0.2226623147726059
4582812672.0,-0.2004403918981552
4583750144.0,-0.17746521532535553
4584687616.0,-0.1533384770154953
4585625088.0,-0.1309499442577362
4586562560.0,-0.10797999054193497
4587500032.0,-0.08569633960723877
4588437504.0,-0.06562409549951553
4589374976.0,-0.04579581320285797
4590312448.0,-0.027365200221538544
4591249920.0,-0.010862207040190697
4592187392.0,0.004235546104609966
4593124864.0,0.017333291471004486
4594062336.0,0.027284283190965652
4594999808.0,0.03541369363665581
4595937280.0,0.040104322135448456
4596874752.0,0.042658720165491104
4597812736.0,0.042645879089832306
4598750208.0,0.04033559933304787
4599687680.0,0.03454325348138809
4600625152.0,0.02697143703699112
4601562624.0,0.017542412504553795
4602500096.0,0.005126873962581158
4603437568.0,-0.009656735695898533
4604375040.0,-0.0264637041836977
4605312512.0,-0.04501565545797348
4606249984.0,-0.06672823429107666
4607187456.0,-0.0876232236623764
4608124928.0,-0.11008287966251373
4609062400.0,-0.13232095539569855
4609999872.0,-0.15431009232997894
4610937344.0,-0.17708231508731842
4611874816.0,-0.1988663226366043
4612812288.0,-0.2213844358921051
4613749760.0,-0.24263599514961243
4614687744.0,-0.26416125893592834
4615625216.0,-0.28316962718963623
4616562688.0,-0.3018461763858795
4617500160.0,-0.31840014457702637
4618437632.0,-0.3343348801136017
4619375104.0,-0.34986773133277893
4620312576.0,-0.36194106936454773
4621250048.0,-0.3744673430919647
4622187520.0,-0.38594287633895874
4623124992.0,-0.39538657665252686
4624062464.0,-0.40625107288360596
4624999936.0,-0.4140905439853668
4625937408.0,-0.4225844740867615
4626874880.0,-0.4330369234085083
4627812352.0,-0.4280032217502594
4628749824.0,-0.42206764221191406
4629687296.0,-0.41353192925453186
4630624768.0,-0.4047583043575287
4631562752.0,-0.39670705795288086
4632500224.0,-0.3869781196117401
4633437696.0,-0.37717047333717346
4634375168.0,-0.3680749535560608
4635312640.0,-0.35754814743995667
4636250112.0,-0.34790608286857605
4637187584.0,-0.33817243576049805
4638125056.0,-0.32952842116355896
4639062528.0,-0.32092419266700745
4640000000.0,-0.3132472634315491
4640937472.0,-0.30622339248657227
4641874944.0,-0.2998049855232239
4642812416.0,-0.29485857486724854
4643749888.0,-0.2902131676673889
4644687360.0,-0.2880396544933319
4645624832.0,-0.2853992283344269
4646562304.0,-0.2857073247432709
4647499776.0,-0.28652626276016235
4648437248.0,-0.2899244725704193
4649375232.0,-0.29349496960639954
4650312704.0,-0.2972131371498108
4651250176.0,-0.30180278420448303
4652187648.0,-0.30806493759155273
4653125120.0,-0.31513941287994385
4654062592.0,-0.3226235806941986
4655000064.0,-0.3316643238067627
4655937536.0,-0.34079352021217346
4656875008.0,-0.3509022295475006
4657812480.0,-0.361444890499115
4658749952.0,-0.3731625974178314
4659687424.0,-0.3848632276058197
4660624896.0,-0.39684706926345825
4661562368.0,-0.40873774886131287
4662499840.0,-0.4234398603439331
4663437312.0,-0.4362971782684326
4664374784.0,-0.4508943259716034
4665312256.0,-0.46398651599884033
4666250240.0,-0.48013070225715637
4667187712.0,-0.4946907162666321
4668125184.0,-0.5090270042419434
4669062656.0,-0.5242562890052795
4670000128.0,-0.5393640995025635
4670937600.0,-0.5532513856887817
4671875072.0,-0.5671239495277405
4672812544.0,-0.5811493396759033
4673750016.0,-0.5940180420875549
4674687488.0,-0.6070521473884583
4675624960.0,-0.619982123374939
4676562432.0,-0.6302798390388489
4677499904.0,-0.6415998339653015
4678437376.0,-0.6521787643432617
4679374848.0,-0.661239504814148
4680312320.0,-0.6694778800010681
4681249792.0,-0.6765888333320618
4682187264.0,-0.6819581985473633
4683125248.0,-0.6859263181686401
4684062720.0,-0.6886937022209167
4685000192.0,-0.6892899870872498
4685937664.0,-0.6870390176773071
4686875136.0,-0.6641693115234375
4687812608.0,-0.6623414158821106
4688750080.0,-0.6600036025047302
4689687552.0,-0.6542400121688843
4690625024.0,-0.6456665396690369
4691562496.0,-0.6336071491241455
4692499968.0,-0.618401050567627
4693437440.0,-0.6026539206504822
4694374912.0,-0.5841616988182068
4695312384.0,-0.5639923214912415
4696249856.0,-0.5432263612747192
4697187328.0,-0.5209592580795288
4698124800.0,-0.49837079644203186
4699062272.0,-0.4754614233970642
4700000256.0,-0.45328688621520996
4700937728.0,-0.43176281452178955
4701875200.0,-0.4115781784057617
4702812672.0,-0.3918849527835846
4703750144.0,-0.37487128376960754
4704687616.0,-0.361003577709198
4705625088.0,-0.34880539774894714
4706562560.0,-0.34063345193862915
4707500032.0,-0.33713966608047485
4708437504.0,-0.33671101927757263
4709374976.0,-0.3410736620426178
4710312448.0,-0.35088101029396057
4711249920.0,-0.3646911084651947
4712187392.0,-0.38496124744415283
4713124864.0,-0.4087037146091461
4714062336.0,-0.43631356954574585
4714999808.0,-0.4687497615814209
4715937280.0,-0.5066533088684082
4716874752.0,-0.5463998317718506
4717812736.0,-0.590627133846283
4718750208.0,-0.6351900100708008
4719687680.0,-0.6838852167129517
4720625152.0,-0.7317106127738953
4721562624.0,-0.7806697487831116
4722500096.0,-0.8299192190170288
4723437568.0,-0.8770195245742798
4724375040.0,-0.9229540228843689
4725312512.0,-0.9644772410392761
4726249984.0,-1.0054513216018677
4727187456.0,-1.0406641960144043
4728124928.0,-1.0705270767211914
4729062400.0,-1.0973113775253296
4729999872.0,-1.120395541191101
4730937344.0,-1.135759711265564
4731874816.0,-1.1491692066192627
4732812288.0,-1.1582918167114258
4733749760.0,-1.1625794172286987
4734687744.0,-1.1640419960021973
4735625216.0,-1.161223292350769
4736562688.0,-1.157495379447937
4737500160.0,-1.1499483585357666
4738437632.0,-1.1410290002822876
4739375104.0,-1.1303051710128784
4740312576.0,-1.1184717416763306
4741250048.0,-1.105515956878662
4742187520.0,-1.0919880867004395
4743124992.0,-1.0778181552886963
4744062464.0,-1.062706708908081
4744999936.0,-1.0474762916564941
4745937408.0,-1.0314242839813232
4746874880.0,-0.7942240834236145
4747812352.0,-0.8013153672218323
4748749824.0,-0.8084122538566589
4749687296.0,-0.8148856163024902
4750624768.0,-0.8214439153671265
4751562752.0,-0.8271673321723938
4752500224.0,-0.8317413926124573
4753437696.0,-0.8369895815849304
4754375168.0,-0.8418817520141602
4755312640.0,-0.8452393412590027
4756250112.0,-0.8489879965782166
4757187584.0,-0.8499898910522461
4758125056.0,-0.8501387238502502
4759062528.0,-0.8501110672950745
4760000000.0,-0.8488786220550537
4760937472.0,-0.8465530872344971
4761874944.0,-0.844072699546814
4762812416.0,-0.8415006399154663
4763749888.0,-0.8381766676902771
4764687360.0,-0.8333541750907898
4765624832.0,-0.8291571140289307
4766562304.0,-0.8239068984985352
4767499776.0,-0.8166449069976807
4768437248.0,-0.811924159526825
4769375232.0,-0.8048650026321411
4770312704.0,-0.7997339963912964
4771250176.0,-0.7932391166687012
4772187648.0,-0.7884982228279114
4773125120.0,-0.7837193012237549
4774062592.0,-0.7791164517402649
4775000064.0,-0.7772471904754639
4775937536.0,-0.7762945294380188
4776875008.0,-0.776500940322876
4777812480.0,-0.7778200507164001
4778749952.0,-0.7821105718612671
4779687424.0,-0.7883955836296082
4780624896.0,-0.7954433560371399
4781562368.0,-0.8044273853302002
4782499840.0,-0.8159176707267761
4783437312.0,-0.8284018039703369
4784374784.0,-0.8432331681251526
4785312256.0,-0.8594667911529541
4786250240.0,-0.8789183497428894
4787187712.0,-0.9005824327468872
4788125184.0,-0.92210853099823
4789062656.0,-0.9456025958061218
4790000128.0,-0.9703162908554077
4790937600.0,-0.9965027570724487
4791875072.0,-1.0230644941329956
4792812544.0,-1.0501348972320557
4793750016.0,-1.0784721374511719
4794687488.0,-1.1066068410873413
4795624960.0,-1.1345552206039429
4796562432.0,-1.1624455451965332
4797499904.0,-1.1897364854812622
4798437376.0,-1.2149224281311035
4799374848.0,-1.2403336763381958
4800312320.0,-1.26260244846344
4801249792.0,-1.2834941148757935
4802187264.0,-1.301029920578003
4803125248.0,-1.3164658546447754
4804062720.0,-1.3324764966964722
4805000192.0,-1.3438806533813477
4805937664.0,-1.3533376455307007
4806875136.0,-1.2095321416854858
4807812608.0,-1.2133995294570923
4808750080.0,-1.2165905237197876
4809687552.0,-1.217494249343872
4810625024.0,-1.2171850204467773
4811562496.0,-1.2154221534729004
4812499968.0,-1.2124382257461548
4813437440.0,-1.2081729173660278
4814374912.0,-1.203207015991211
4815312384.0,-1.1973596811294556
4816249856.0,-1.1908116340637207
4817187328.0,-1.1836819648742676
4818124800.0,-1.1775275468826294
4819062272.0,-1.1706891059875488
4819999744.0,-1.1659810543060303
4820937728.0,-1.1614125967025757
4821875200.0,-1.1567586660385132
4822812672.0,-1.1542305946350098
4823750144.0,-1.1526715755462646
4824687616.0,-1.15171480178833
4825625088.0,-1.152482509613037
4826562560.0,-1.1547147035598755
4827500032.0,-1.158961534500122
4828437504.0,-1.1650868654251099
4829374976.0,-1.1728036403656006
4830312448.0,-1.1836249828338623
4831249920.0,-1.1959137916564941
4832187392.0,-1.2087759971618652
4833124864.0,-1.2234770059585571
4834062336.0,-1.2385607957839966
4834999808.0,-1.2561029195785522
4835937280.0,-1.274530053138733
4836874752.0,-1.2941169738769531
4837812736.0,-1.3148176670074463
4838750208.0,-1.3377680778503418
4839687680.0,-1.359950065612793
4840625152.0,-1.383265495300293
4841562624.0,-1.4038535356521606
4842500096.0,-1.4264379739761353
4843437568.0,-1.4469448328018188
4844375040.0,-1.4672768115997314
4845312512.0,-1.4859188795089722
4846249984.0,-1.5040899515151978
4847187456.0,-1.5208845138549805
4848124928.0,-1.5367200374603271
4849062400.0,-1.5514845848083496
4849999872.0,-1.5644629001617432
4850937344.0,-1.5782607793807983
4851874816.0,-1.587415099143982
4852812288.0,-1.597979187965393
4853749760.0,-1.6062949895858765
4854687744.0,-1.6128039360046387
4855625216.0,-1.6174479722976685
4856562688.0,-1.6225836277008057
4857500160.0,-1.6269516944885254
4858437632.0,-1.6307647228240967
4859375104.0,-1.6349961757659912
4860312576.0,-1.6390622854232788
4861250048.0,-1.6436141729354858
4862187520.0,-1.648447871208191
4863124992.0,-1.6525299549102783
4864062464.0,-1.6571086645126343
4864999936.0,-1.6611566543579102
4865937408.0,-1.6651544570922852
4866874880.0,-1.6477694511413574
4867812352.0,-1.6517342329025269
4868749824.0,-1.6555477380752563
4869687296.0,-1.6602084636688232
4870624768.0,-1.6637766361236572
4871562752.0,-1.6695570945739746
4872500224.0,-1.6766108274459839
4873437696.0,-1.6841765642166138
4874375168.0,-1.6924517154693604
4875312640.0,-1.7019132375717163
4876250112.0,-1.7110018730163574
4877187584.0,-1.7219934463500977
4878125056.0,-1.7317732572555542
4879062528.0,-1.7430248260498047
4880000000.0,-1.7554422616958618
4880937472.0,-1.7676324844360352
4881874944.0,-1.7814866304397583
4882812416.0,-1.7929037809371948
4883749888.0,-1.807376742362976
4884687360.0,-1.821230173110962
4885624832.0,-1.8340576887130737
4886562304.0,-1.8467892408370972
4887499776.0,-1.858257532119751
4888437248.0,-1.8684760332107544
4889375232.0,-1.8755581378936768
4890312704.0,-1.880388855934143
4891250176.0,-1.88253915309906
4892187648.0,-1.8828256130218506
4893125120.0,-1.8815059661865234
4894062592.0,-1.8759475946426392
4895000064.0,-1.868375301361084
4895937536.0,-1.858923316001892
4896875008.0,-1.8457000255584717
4897812480.0,-1.8307452201843262
4898749952.0,-1.814274787902832
4899687424.0,-1.7942780256271362
4900624896.0,-1.7739654779434204
4901562368.0,-1.750184178352356
4902499840.0,-1.7263476848602295
4903437312.0,-1.7013492584228516
4904374784.0,-1.6745123863220215
4905312256.0,-1.6476049423217773
4906250240.0,-1.6200768947601318
4907187712.0,-1.592630386352539
4908125184.0,-1.5656039714813232
4909062656.0,-1.5394593477249146
4910000128.0,-1.5171406269073486
4910937600.0,-1.494734764099121
4911875072.0,-1.4753576517105103
4912812544.0,-1.4565156698226929
4913750016.0,-1.4404869079589844
4914687488.0,-1.4267102479934692
4915624960.0,-1.4143134355545044
4916562432.0,-1.4043656587600708
4917499904.0,-1.3980004787445068
4918437376.0,-1.3940365314483643
4919374848.0,-1.391254186630249
4920312320.0,-1.3909803628921509
4921249792.0,-1.392897129058838
4922187264.0,-1.3406394720077515
4923125248.0,-1.3287150859832764
4924062720.0,-1.3191636800765991
4925000192.0,-1.3101438283920288
4925937664.0,-1.419257402420044
4926875136.0,-1.4253441095352173
4927812608.0,-1.4310665130615234
4928750080.0,-1.4354002475738525
4929687552.0,-1.440360426902771
4930625024.0,-1.4430294036865234
4931562496.0,-1.442592740058899
4932499968.0,-1.44243586063385
4933437440.0,-1.4380896091461182
4934374912.0,-1.432682991027832
4935312384.0,-1.4240241050720215
4936249856.0,-1.4133285284042358
4937187328.0,-1.4006720781326294
4938124800.0,-1.3857605457305908
4939062272.0,-1.36838698387146
4940000256.0,-1.3491278886795044
4940937728.0,-1.3285367488861084
4941875200.0,-1.305816411972046
4942812672.0,-1.283511996269226
4943750144.0,-1.2592158317565918
4944687616.0,-1.2352885007858276
4945625088.0,-1.211307168006897
4946562560.0,-1.187669277191162
4947500032.0,-1.1665669679641724
4948437504.0,-1.1449121236801147
4949374976.0,-1.1252861022949219
4950312448.0,-1.1086595058441162
4951249920.0,-1.0936559438705444
4952187392.0,-1.0804029703140259
4953124864.0,-1.0710670948028564
4954062336.0,-1.06154203414917
4954999808.0,-1.0548633337020874
4955937280.0,-1.048732876777649
4956874752.0,-1.0451514720916748
4957812736.0,-1.0416948795318604
4958750208.0,-1.0381426811218262
4959687680.0,-1.037359356880188
4960625152.0,-1.0355972051620483
4961562624.0,-1.0332392454147339
4962500096.0,-1.0305321216583252
4963437568.0,-1.0255271196365356
4964375040.0,-1.0208008289337158
4965312512.0,-1.0137091875076294
4966249984.0,-1.0067932605743408
4967187456.0,-0.9996480941772461
4968124928.0,-0.9905697703361511
4969062400.0,-0.981730580329895
4969999872.0,-0.9713211059570312
4970937344.0,-0.9611098766326904
4971874816.0,-0.9517208337783813
4972812288.0,-0.9416549205780029
4973749760.0,-0.9327480792999268
4974687744.0,-0.9237329363822937
4975625216.0,-0.9144665002822876
4976562688.0,-0.9061606526374817
4977500160.0,-0.897919237613678
4978437632.0,-0.8907026648521423
4979375104.0,-0.8834086060523987
4980312576.0,-0.875171422958374
4981250048.0,-0.8672420978546143
4982187520.0,-0.8582332134246826
4983124992.0,-0.8495056629180908
4984062464.0,-0.8401206731796265
4984999936.0,-0.829987645149231
4985937408.0,-0.8096595406532288
4986874880.0,-0.7988754510879517
4987812352.0,-0.7905367016792297
4988749824.0,-0.7830603122711182
4989687296.0,-0.777073323726654
4990624768.0,-0.7720814943313599
4991562752.0,-0.7689963579177856
4992500224.0,-0.7672189474105835
4993437696.0,-0.7669321298599243
4994375168.0,-0.7670854926109314
4995312640.0,-0.7684820294380188
4996250112.0,-0.7708017230033875
4997187584.0,-0.774649977684021
4998125056.0,-0.7801380157470703
4999062528.0,-0.7872436046600342
5000000000.0,-0.7946802973747253
5000937472.0,-0.8021835684776306
5001874944.0,-0.811465859413147
5002812416.0,-0.8197609186172485
5003749888.0,-0.8264965415000916
5004687360.0,-0.8353626728057861
5005624832.0,-0.8421133756637573
5006562304.0,-0.8467937707901001
5007499776.0,-0.8507688641548157
5008437248.0,-0.853577196598053
5009375232.0,-0.8536809086799622
5010312704.0,-0.8518629670143127
5011250176.0,-0.8467034101486206
5012187648.0,-0.839928388595581
5013125120.0,-0.8308461308479309
5014062592.0,-0.817825973033905
5015000064.0,-0.8037773370742798
5015937536.0,-0.7864290475845337
5016875008.0,-0.7668172121047974
5017812480.0,-0.7454373240470886
5018749952.0,-0.7214374542236328
5019687424.0,-0.6958377957344055
5020624896.0,-0.6681286692619324
5021562368.0,-0.638062059879303
5022499840.0,-0.6082308888435364
5023437312.0,-0.5778331756591797
5024374784.0,-0.5460169315338135
5025312256.0,-0.5139036774635315
5026250240.0,-0.48286712169647217
5027187712.0,-0.45300427079200745
5028125184.0,-0.4224638342857361
5029062656.0,-0.39547157287597656
5030000128.0,-0.36843910813331604
5030937600.0,-0.3433472812175751
5031875072.0,-0.3215809762477875
5032812544.0,-0.3004743158817291
5033750016.0,-0.28295764327049255
5034687488.0,-0.2687443196773529
5035624960.0,-0.2567915618419647
5036562432.0,-0.24804404377937317
5037499904.0,-0.2429884970188141
5038437376.0,-0.24144823849201202
5039374848.0,-0.24270059168338776
5040312320.0,-0.2473352998495102
5041249792.0,-0.25389015674591064
5042187264.0,-0.2642173767089844
5043125248.0,-0.27661821246147156
5044062720.0,-0.29216694831848145
5045000192.0,-0.31079867482185364
5045937664.0,-0.578033447265625
5046875136.0,-0.5863226056098938
5047812608.0,-0.5954028367996216
5048750080.0,-0.605579674243927
5049687552.0,-0.6150041222572327
5050625024.0,-0.6240463852882385
5051562496.0,-0.6334993243217468
5052499968.0,-0.642342746257782
5053437440.0,-0.6513755321502686
5054374912.0,-0.6597718596458435
5055312384.0,-0.666767418384552
5056249856.0,-0.6742271780967712
5057187328.0,-0.680079996585846
5058124800.0,-0.6854994297027588
5059062272.0,-0.6891874074935913
5059999744.0,-0.6916706562042236
5060937728.0,-0.6927133798599243
5061875200.0,-0.6926688551902771
5062812672.0,-0.6915827989578247
5063750144.0,-0.6880195736885071
5064687616.0,-0.6833454966545105
5065625088.0,-0.6765099763870239
5066562560.0,-0.6681694984436035
5067500032.0,-0.656964898109436
5068437504.0,-0.6441365480422974
5069374976.0,-0.6288434267044067
5070312448.0,-0.6121605038642883
5071249920.0,-0.5949041843414307
5072187392.0,-0.5754939317703247
5073124864.0,-0.554348349571228
5074062336.0,-0.5334015488624573
5074999808.0,-0.5107465982437134
5075937280.0,-0.48719093203544617
5076874752.0,-0.463455468416214
5077812736.0,-0.4377066493034363
5078750208.0,-0.4121531844139099
5079687680.0,-0.38580361008644104
5080625152.0,-0.36138680577278137
5081562624.0,-0.336973637342453
5082500096.0,-0.31402868032455444
5083437568.0,-0.290292888879776
5084375040.0,-0.27028515934944153
5085312512.0,-0.2528367042541504
5086249984.0,-0.23575471341609955
5087187456.0,-0.22113828361034393
5088124928.0,-0.2101190686225891
5089062400.0,-0.20008984208106995
5089999872.0,-0.19301879405975342
5090937344.0,-0.1886451244354248
5091874816.0,-0.1871129721403122
5092812288.0,-0.18804527819156647
5093749760.0,-0.19138415157794952
5094687744.0,-0.1975908875465393
5095625216.0,-0.2069854438304901
5096562688.0,-0.2175380140542984
5097500160.0,-0.23039475083351135
5098437632.0,-0.24681881070137024
5099375104.0,-0.2641121447086334
5100312576.0,-0.28335416316986084
5101250048.0,-0.3051472306251526
5102187520.0,-0.327230840921402
5103124992.0,-0.3514212369918823
5104062464.0,-0.3757275938987732
5104999936.0,-0.40075623989105225
5105937408.0,-0.49488088488578796
5106874880.0,-0.512908935546875
5107812352.0,-0.5291591882705688
5108749824.0,-0.5441547632217407
5109687296.0,-0.557427167892456
5110624768.0,-0.5677745938301086
5111562752.0,-0.5764442682266235
5112500224.0,-0.5831427574157715
5113437696.0,-0.5887469053268433
5114375168.0,-0.5917493104934692
5115312640.0,-0.5915988087654114
5116250112.0,-0.5914987325668335
5117187584.0,-0.5899643898010254
5118125056.0,-0.5858238935470581
5119062528.0,-0.581317126750946
5120000000.0,-0.5758877992630005
5120937472.0,-0.5691165924072266
5121874944.0,-0.5621159672737122
5122812416.0,-0.5552805066108704
5123749888.0,-0.5481422543525696
5124687360.0,-0.5400769710540771
5125624832.0,-0.5326215624809265
5126562304.0,-0.5240957736968994
5127499776.0,-0.5171644687652588
5128437248.0,-0.5074980854988098
5129375232.0,-0.4976949989795685
5130312704.0,-0.48738428950309753
5131250176.0,-0.47706571221351624
5132187648.0,-0.4643629193305969
5133125120.0,-0.44955286383628845
5134062592.0,-0.4353846609592438
5135000064.0,-0.41846656799316406
5135937536.0,-0.4007629156112671
5136875008.0,-0.38268518447875977
5137812480.0,-0.3640545606613159
5138749952.0,-0.34517744183540344
5139687424.0,-0.32771068811416626
5140624896.0,-0.3109409809112549
5141562368.0,-0.2953629791736603
5142499840.0,-0.28211674094200134
5143437312.0,-0.2704823911190033
5144374784.0,-0.26364198327064514
5145312256.0,-0.262577086687088
5146250240.0,-0.26855361461639404
5147187712.0,-0.27861589193344116
5148125184.0,-0.2941231429576874
5149062656.0,-0.31168144941329956
5150000128.0,-0.33199334144592285
5150937600.0,-0.35227036476135254
5151875072.0,-0.3727155923843384
5152812544.0,-0.39312079548835754
5153750016.0,-0.4129507839679718
5154687488.0,-0.43208926916122437
5155624960.0,-0.4499206244945526
5156562432.0,-0.4654010534286499
5157499904.0,-0.4786202609539032
5158437376.0,-0.4922044575214386
5159374848.0,-0.5031173825263977
5160312320.0,-0.5132387280464172
5161249792.0,-0.521994411945343
5162187264.0,-0.5299882888793945
5163125248.0,-0.5381091237068176
5164062720.0,-0.5451199412345886
5165000192.0,-0.5523675084114075
5165937664.0,-0.5591623187065125
5166875136.0,-0.5731291770935059
5167812608.0,-0.5885744690895081
5168750080.0,-0.6043123602867126
5169687552.0,-0.620383083820343
5170625024.0,-0.6367100477218628
5171562496.0,-0.6535345315933228
5172499968.0,-0.6709282398223877
5173437440.0,-0.686653196811676
5174374912.0,-0.7017472386360168
5175312384.0,-0.7171545624732971
5176249856.0,-0.7292214035987854
5177187328.0,-0.7388798594474792
5178124800.0,-0.7465497255325317
5179062272.0,-0.75235915184021
5180000256.0,-0.755778431892395
5180937728.0,-0.7568500638008118
5181875200.0,-0.7532872557640076
5182812672.0,-0.7476415038108826
5183750144.0,-0.7401103377342224
5184687616.0,-0.7299392819404602
5185625088.0,-0.7166957855224609
5186562560.0,-0.7016514539718628
5187500032.0,-0.6853416562080383
5188437504.0,-0.6656659841537476
5189374976.0,-0.6449937224388123
5190312448.0,-0.6234484910964966
5191249920.0,-0.6003280282020569
5192187392.0,-0.5766329765319824
5193124864.0,-0.5527709722518921
5194062336.0,-0.5293914675712585
5194999808.0,-0.5062475800514221
5195937280.0,-0.48418256640434265
5196874752.0,-0.462289035320282
5197812736.0,-0.44154587388038635
5198750208.0,-0.4227808713912964
5199687680.0,-0.40510523319244385
5200625152.0,-0.3885612189769745
5201562624.0,-0.3755021393299103
5202500096.0,-0.3641691505908966
5203437568.0,-0.35436996817588806
5204375040.0,-0.35015732049942017
5205312512.0,-0.3478676676750183
5206249984.0,-0.3484211266040802
5207187456.0,-0.35182592272758484
5208124928.0,-0.3586186170578003
5209062400.0,-0.3681197762489319
5209999872.0,-0.38008353114128113
5210937344.0,-0.3952547609806061
5211874816.0,-0.41297024488449097
5212812288.0,-0.4327917993068695
5213749760.0,-0.4543892741203308
5214687744.0,-0.4779036045074463
5215625216.0,-0.5021950602531433
5216562688.0,-0.5269780158996582
5217500160.0,-0.5533208847045898
5218437632.0,-0.5803154110908508
5219375104.0,-0.6083097457885742
5220312576.0,-0.6363274455070496
5221250048.0,-0.6641480326652527
5222187520.0,-0.6922392249107361
5223124992.0,-0.7194350361824036
5224062464.0,-0.747187077999115
5224999936.0,-0.7719852924346924
5225937408.0,-0.8223253488540649
5226874880.0,-0.8462316393852234
5227812352.0,-0.8702929019927979
5228749824.0,-0.8903766870498657
5229687296.0,-0.9073392152786255
5230624768.0,-0.9238759875297546
5231562752.0,-0.9366592168807983
5232500224.0,-0.9473069310188293
5233437696.0,-0.955649197101593
5234375168.0,-0.960883617401123
5235312640.0,-0.9627005457878113
5236250112.0,-0.9654936194419861
5237187584.0,-0.9643065929412842
5238125056.0,-0.9602854251861572
5239062528.0,-0.9543627500534058
5240000000.0,-0.9485350251197815
5240937472.0,-0.9389553070068359
5241874944.0,-0.9266725778579712
5242812416.0,-0.9133661985397339
5243749888.0,-0.8997151851654053
5244687360.0,-0.8839769959449768
5245624832.0,-0.8696774840354919
5246562304.0,-0.8548313975334167
5247499776.0,-0.8404814004898071
5248437248.0,-0.8257861137390137
5249375232.0,-0.812086284160614
5250312704.0,-0.7961849570274353
5251250176.0,-0.7823576927185059
5252187648.0,-0.7684999108314514
5253125120.0,-0.7550825476646423
5254062592.0,-0.743035078048706
5255000064.0,-0.7318097352981567
5255937536.0,-0.7226430177688599
5256875008.0,-0.7157691717147827
5257812480.0,-0.7099252343177795
5258749952.0,-0.7044463753700256
5259687424.0,-0.701566219329834
5260624896.0,-0.7006089687347412
5261562368.0,-0.7030713558197021
5262499840.0,-0.7062076330184937
5263437312.0,-0.7104482054710388
5264374784.0,-0.7186381816864014
5265312256.0,-0.72909015417099
5266250240.0,-0.7408095002174377
5267187712.0,-0.7563577890396118
5268125184.0,-0.7734633088111877
5269062656.0,-0.7918769121170044
5270000128.0,-0.8128724694252014
5270937600.0,-0.8345143795013428
5271875072.0,-0.8589553833007812
5272812544.0,-0.8846687078475952
5273750016.0,-0.9136717319488525
5274687488.0,-0.9431765079498291
5275624960.0,-0.9763990044593811
5276562432.0,-1.0104304552078247
5277499904.0,-1.047372579574585
5278437376.0,-1.0857653617858887
5279374848.0,-1.124839186668396
5280312320.0,-1.165122628211975
5281249792.0,-1.2065670490264893
5282187264.0,-1.2475371360778809
5283125248.0,-1.2884392738342285
5284062720.0,-1.3282618522644043
5285000192.0,-1.3669536113739014
5285937664.0,-1.394799828529358
5286875136.0,-1.4282405376434326
5287812608.0,-1.4578298330307007
5288750080.0,-1.4874929189682007
5289687552.0,-1.5127418041229248
5290625024.0,-1.5370676517486572
5291562496.0,-1.5585201978683472
5292499968.0,-1.5776011943817139
5293437440.0,-1.5929876565933228
5294374912.0,-1.603702187538147
5295312384.0,-1.6114411354064941
5296249856.0,-1.6161564588546753
5297187328.0,-1.6174710988998413
5298124800.0,-1.6167162656784058
5299062272.0,-1.6131898164749146
5299999744.0,-1.6081929206848145
5300937728.0,-1.6001381874084473
5301875200.0,-1.5896403789520264
5302812672.0,-1.5775542259216309
5303750144.0,-1.5625135898590088
5304687616.0,-1.546204924583435
5305625088.0,-1.5312031507492065
5306562560.0,-1.5152065753936768
5307500032.0,-1.4995619058609009
5308437504.0,-1.4841227531433105
5309374976.0,-1.4690548181533813
5310312448.0,-1.4554892778396606
5311249920.0,-1.4417839050292969
5312187392.0,-1.4297571182250977
5313124864.0,-1.418613076210022
5314062336.0,-1.4082566499710083
5314999808.0,-1.3999072313308716
5315937280.0,-1.3944860696792603
5316874752.0,-1.3911175727844238
5317812736.0,-1.390106201171875
5318750208.0,-1.3920143842697144
5319687680.0,-1.3969358205795288
5320625152.0,-1.402305245399475
5321562624.0,-1.4108012914657593
5322500096.0,-1.4205212593078613
5323437568.0,-1.4339710474014282
5324375040.0,-1.4502536058425903
5325312512.0,-1.470427393913269
5326249984.0,-1.4923096895217896
5327187456.0,-1.5185545682907104
5328124928.0,-1.5458675622940063
5329062400.0,-1.5764836072921753
5329999872.0,-1.6118626594543457
5330937344.0,-1.650329351425171
5331874816.0,-1.6900825500488281
5332812288.0,-1.7603627443313599
5333749760.0,-1.8100892305374146
5334687744.0,-1.8609601259231567
5335625216.0,-1.913040280342102
5336562688.0,-1.9666659832000732
5337500160.0,-2.0210373401641846
5338437632.0,-2.0774714946746826
5339375104.0,-2.1341679096221924
5340312576.0,-2.191802740097046
5341250048.0,-2.2500269412994385
5342187520.0,-2.307864189147949
5343124992.0,-2.3644473552703857
5344062464.0,-2.419482707977295
5344999936.0,-2.472578525543213
5345937408.0,-2.411935329437256
5346874880.0,-2.4426262378692627
5347812352.0,-2.47040057182312
5348749824.0,-2.4950437545776367
5349687296.0,-2.5155413150787354
5350624768.0,-2.533529758453369
5351562752.0,-2.5490312576293945
5352500224.0,-2.5607810020446777
5353437696.0,-2.5703823566436768
5354375168.0,-2.576266288757324
5355312640.0,-2.578556776046753
5356250112.0,-2.578266143798828
5357187584.0,-2.5728559494018555
5358125056.0,-2.5649657249450684
5359062528.0,-2.5542757511138916
5360000000.0,-2.539250373840332
5360937472.0,-2.5239484310150146
5361874944.0,-2.504000663757324
5362812416.0,-2.4828104972839355
5363749888.0,-2.460344076156616
5364687360.0,-2.436497688293457
5365624832.0,-2.411891222000122
5366562304.0,-2.387796640396118
5367499776.0,-2.361909866333008
5368437248.0,-2.3360087871551514
5369375232.0,-2.309995174407959
5370312704.0,-2.2845351696014404
5371250176.0,-2.259597063064575
5372187648.0,-2.2353076934814453
5373125120.0,-2.2125394344329834
5374062592.0,-2.18996524810791
5375000064.0,-2.1692254543304443
5375937536.0,-2.147850513458252
5376875008.0,-2.129392147064209
5377812480.0,-2.111083507537842
5378749952.0,-2.093252420425415
5379687424.0,-2.0782132148742676
5380624896.0,-2.063642740249634
5381562368.0,-2.051893711090088
5382499840.0,-2.0417652130126953
5383437312.0,-2.0340707302093506
5384374784.0,-2.0271756649017334
5385312256.0,-2.0237550735473633
5386250240.0,-2.022650718688965
5387187712.0,-2.021263599395752
5388125184.0,-2.020467758178711
5389062656.0,-2.021286964416504
5390000128.0,-2.022167921066284
5390937600.0,-2.0235400199890137
5391875072.0,-2.0251810550689697
5392812544.0,-2.0273921489715576
5393750016.0,-2.0314841270446777
5394687488.0,-2.035429000854492
5395624960.0,-2.041999101638794
5396562432.0,-2.047804355621338
5397499904.0,-2.054513454437256
5398437376.0,-2.0594682693481445
5399374848.0,-2.0647690296173096
5400312320.0,-2.0687503814697266
5401249792.0,-2.0732033252716064
5402187264.0,-2.075774908065796
5403125248.0,-2.077392816543579
5404062720.0,-2.0780959129333496
5405000192.0,-2.077376365661621
5405937664.0,-2.218221426010132
5406875136.0,-2.215636968612671
5407812608.0,-2.2090039253234863
5408750080.0,-2.2005016803741455
5409687552.0,-2.19002103805542
5410625024.0,-2.1769673824310303
5411562496.0,-2.16037654876709
5412499968.0,-2.14070987701416
5413437440.0,-2.1202621459960938
5414374912.0,-2.095900535583496
5415312384.0,-2.070474863052368
5416249856.0,-2.043161630630493
5417187328.0,-2.01379132270813
5418124800.0,-1.9843984842300415
5419062272.0,-1.9534541368484497
5420000256.0,-1.9211933612823486
5420937728.0,-1.8870935440063477
5421875200.0,-1.8540033102035522
5422812672.0,-1.8187974691390991
5423750144.0,-1.7843633890151978
5424687616.0,-1.750299334526062
5425625088.0,-1.7153346538543701
5426562560.0,-1.683659315109253
5427500032.0,-1.6531356573104858
5428437504.0,-1.6238645315170288
5429374976.0,-1.5937637090682983
5430312448.0,-1.5685100555419922
5431249920.0,-1.5407356023788452
5432187392.0,-1.516676664352417
5433124864.0,-1.492954969406128
5434062336.0,-1.4700045585632324
5434999808.0,-1.4482420682907104
5435937280.0,-1.4286720752716064
5436874752.0,-1.4093683958053589
5437812736.0,-1.3914375305175781
5438750208.0,-1.3759005069732666
5439687680.0,-1.361722707748413
5440625152.0,-1.3480178117752075
5441562624.0,-1.336607813835144
5442500096.0,-1.3251920938491821
5443437568.0,-1.3168280124664307
5444375040.0,-1.310036063194275
5445312512.0,-1.303868293762207
5446249984.0,-1.298569917678833
5447187456.0,-1.2965211868286133
5448124928.0,-1.2962450981140137
5449062400.0,-1.2965484857559204
5449999872.0,-1.2998594045639038
5450937344.0,-1.3024113178253174
5451874816.0,-1.3079942464828491
5452812288.0,-1.3153433799743652
5453749760.0,-1.321737289428711
5454687744.0,-1.331517219543457
5455625216.0,-1.3397389650344849
5456562688.0,-1.3506758213043213
5457500160.0,-1.3614487648010254
5458437632.0,-1.3726658821105957
5459375104.0,-1.3839561939239502
5460312576.0,-1.394075632095337
5461250048.0,-1.4036074876785278
5462187520.0,-1.4126399755477905
5463124992.0,-1.4199113845825195
5464062464.0,-1.4263548851013184
5464999936.0,-1.4308295249938965
5465937408.0,-1.4390888214111328
5466874880.0,-1.439856767654419
5467812352.0,-1.4376343488693237
5468749824.0,-1.4331084489822388
5469687296.0,-1.427355170249939
5470624768.0,-1.418431043624878
5471562752.0,-1.408103346824646
5472500224.0,-1.3946412801742554
5473437696.0,-1.380287766456604
5474375168.0,-1.3648459911346436
5475312640.0,-1.3456093072891235
5476250112.0,-1.3250075578689575
5477187584.0,-1.3032188415527344
5478125056.0,-1.278981328010559
5479062528.0,-1.2533308267593384
5480000000.0,-1.2276229858398438
5480937472.0,-1.1999391317367554
5481874944.0,-1.173222303390503
5482812416.0,-1.1450012922286987
5483749888.0,-1.116970181465149
5484687360.0,-1.0897595882415771
5485624832.0,-1.0616577863693237
5486562304.0,-1.0334820747375488
5487499776.0,-1.0072722434997559
5488437248.0,-0.9809234142303467
5489375232.0,-0.9550350904464722
5490312704.0,-0.9308987259864807
5491250176.0,-0.9052727818489075
5492187648.0,-0.8836539387702942
5493125120.0,-0.8618826270103455
5494062592.0,-0.8422470092773438
5495000064.0,-0.8246950507164001
5495937536.0,-0.8090246915817261
5496875008.0,-0.7959418296813965
5497812480.0,-0.7833020687103271
5498749952.0,-0.7743929028511047
5499687424.0,-0.7682468891143799
5500624896.0,-0.7640657424926758
5501562368.0,-0.7635319828987122
5502499840.0,-0.7647775411605835
5503437312.0,-0.7695818543434143
5504374784.0,-0.7772341370582581
5505312256.0,-0.7871192097663879
5506250240.0,-0.7996978759765625
5507187712.0,-0.8155035376548767
5508125184.0,-0.8338521122932434
5509062656.0,-0.8537265658378601
5510000128.0,-0.8756107091903687
5510937600.0,-0.8999750018119812
5511875072.0,-0.9280644655227661
5512812544.0,-0.9559404253959656
5513750016.0,-0.9864453077316284
5514687488.0,-1.0165232419967651
5515624960.0,-1.0493661165237427
5516562432.0,-1.0818073749542236
5517499904.0,-1.1146692037582397
5518437376.0,-1.147585391998291
5519374848.0,-1.1768687963485718
5520312320.0,-1.2063168287277222
5521249792.0,-1.233046293258667
5522187264.0,-1.2561832666397095
5523125248.0,-1.27765953540802
5524062720.0,-1.2964448928833008
5525000192.0,-1.3100614547729492
5525937664.0,-1.145120620727539
5526875136.0,-1.1504342555999756
5527812608.0,-1.1544773578643799
5528750080.0,-1.156242847442627
5529687552.0,-1.1573631763458252
5530625024.0,-1.1570247411727905
5531562496.0,-1.1537754535675049
5532499968.0,-1.1492866277694702
5533437440.0,-1.1420849561691284
5534374912.0,-1.1333088874816895
5535312384.0,-1.1236165761947632
5536249856.0,-1.1128642559051514
5537187328.0,-1.1009862422943115
5538124800.0,-1.086843729019165
5539062272.0,-1.073559045791626
5539999744.0,-1.0588613748550415
5540937728.0,-1.0440912246704102
5541875200.0,-1.0279706716537476
5542812672.0,-1.0129046440124512
5543750144.0,-0.998284637928009
5544687616.0,-0.9812726974487305
5545625088.0,-0.9667906761169434
5546562560.0,-0.9527641534805298
5547500032.0,-0.937933623790741
5548437504.0,-0.9241043329238892
5549374976.0,-0.9115136861801147
5550312448.0,-0.9003468751907349
5551249920.0,-0.8903781175613403
5552187392.0,-0.8807858824729919
5553124864.0,-0.8726377487182617
5554062336.0,-0.8669053316116333
5554999808.0,-0.8632843494415283
5555937280.0,-0.8616125583648682
5556874752.0,-0.8615779280662537
5557812736.0,-0.8640848994255066
5558750208.0,-0.8692370653152466
5559687680.0,-0.8762280344963074
5560625152.0,-0.8862296342849731
5561562624.0,-0.8985316753387451
5562500096.0,-0.9137353301048279
5563437568.0,-0.9324808716773987
5564375040.0,-0.9521769881248474
5565312512.0,-0.9767799377441406
5566249984.0,-0.9995191693305969
5567187456.0,-1.026228666305542
5568124928.0,-1.0555064678192139
5569062400.0,-1.085471272468567
5569999872.0,-1.1164376735687256
5570937344.0,-1.147066354751587
5571874816.0,-1.177078127861023
5572812288.0,-1.2073540687561035
5573749760.0,-1.235815405845642
5574687744.0,-1.264320731163025
5575625216.0,-1.2896687984466553
5576562688.0,-1.313032865524292
5577500160.0,-1.3350385427474976
5578437632.0,-1.3545594215393066
5579375104.0,-1.369938850402832
5580312576.0,-1.3830628395080566
5581250048.0,-1.3943575620651245
5582187520.0,-1.4016810655593872
5583124992.0,-1.4065580368041992
5584062464.0,-1.4084919691085815
5584999936.0,-1.4074989557266235
5585937408.0,-1.3312464952468872
5586874880.0,-1.3377299308776855
5587812352.0,-1.343056321144104
5588749824.0,-1.3473035097122192
5589687296.0,-1.3503996133804321
5590624768.0,-1.3530304431915283
5591562752.0,-1.3536649942398071
5592500224.0,-1.3545329570770264
5593437696.0,-1.3535512685775757
5594375168.0,-1.3514552116394043
5595312640.0,-1.3499525785446167
5596250112.0,-1.3455193042755127
5597187584.0,-1.342385172843933
5598125056.0,-1.3387099504470825
5599062528.0,-1.3332445621490479
5600000000.0,-1.3281399011611938
5600937472.0,-1.323117733001709
5601874944.0,-1.3167235851287842
5602812416.0,-1.310152292251587
5603749888.0,-1.305344581604004
5604687360.0,-1.298966884613037
5605624832.0,-1.2924046516418457
5606562304.0,-1.286057949066162
5607499776.0,-1.2796680927276611
5608437248.0,-1.2743842601776123
5609375232.0,-1.2688982486724854
5610312704.0,-1.2632873058319092
5611250176.0,-1.2584260702133179
5612187648.0,-1.252785325050354
5613125120.0,-1.246789813041687
5614062592.0,-1.2422083616256714
5615000064.0,-1.237048864364624
5615937536.0,-1.2332191467285156
5616875008.0,-1.2298693656921387
5617812480.0,-1.2247765064239502
5618749952.0,-1.2231365442276
5619687424.0,-1.2189093828201294
5620624896.0,-1.2171878814697266
5621562368.0,-1.214616060256958
5622499840.0,-1.2130361795425415
5623437312.0,-1.211422324180603
5624374784.0,-1.2095818519592285
5625312256.0,-1.2073729038238525
5626250240.0,-1.2073181867599487
5627187712.0,-1.2055596113204956
5628125184.0,-1.2035681009292603
5629062656.0,-1.201486587524414
5630000128.0,-1.1994551420211792
5630937600.0,-1.1969515085220337
5631875072.0,-1.1952943801879883
5632812544.0,-1.1930879354476929
5633750016.0,-1.1883589029312134
5634687488.0,-1.1843010187149048
5635624960.0,-1.1791075468063354
5636562432.0,-1.172616720199585
5637499904.0,-1.165122628211975
5638437376.0,-1.1568721532821655
5639374848.0,-1.148429036140442
5640312320.0,-1.138537049293518
5641249792.0,-1.1295114755630493
5642187264.0,-1.118639588356018
5643125248.0,-1.1078071594238281
5644062720.0,-1.0956875085830688
5645000192.0,-1.0832113027572632
5645937664.0,-1.0778625011444092
5646875136.0,-1.0621684789657593
5647812608.0,-1.045162558555603
5648750080.0,-1.0289502143859863
5649687552.0,-1.0102943181991577
5650625024.0,-0.9918978810310364
5651562496.0,-0.9718322157859802
5652499968.0,-0.9516369104385376
5653437440.0,-0.9323080778121948
5654374912.0,-0.9111558198928833
5655312384.0,-0.8887270092964172
5656249856.0,-0.8665829300880432
5657187328.0,-0.8454951643943787
5658124800.0,-0.8225758671760559
5659062272.0,-0.8006336688995361
5660000256.0,-0.7777641415596008
5660937728.0,-0.7554932236671448
5661875200.0,-0.7337906360626221
5662812672.0,-0.7125387787818909
5663750144.0,-0.6915050745010376
5664687616.0,-0.6713264584541321
5665625088.0,-0.6528155207633972
5666562560.0,-0.6361058354377747
5667500032.0,-0.6204911470413208
5668437504.0,-0.6067464351654053
5669374976.0,-0.5933439135551453
5670312448.0,-0.5820692777633667
5671249920.0,-0.5723026394844055
5672187392.0,-0.5636786818504333
5673124864.0,-0.55855393409729
5674062336.0,-0.5530968904495239
5674999808.0,-0.5505284667015076
5675937280.0,-0.5481216311454773
5676874752.0,-0.5473682880401611
5677812736.0,-0.5479884743690491
5678750208.0,-0.5499942302703857
5679687680.0,-0.5531207919120789
5680625152.0,-0.5553677082061768
5681562624.0,-0.5582117438316345
5682500096.0,-0.5611727833747864
5683437568.0,-0.5646195411682129
5684375040.0,-0.5678012371063232
5685312512.0,-0.5720222592353821
5686249984.0,-0.574000358581543
5687187456.0,-0.5758706331253052
5688124928.0,-0.5786513090133667
5689062400.0,-0.5790095329284668
5689999872.0,-0.5794451832771301
5690937344.0,-0.5773249864578247
5691874816.0,-0.5755340456962585
5692812288.0,-0.5706986784934998
5693749760.0,-0.5658028721809387
5694687744.0,-0.5580441951751709
5695625216.0,-0.5489054322242737
5696562688.0,-0.5380343198776245
5697500160.0,-0.5268911123275757
5698437632.0,-0.5148434638977051
5699375104.0,-0.5000160932540894
5700312576.0,-0.48526716232299805
5701250048.0,-0.4717639684677124
5702187520.0,-0.4577173590660095
5703124992.0,-0.4430963099002838
5704062464.0,-0.4284336566925049
5704999936.0,-0.41436567902565
5705937408.0,-0.3819642961025238
5706874880.0,-0.3807779848575592
5707812352.0,-0.37826716899871826
5708749824.0,-0.37716248631477356
5709687296.0,-0.3760870695114136
5710624768.0,-0.37396061420440674
5711562752.0,-0.37272316217422485
5712500224.0,-0.3704264760017395
5713437696.0,-0.36888062953948975
5714375168.0,-0.3669280409812927
5715312640.0,-0.3645296096801758
5716250112.0,-0.3610382676124573
5717187584.0,-0.3577106297016144
5718125056.0,-0.3536997139453888
5719062528.0,-0.3476034104824066
5720000000.0,-0.33984294533729553
5720937472.0,-0.3339303433895111
5721874944.0,-0.3263339400291443
5722812416.0,-0.31824395060539246
5723749888.0,-0.3101854622364044
5724687360.0,-0.30073556303977966
5725624832.0,-0.29342126846313477
5726562304.0,-0.28430452942848206
5727499776.0,-0.27640223503112793
5728437248.0,-0.26936036348342896
5729375232.0,-0.2612535357475281
5730312704.0,-0.2565893828868866
5731250176.0,-0.25193795561790466
5732187648.0,-0.24946320056915283
5733125120.0,-0.24769289791584015
5734062592.0,-0.2492600530385971
5735000064.0,-0.25221914052963257
5735937536.0,-0.2565957009792328
5736875008.0,-0.2629891335964203
5737812480.0,-0.27207890152931213
5738749952.0,-0.2832062244415283
5739687424.0,-0.2951616048812866
5740624896.0,-0.3079544007778168
5741562368.0,-0.3216434717178345
5742499840.0,-0.3349458575248718
5743437312.0,-0.3475366532802582
5744374784.0,-0.3594716191291809
5745312256.0,-0.3692219853401184
5746250240.0,-0.3780759871006012
5747187712.0,-0.3847285211086273
5748125184.0,-0.38943028450012207
5749062656.0,-0.39169541001319885
5750000128.0,-0.3918207585811615
5750937600.0,-0.3881203830242157
5751875072.0,-0.3843333423137665
5752812544.0,-0.3776070475578308
5753750016.0,-0.37118199467658997
5754687488.0,-0.3632611036300659
5755624960.0,-0.35466647148132324
5756562432.0,-0.3458535969257355
5757499904.0,-0.33827394247055054
5758437376.0,-0.33091142773628235
5759374848.0,-0.3225085437297821
5760312320.0,-0.3177921772003174
5761249792.0,-0.3116430342197418
5762187264.0,-0.3081238567829132
5763125248.0,-0.30591243505477905
5764062720.0,-0.3033030927181244
5765000192.0,-0.3012017607688904
5765937664.0,-0.22520650923252106
5766875136.0,-0.22830446064472198
5767812608.0,-0.23303279280662537
5768750080.0,-0.23788724839687347
5769687552.0,-0.24325300753116608
5770625024.0,-0.24840976297855377
5771562496.0,-0.2535203993320465
5772499968.0,-0.2611761689186096
5773437440.0,-0.2674526274204254
5774374912.0,-0.2745872437953949
5775312384.0,-0.28265896439552307
5776249856.0,-0.2894708514213562
5777187328.0,-0.2964420020580292
5778124800.0,-0.3034456670284271
5779062272.0,-0.31054437160491943
5779999744.0,-0.31671205163002014
5780937728.0,-0.3236859440803528
5781875200.0,-0.3303059935569763
5782812672.0,-0.3368612825870514
5783750144.0,-0.3420553207397461
5784687616.0,-0.3462698757648468
5785625088.0,-0.3509211838245392
5786562560.0,-0.35452914237976074
5787500032.0,-0.35697394609451294
5788437504.0,-0.3592134416103363
5789374976.0,-0.35814180970191956
5790312448.0,-0.3573528826236725
5791249920.0,-0.35336679220199585
5792187392.0,-0.35028332471847534
5793124864.0,-0.34680959582328796
5794062336.0,-0.3418183922767639
5794999808.0,-0.3357608914375305
5795937280.0,-0.3280826508998871
5796874752.0,-0.32131797075271606
5797812736.0,-0.311994731426239
5798750208.0,-0.3020947575569153
5799687680.0,-0.29177266359329224
5800625152.0,-0.2803109288215637
5801562624.0,-0.26814502477645874
5802500096.0,-0.2551431655883789
5803437568.0,-0.2418127954006195
5804375040.0,-0.2282799929380417
5805312512.0,-0.21364521980285645
5806249984.0,-0.1982271820306778
5807187456.0,-0.18300817906856537
5808124928.0,-0.16795361042022705
5809062400.0,-0.15174569189548492
5809999872.0,-0.13700954616069794
5810937344.0,-0.12170294672250748
5811874816.0,-0.10720884054899216
5812812288.0,-0.09179845452308655
5813749760.0,-0.07737578451633453
5814687744.0,-0.06388763338327408
5815625216.0,-0.050613924860954285
5816562688.0,-0.03728568181395531
5817500160.0,-0.025246648117899895
5818437632.0,-0.01397491805255413
5819375104.0,-0.003184444736689329
5820312576.0,0.008140945807099342
5821250048.0,0.01714957132935524
5822187520.0,0.026257731020450592
5823124992.0,0.033393021672964096
5824062464.0,0.04092264547944069
5824999936.0,0.04746556282043457
5825937408.0,-0.13749927282333374
5826874880.0,-0.14262817800045013
5827812352.0,-0.14495287835597992
5828749824.0,-0.14761264622211456
5829687296.0,-0.1474081128835678
5830624768.0,-0.14625169336795807
5831562752.0,-0.14562615752220154
5832500224.0,-0.14292658865451813
5833437696.0,-0.14077726006507874
5834375168.0,-0.13709737360477448
5835312640.0,-0.1337486207485199
5836250112.0,-0.13069403171539307
5837187584.0,-0.12687592208385468
5838125056.0,-0.12428607046604156
5839062528.0,-0.12200728803873062
5840000000.0,-0.12106136232614517
5840937472.0,-0.12219741940498352
5841874944.0,-0.12324315309524536
5842812416.0,-0.1262330412864685
5843749888.0,-0.12971043586730957
5844687360.0,-0.13423319160938263
5845624832.0,-0.13943323493003845
5846562304.0,-0.14609985053539276
5847499776.0,-0.15360891819000244
5848437248.0,-0.16226842999458313
5849375232.0,-0.17115308344364166
5850312704.0,-0.18006016314029694
5851250176.0,-0.18919600546360016
5852187648.0,-0.199110209941864
5853125120.0,-0.2100001573562622
5854062592.0,-0.22051626443862915
5855000064.0,-0.23092743754386902
5855937536.0,-0.23986555635929108
5856875008.0,-0.24833719432353973
5857812480.0,-0.254454106092453
5858749952.0,-0.26069459319114685
5859687424.0,-0.2655802071094513
5860624896.0,-0.268607497215271
5861562368.0,-0.26828935742378235
5862499840.0,-0.2650976777076721
5863437312.0,-0.2615448236465454
5864374784.0,-0.25609463453292847
5865312256.0,-0.24873124063014984
5866250240.0,-0.24066582322120667
5867187712.0,-0.23123151063919067
5868125184.0,-0.21945737302303314
5869062656.0,-0.20648901164531708
5870000128.0,-0.19418759644031525
5870937600.0,-0.18098564445972443
5871875072.0,-0.16883261501789093
5872812544.0,-0.15562975406646729
5873750016.0,-0.1437712162733078
5874687488.0,-0.1323147416114807
5875624960.0,-0.12319967895746231
5876562432.0,-0.1148652732372284
5877499904.0,-0.10818411409854889
5878437376.0,-0.10350744426250458
5879374848.0,-0.1010165810585022
5880312320.0,-0.10062909871339798
5881249792.0,-0.10225702077150345
5882187264.0,-0.1051526665687561
5883125248.0,-0.11094526201486588
5884062720.0,-0.11806827038526535
5885000192.0,-0.1258835345506668
5885937664.0,-0.06603161245584488
5886875136.0,-0.06971752643585205
5887812608.0,-0.07449911534786224
5888750080.0,-0.08113791793584824
5889687552.0,-0.08785764127969742
5890625024.0,-0.09490564465522766
5891562496.0,-0.10240480303764343
5892499968.0,-0.1098376139998436
5893437440.0,-0.11829832941293716
5894374912.0,-0.12653283774852753
5895312384.0,-0.13505329191684723
5896249856.0,-0.1433754861354828
5897187328.0,-0.1538509726524353
5898124800.0,-0.16293089091777802
5899062272.0,-0.17191632091999054
5900000256.0,-0.18069817125797272
5900937728.0,-0.19095122814178467
5901875200.0,-0.20052705705165863
5902812672.0,-0.20899268984794617
5903750144.0,-0.21915194392204285
5904687616.0,-0.2283819019794464
5905625088.0,-0.23686765134334564
5906562560.0,-0.24659781157970428
5907500032.0,-0.2541336119174957
5908437504.0,-0.26260513067245483
5909374976.0,-0.270313560962677
5910312448.0,-0.2791273891925812
5911249920.0,-0.2876698970794678
5912187392.0,-0.2946837842464447
5913124864.0,-0.3019588887691498
5914062336.0,-0.3083671033382416
5914999808.0,-0.31545522809028625
5915937280.0,-0.3204156160354614
5916874752.0,-0.3246282637119293
5917812736.0,-0.32776525616645813
5918750208.0,-0.3313313126564026
5919687680.0,-0.332599937915802
5920625152.0,-0.3338730037212372
5921562624.0,-0.33486074209213257
5922500096.0,-0.3341539800167084
5923437568.0,-0.33270880579948425
5924375040.0,-0.3298892080783844
5925312512.0,-0.32573968172073364
5926249984.0,-0.31995072960853577
5927187456.0,-0.3129693567752838
5928124928.0,-0.3057572841644287
5929062400.0,-0.29701849818229675
5929999872.0,-0.28495967388153076
5930937344.0,-0.27304354310035706
5931874816.0,-0.2604854106903076
5932812288.0,-0.24633777141571045
5933749760.0,-0.23083573579788208
5934687744.0,-0.21333202719688416
5935625216.0,-0.19645972549915314
5936562688.0,-0.17859022319316864
5937500160.0,-0.15911567211151123
5938437632.0,-0.14112353324890137
5939375104.0,-0.12253454327583313
5940312576.0,-0.10412926971912384
5941250048.0,-0.08598535507917404
5942187520.0,-0.06887292861938477
5943124992.0,-0.052299123257398605
5944062464.0,-0.038134172558784485
5944999936.0,-0.02490239590406418
5945937408.0,-0.1284933090209961
5946874880.0,-0.13828065991401672
5947812352.0,-0.14872455596923828
5948749824.0,-0.1602577567100525
5949687296.0,-0.17348581552505493
5950624768.0,-0.18816199898719788
5951562752.0,-0.20436307787895203
5952500224.0,-0.22218672931194305
5953437696.0,-0.24099306762218475
5954375168.0,-0.26062989234924316
5955312640.0,-0.2800455093383789
5956250112.0,-0.3002175986766815
5957187584.0,-0.31939688324928284
5958125056.0,-0.3393544852733612
5959062528.0,-0.3579813241958618
5960000000.0,-0.37606292963027954
5960937472.0,-0.39232736825942993
5961874944.0,-0.4086398780345917
5962812416.0,-0.42331233620643616
5963749888.0,-0.43507838249206543
5964687360.0,-0.4445895850658417
5965624832.0,-0.4499155580997467
5966562304.0,-0.45417049527168274
5967499776.0,-0.4550594091415405
5968437248.0,-0.4508652985095978
5969375232.0,-0.4437618553638458
5970312704.0,-0.4351443946361542
5971250176.0,-0.4224405586719513
5972187648.0,-0.4066149592399597
5973125120.0,-0.38876965641975403
5974062592.0,-0.36947667598724365
5975000064.0,-0.34815070033073425
5975937536.0,-0.3256213068962097
5976875008.0,-0.29925453662872314
5977812480.0,-0.27464184165000916
5978749952.0,-0.25010865926742554
5979687424.0,-0.22648634016513824
5980624896.0,-0.2027457058429718
5981562368.0,-0.1810271143913269
5982499840.0,-0.16083109378814697
5983437312.0,-0.1428697109222412
5984374784.0,-0.12593482434749603
5985312256.0,-0.11294729262590408
5986250240.0,-0.10220127552747726
5987187712.0,-0.09343407303094864
5988125184.0,-0.08740904182195663
5989062656.0,-0.08526990562677383
5990000128.0,-0.08443633466959
5990937600.0,-0.08551351726055145
5991875072.0,-0.08848903328180313
5992812544.0,-0.09396033734083176
5993750016.0,-0.10085037350654602
5994687488.0,-0.10822314023971558
5995624960.0,-0.11619515717029572
5996562432.0,-0.1241685152053833
5997499904.0,-0.13374023139476776
5998437376.0,-0.1424473226070404
5999374848.0,-0.1512678861618042
6000312320.0,-0.16067859530448914
6001249792.0,-0.16812366247177124
6002187264.0,-0.17681743204593658
6003125248.0,-0.18226245045661926
6004062720.0,-0.18900857865810394
6005000192.0,-0.14980901777744293
6005937664.0,-0.15749947726726532
6006875136.0,-0.16682656109333038
6007812608.0,-0.17444752156734467
6008750080.0,-0.18417483568191528
6009687552.0,-0.19439734518527985
6010625024.0,-0.20581530034542084
6011562496.0,-0.21755371987819672
6012499968.0,-0.22930574417114258
6013437440.0,-0.24275025725364685
6014374912.0,-0.2553333640098572
6015312384.0,-0.26949620246887207
6016249856.0,-0.2842329740524292
6017187328.0,-0.2970871031284332
6018124800.0,-0.31020569801330566
6019062272.0,-0.32413405179977417
6019999744.0,-0.3367942273616791
6020937728.0,-0.34896519780158997
6021875200.0,-0.36085137724876404
6022812672.0,-0.37044137716293335
6023750144.0,-0.38021114468574524
6024687616.0,-0.38744083046913147
6025625088.0,-0.3943765163421631
6026562560.0,-0.39991089701652527
6027500032.0,-0.40212783217430115
6028437504.0,-0.40400171279907227
6029374976.0,-0.4033968448638916
6030312448.0,-0.40153050422668457
6031249920.0,-0.39755526185035706
6032187392.0,-0.3929242193698883
6033124864.0,-0.38532307744026184
6034062336.0,-0.3785415291786194
6034999808.0,-0.36941754817962646
6035937280.0,-0.35879603028297424
6036874752.0,-0.34805646538734436
6037812736.0,-0.33594992756843567
6038750208.0,-0.3246959447860718
6039687680.0,-0.3125777244567871
6040625152.0,-0.301645427942276
6041562624.0,-0.2905600070953369
6042500096.0,-0.2800450325012207
6043437568.0,-0.26937544345855713
6044375040.0,-0.2585793137550354
6045312512.0,-0.250631183385849
6046249984.0,-0.2414906919002533
6047187456.0,-0.23347339034080505
6048124928.0,-0.22794657945632935
6049062400.0,-0.22234350442886353
6049999872.0,-0.21882356703281403
6050937344.0,-0.2152515947818756
6051874816.0,-0.21184302866458893
6052812288.0,-0.21135155856609344
6053749760.0,-0.2109222412109375
6054687744.0,-0.21154619753360748
6055625216.0,-0.21307747066020966
6056562688.0,-0.2152906358242035
6057500160.0,-0.21770749986171722
6058437632.0,-0.2211880087852478
6059375104.0,-0.22574031352996826
6060312576.0,-0.22980010509490967
6061250048.0,-0.23558780550956726
6062187520.0,-0.2407768815755844
6063124992.0,-0.2467668503522873
6064062464.0,-0.253163605928421
6064999936.0,-0.15368971228599548
6065937408.0,-0.17442865669727325
6066874880.0,-0.19507896900177002
6067812352.0,-0.21696138381958008
6068749824.0,-0.23637235164642334
6069687296.0,-0.2553538382053375
6070624768.0,-0.2752043902873993
6071562752.0,-0.2934068739414215
6072500224.0,-0.31125426292419434
6073437696.0,-0.3297409415245056
6074375168.0,-0.34769681096076965
6075312640.0,-0.36325934529304504
6076250112.0,-0.3781266510486603
6077187584.0,-0.3923889994621277
6078125056.0,-0.4036614000797272
6079062528.0,-0.4142128527164459
6080000000.0,-0.42400825023651123
6080937472.0,-0.4308634102344513
6081874944.0,-0.43859508633613586
6082812416.0,-0.4430016577243805
6083749888.0,-0.44702672958374023
6084687360.0,-0.44834384322166443
6085624832.0,-0.4470936954021454
6086562304.0,-0.44644585251808167
6087499776.0,-0.44250306487083435
6088437248.0,-0.4391080439090729
6089375232.0,-0.43449679017066956
6090312704.0,-0.428404837846756
6091250176.0,-0.42202287912368774
6092187648.0,-0.41229841113090515
6093125120.0,-0.40314316749572754
6094062592.0,-0.3915751874446869
6095000064.0,-0.3800148069858551
6095937536.0,-0.367267370223999
6096875008.0,-0.3531114459037781
6097812480.0,-0.3397432863712311
6098749952.0,-0.3260301351547241
6099687424.0,-0.31138846278190613
6100624896.0,-0.29613611102104187
6101562368.0,-0.2814468443393707
6102499840.0,-0.2670343518257141
6103437312.0,-0.25153911113739014
6104374784.0,-0.23690952360630035
6105312256.0,-0.22097136080265045
6106250240.0,-0.2074713557958603
6107187712.0,-0.19302025437355042
6108125184.0,-0.1790848821401596
6109062656.0,-0.16622629761695862
6110000128.0,-0.15329283475875854
6110937600.0,-0.13934259116649628
6111875072.0,-0.12767702341079712
6112812544.0,-0.11726532876491547
6113750016.0,-0.10715591907501221
6114687488.0,-0.09673896431922913
6115624960.0,-0.08837902545928955
6116562432.0,-0.08109672367572784
6117499904.0,-0.07455229014158249
6118437376.0,-0.07117720693349838
6119374848.0,-0.07077227532863617
6120312320.0,-0.07234574109315872
6121249792.0,-0.07457196712493896
6122187264.0,-0.08034006506204605
6123125248.0,-0.08384043723344803
6124062720.0,-0.09212233871221542
6125000192.0,-0.1454029083251953
6125937664.0,-0.16060365736484528
6126875136.0,-0.17597810924053192
6127812608.0,-0.19204020500183105
6128750080.0,-0.20770873129367828
6129687552.0,-0.22369927167892456
6130625024.0,-0.2403000146150589
6131562496.0,-0.2555943727493286
6132499968.0,-0.27287936210632324
6133437440.0,-0.28708672523498535
6134374912.0,-0.30334895849227905
6135312384.0,-0.3182791471481323
6136249856.0,-0.3343814015388489
6137187328.0,-0.3489254415035248
6138124800.0,-0.3642076253890991
6139062272.0,-0.37729495763778687
6140000256.0,-0.39089471101760864
6140937728.0,-0.40190377831459045
6141875200.0,-0.41311517357826233
6142812672.0,-0.4229455888271332
6143750144.0,-0.4323475956916809
6144687616.0,-0.4407676160335541
6145625088.0,-0.44793790578842163
6146562560.0,-0.4544389843940735
6147500032.0,-0.45791754126548767
6148437504.0,-0.46074381470680237
6149374976.0,-0.4611484706401825
6150312448.0,-0.4597737491130829
6151249920.0,-0.45664525032043457
6152187392.0,-0.4518730342388153
6153124864.0,-0.44579657912254333
6154062336.0,-0.43867141008377075
6154999808.0,-0.43088412284851074
6155937280.0,-0.42138147354125977
6156874752.0,-0.41022789478302
6157812736.0,-0.39936530590057373
6158750208.0,-0.3865743577480316
6159687680.0,-0.3735305964946747
6160625152.0,-0.3596772253513336
6161562624.0,-0.34655654430389404
6162500096.0,-0.3314320743083954
6163437568.0,-0.3171195685863495
6164375040.0,-0.3036470115184784
6165312512.0,-0.28923672437667847
6166249984.0,-0.2749803960323334
6167187456.0,-0.2610069513320923
6168124928.0,-0.24825946986675262
6169062400.0,-0.23440209031105042
6169999872.0,-0.22100622951984406
6170937344.0,-0.20667704939842224
6171874816.0,-0.1936943531036377
6172812288.0,-0.18164673447608948
6173749760.0,-0.1701233685016632
6174687744.0,-0.16058066487312317
6175625216.0,-0.15243767201900482
6176562688.0,-0.14296606183052063
6177500160.0,-0.13578863441944122
6178437632.0,-0.12990516424179077
6179375104.0,-0.1249607503414154
6180312576.0,-0.1216045394539833
6181250048.0,-0.11994964629411697
6182187520.0,-0.1201234981417656
6183124992.0,-0.12173853814601898
6184062464.0,-0.1259148120880127
6184999936.0,-0.27078938484191895
6185937408.0,-0.2867914140224457
6186874880.0,-0.3032529950141907
6187812352.0,-0.32009655237197876
6188749824.0,-0.33719953894615173
6189687296.0,-0.35388657450675964
6190624768.0,-0.3704245984554291
6191562752.0,-0.38604259490966797
6192500224.0,-0.40092745423316956
6193437696.0,-0.4136384427547455
6194375168.0,-0.427009642124176
6195312640.0,-0.43737712502479553
6196250112.0,-0.4460097551345825
6197187584.0,-0.45305177569389343
6198125056.0,-0.4580806791782379
6199062528.0,-0.4616904556751251
6200000000.0,-0.46563640236854553
6200937472.0,-0.46706071496009827
6201874944.0,-0.4694802761077881
6202812416.0,-0.4708084166049957
6203749888.0,-0.47172921895980835
6204687360.0,-0.4742901027202606
6205624832.0,-0.4762018322944641
6206562304.0,-0.48018068075180054
6207499776.0,-0.48429059982299805
6208437248.0,-0.49156585335731506
6209375232.0,-0.4985373914241791
6210312704.0,-0.5051925778388977
6211250176.0,-0.5136927366256714
6212187648.0,-0.5221368074417114
6213125120.0,-0.528424084186554
6214062592.0,-0.5333258509635925
6215000064.0,-0.534285306930542
6215937536.0,-0.5293056964874268
6216875008.0,-0.5227782726287842
6217812480.0,-0.5139413475990295
6218749952.0,-0.5050198435783386
6219687424.0,-0.49392837285995483
6220624896.0,-0.48031142354011536
6221562368.0,-0.46758177876472473
6222499840.0,-0.4546149671077728
6223437312.0,-0.44254693388938904
6224374784.0,-0.42951700091362
6225312256.0,-0.4182906448841095
6226250240.0,-0.40724265575408936
6227187712.0,-0.39728689193725586
6228125184.0,-0.38802555203437805
6229062656.0,-0.37874993681907654
6230000128.0,-0.3706933557987213
6230937600.0,-0.36379945278167725
6231875072.0,-0.3569401502609253
6232812544.0,-0.34976163506507874
6233750016.0,-0.34435009956359863
6234687488.0,-0.33897581696510315
6235624960.0,-0.3335369825363159
6236562432.0,-0.328005850315094
6237499904.0,-0.3215537965297699
6238437376.0,-0.3161204755306244
6239374848.0,-0.30942296981811523
6240312320.0,-0.3025379180908203
6241249792.0,-0.2941276431083679
6242187264.0,-0.2876737415790558
6243125248.0,-0.2805728614330292
6244062720.0,-0.27398714423179626
6245000192.0,-0.4281423091888428
6245937664.0,-0.4296149015426636
6246875136.0,-0.4325789511203766
6247812608.0,-0.4380262792110443
6248750080.0,-0.4441772699356079
6249687552.0,-0.4531799554824829
6250625024.0,-0.4648209810256958
6251562496.0,-0.47916537523269653
6252499968.0,-0.49613136053085327
6253437440.0,-0.514804482460022
6254374912.0,-0.5363456010818481
6255312384.0,-0.558816134929657
6256249856.0,-0.5831928253173828
6257187328.0,-0.6096495389938354
6258124800.0,-0.6372995972633362
6259062272.0,-0.6651681065559387
6259999744.0,-0.693134069442749
6260937728.0,-0.7201120257377625
6261875200.0,-0.7474474310874939
6262812672.0,-0.7732471823692322
6263750144.0,-0.7963611483573914
6264687616.0,-0.8174839615821838
6265625088.0,-0.8373768925666809
6266562560.0,-0.8535176515579224
6267500032.0,-0.8653280735015869
6268437504.0,-0.8744589686393738
6269374976.0,-0.8812752366065979
6270312448.0,-0.8827800750732422
6271249920.0,-0.8835090398788452
6272187392.0,-0.8799376487731934
6273124864.0,-0.8712286353111267
6274062336.0,-0.8600122928619385
6274999808.0,-0.8456166982650757
6275937280.0,-0.8266827464103699
6276874752.0,-0.8061953186988831
6277812736.0,-0.7830958962440491
6278750208.0,-0.7582875490188599
6279687680.0,-0.7316105961799622
6280625152.0,-0.7043313980102539
6281562624.0,-0.6762617230415344
6282500096.0,-0.6466689109802246
6283437568.0,-0.6169762015342712
6284375040.0,-0.5862584710121155
6285312512.0,-0.5568430423736572
6286249984.0,-0.527318000793457
6287187456.0,-0.4978218376636505
6288124928.0,-0.47095787525177
6289062400.0,-0.44533541798591614
6289999872.0,-0.4214261472225189
6290937344.0,-0.3981148898601532
6291874816.0,-0.37838640809059143
6292812288.0,-0.36059945821762085
6293749760.0,-0.34609371423721313
6294687744.0,-0.3332909941673279
6295625216.0,-0.3241221308708191
6296562688.0,-0.3212774991989136
6297500160.0,-0.3217639625072479
6298437632.0,-0.3248392343521118
6299375104.0,-0.33150678873062134
6300312576.0,-0.3416033387184143
6301250048.0,-0.3538065254688263
6302187520.0,-0.36968374252319336
6303124992.0,-0.3882157802581787
6304062464.0,-0.4080573618412018
6304999936.0,-0.5470778942108154
6305937408.0,-0.567181408405304
6306874880.0,-0.5882890820503235
6307812352.0,-0.6112133264541626
6308749824.0,-0.6366472840309143
6309687296.0,-0.6604068279266357
6310624768.0,-0.6866798400878906
6311562752.0,-0.7121659517288208
6312500224.0,-0.7375519871711731
6313437696.0,-0.7643361687660217
6314375168.0,-0.7888491749763489
6315312640.0,-0.8145740032196045
6316250112.0,-0.8391948938369751
6317187584.0,-0.8624053001403809
6318125056.0,-0.8840039968490601
6319062528.0,-0.9047296047210693
6320000000.0,-0.9234527349472046
6320937472.0,-0.9394741654396057
6321874944.0,-0.9539397954940796
6322812416.0,-0.9676253795623779
6323749888.0,-0.9763359427452087
6324687360.0,-0.9835161566734314
6325624832.0,-0.9876222014427185
6326562304.0,-0.9883599281311035
6327499776.0,-0.9876563549041748
6328437248.0,-0.9840114116668701
6329375232.0,-0.9782388210296631
6330312704.0,-0.9690698981285095
6331250176.0,-0.9578205943107605
6332187648.0,-0.945720911026001
6333125120.0,-0.931653618812561
6334062592.0,-0.9158429503440857
6335000064.0,-0.8979442119598389
6335937536.0,-0.8788952231407166
6336875008.0,-0.8590229749679565
6337812480.0,-0.8390178680419922
6338749952.0,-0.8166938424110413
6339687424.0,-0.7937039732933044
6340624896.0,-0.7711600065231323
6341562368.0,-0.7473859190940857
6342499840.0,-0.7249643802642822
6343437312.0,-0.7017807960510254
6344374784.0,-0.6790124177932739
6345312256.0,-0.6578580141067505
6346250240.0,-0.6370269656181335
6347187712.0,-0.6150214076042175
6348125184.0,-0.5954616069793701
6349062656.0,-0.5768018960952759
6350000128.0,-0.5595114231109619
6350937600.0,-0.5442650318145752
6351875072.0,-0.5299379229545593
6352812544.0,-0.5181719660758972
6353750016.0,-0.5084314942359924
6354687488.0,-0.5010895729064941
6355624960.0,-0.49578848481178284
6356562432.0,-0.49317896366119385
6357499904.0,-0.49320706725120544
6358437376.0,-0.4950332045555115
6359374848.0,-0.49968254566192627
6360312320.0,-0.5063625574111938
6361249792.0,-0.516698956489563
6362187264.0,-0.5299080610275269
6363125248.0,-0.5448359251022339
6364062720.0,-0.5624087452888489
6365000192.0,-0.8335368633270264
6365937664.0,-0.8404335975646973
6366875136.0,-0.8476517796516418
6367812608.0,-0.8557929992675781
6368750080.0,-0.8631914854049683
6369687552.0,-0.8708491325378418
6370625024.0,-0.8796848654747009
6371562496.0,-0.8896552324295044
6372499968.0,-0.8982786536216736
6373437440.0,-0.9075132608413696
6374374912.0,-0.9164841771125793
6375312384.0,-0.9254755973815918
6376249856.0,-0.9368065595626831
6377187328.0,-0.9447712898254395
6378124800.0,-0.9539240002632141
6379062272.0,-0.9613584876060486
6380000256.0,-0.9682050943374634
6380937728.0,-0.9740238785743713
6381875200.0,-0.9799200892448425
6382812672.0,-0.9847956895828247
6383750144.0,-0.9898765087127686
6384687616.0,-0.993247389793396
6385625088.0,-0.9966363906860352
6386562560.0,-0.9996459484100342
6387500032.0,-1.0019700527191162
6388437504.0,-1.0039288997650146
6389374976.0,-1.0054041147232056
6390312448.0,-1.0059964656829834
6391249920.0,-1.006210446357727
6392187392.0,-1.006109595298767
6393124864.0,-1.0057851076126099
6394062336.0,-1.0053491592407227
6394999808.0,-1.0031360387802124
6395937280.0,-1.0018137693405151
6396874752.0,-0.9984667897224426
6397812736.0,-0.9954860210418701
6398750208.0,-0.9926339983940125
6399687680.0,-0.9892005920410156
6400625152.0,-0.9870762228965759
6401562624.0,-0.984755277633667
6402500096.0,-0.9836750626564026
6403437568.0,-0.9825263619422913
6404375040.0,-0.9817745089530945
6405312512.0,-0.9822624325752258
6406249984.0,-0.982947051525116
6407187456.0,-0.9836794137954712
6408124928.0,-0.9851834177970886
6409062400.0,-0.9877159595489502
6409999872.0,-0.9927707314491272
6410937344.0,-0.9960383772850037
6411874816.0,-1.0011537075042725
6412812288.0,-1.0070228576660156
6413749760.0,-1.013766884803772
6414687744.0,-1.021530270576477
6415625216.0,-1.0274405479431152
6416562688.0,-1.03538978099823
6417500160.0,-1.0436370372772217
6418437632.0,-1.0502289533615112
6419375104.0,-1.0600756406784058
6420312576.0,-1.0682615041732788
6421250048.0,-1.075958251953125
6422187520.0,-1.0832679271697998
6423124992.0,-1.0875862836837769
6424062464.0,-1.0908315181732178
6424999936.0,-1.1075773239135742
6425937408.0,-1.1196212768554688
6426874880.0,-1.1300030946731567
6427812352.0,-1.1401121616363525
6428749824.0,-1.1473695039749146
6429687296.0,-1.1541240215301514
6430624768.0,-1.1602582931518555
6431562752.0,-1.162055492401123
6432500224.0,-1.1650947332382202
6433437696.0,-1.1646603345870972
6434375168.0,-1.1634817123413086
6435312640.0,-1.1596105098724365
6436250112.0,-1.155664324760437
6437187584.0,-1.1502342224121094
6438125056.0,-1.1433405876159668
6439062528.0,-1.1339818239212036
6440000000.0,-1.1246724128723145
6440937472.0,-1.1150305271148682
6441874944.0,-1.1031384468078613
6442812416.0,-1.0909746885299683
6443749888.0,-1.0772393941879272
6444687360.0,-1.0650819540023804
6445624832.0,-1.0523576736450195
6446562304.0,-1.0386772155761719
6447499776.0,-1.02691650390625
6448437248.0,-1.0149390697479248
6449375232.0,-1.0018768310546875
6450312704.0,-0.9912227988243103
6451250176.0,-0.9807221293449402
6452187648.0,-0.9708769917488098
6453125120.0,-0.9629256725311279
6454062592.0,-0.9547454118728638
6455000064.0,-0.9476759433746338
6455937536.0,-0.9405728578567505
6456875008.0,-0.9354885220527649
6457812480.0,-0.9299682378768921
6458749952.0,-0.9251638054847717
6459687424.0,-0.9213525056838989
6460624896.0,-0.9176211357116699
6461562368.0,-0.9136868119239807
6462499840.0,-0.9109735488891602
6463437312.0,-0.9078593850135803
6464374784.0,-0.9044548869132996
6465312256.0,-0.900313675403595
6466250240.0,-0.8971546292304993
6467187712.0,-0.8915501832962036
6468125184.0,-0.8880209922790527
6469062656.0,-0.882918119430542
6470000128.0,-0.8788642287254333
6470937600.0,-0.8742647171020508
6471875072.0,-0.8698657751083374
6472812544.0,-0.8644443154335022
6473750016.0,-0.8633073568344116
6474687488.0,-0.8599156737327576
6475624960.0,-0.8581072688102722
6476562432.0,-0.8558071851730347
6477499904.0,-0.8519827127456665
6478437376.0,-0.8488375544548035
6479374848.0,-0.8437580466270447
6480312320.0,-0.8434049487113953
6481249792.0,-0.8400821685791016
6482187264.0,-0.8379818797111511
6483125248.0,-0.836955189704895
6484062720.0,-0.8345184326171875
6485000192.0,-0.9375884532928467
6485937664.0,-0.9434525370597839
6486875136.0,-0.9512291550636292
6487812608.0,-0.9586448669433594
6488750080.0,-0.9661256670951843
6489687552.0,-0.9743357300758362
6490625024.0,-0.980907678604126
6491562496.0,-0.9863844513893127
6492499968.0,-0.9921538829803467
6493437440.0,-0.996050238609314
6494374912.0,-1.0013189315795898
6495312384.0,-1.005258321762085
6496249856.0,-1.0083309412002563
6497187328.0,-1.0098756551742554
6498124800.0,-1.0109864473342896
6499062272.0,-1.0118740797042847
6499999744.0,-1.0108662843704224
6500937728.0,-1.0099155902862549
6501875200.0,-1.0062934160232544
6502812672.0,-1.001235842704773
6503750144.0,-0.996242880821228
6504687616.0,-0.9896506071090698
6505625088.0,-0.9818660616874695
6506562560.0,-0.9742022156715393
6507500032.0,-0.9639480710029602
6508437504.0,-0.9544373154640198
6509374976.0,-0.943299412727356
6510312448.0,-0.9320781826972961
6511249920.0,-0.920304536819458
6512187392.0,-0.9090843796730042
6513124864.0,-0.8983003497123718
6514062336.0,-0.887090802192688
6514999808.0,-0.8755682110786438
6515937280.0,-0.8653370141983032
6516874752.0,-0.8535934686660767
6517812736.0,-0.8438806533813477
6518750208.0,-0.8327463865280151
6519687680.0,-0.8240350484848022
6520625152.0,-0.8146203756332397
6521562624.0,-0.8059151768684387
6522500096.0,-0.7987141013145447
6523437568.0,-0.7918450832366943
6524375040.0,-0.7860091328620911
6525312512.0,-0.7808655500411987
6526249984.0,-0.7771608233451843
6527187456.0,-0.7736393809318542
6528124928.0,-0.7721796035766602
6529062400.0,-0.7714982032775879
6529999872.0,-0.7709447741508484
6530937344.0,-0.7726958990097046
6531874816.0,-0.7749158143997192
6532812288.0,-0.7775139212608337
6533749760.0,-0.7808973789215088
6534687744.0,-0.7850167155265808
6535625216.0,-0.7885403037071228
6536562688.0,-0.7940829396247864
6537500160.0,-0.8010677695274353
6538437632.0,-0.8066306114196777
6539375104.0,-0.8146428465843201
6540312576.0,-0.821744978427887
6541250048.0,-0.8292972445487976
6542187520.0,-0.8377002477645874
6543124992.0,-0.8455557823181152
6544062464.0,-0.8536021709442139
6544999936.0,-0.8506065011024475
6545937408.0,-0.854977011680603
6546874880.0,-0.8572215437889099
6547812352.0,-0.8623602986335754
6548749824.0,-0.8664200305938721
6549687296.0,-0.8709773421287537
6550624768.0,-0.8759056925773621
6551562752.0,-0.8808838725090027
6552500224.0,-0.8854777216911316
6553437696.0,-0.8895891308784485
6554375168.0,-0.8951013088226318
6555312640.0,-0.9006640911102295
6556250112.0,-0.9084643125534058
6557187584.0,-0.9166788458824158
6558125056.0,-0.9246723055839539
6559062528.0,-0.9341291189193726
6560000000.0,-0.9449140429496765
6560937472.0,-0.9565476179122925
6561874944.0,-0.9675166010856628
6562812416.0,-0.9799273610115051
6563749888.0,-0.9931729435920715
6564687360.0,-1.0076003074645996
6565624832.0,-1.0220873355865479
6566562304.0,-1.0356708765029907
6567499776.0,-1.0491666793823242
6568437248.0,-1.062093734741211
6569375232.0,-1.0754587650299072
6570312704.0,-1.0873485803604126
6571250176.0,-1.0986789464950562
6572187648.0,-1.1093426942825317
6573125120.0,-1.1190505027770996
6574062592.0,-1.1287634372711182
6575000064.0,-1.1369394063949585
6575937536.0,-1.1434907913208008
6576875008.0,-1.149284839630127
6577812480.0,-1.1554391384124756
6578749952.0,-1.16066312789917
6579687424.0,-1.164607286453247
6580624896.0,-1.1676381826400757
6581562368.0,-1.1690150499343872
6582499840.0,-1.1708238124847412
6583437312.0,-1.1696875095367432
6584374784.0,-1.1678320169448853
6585312256.0,-1.1652270555496216
6586250240.0,-1.1634576320648193
6587187712.0,-1.1599452495574951
6588125184.0,-1.155082106590271
6589062656.0,-1.1498661041259766
6590000128.0,-1.146305799484253
6590937600.0,-1.141797423362732
6591875072.0,-1.1382805109024048
6592812544.0,-1.1339222192764282
6593750016.0,-1.1294541358947754
6594687488.0,-1.125248908996582
6595624960.0,-1.1213079690933228
6596562432.0,-1.118065595626831
6597499904.0,-1.1146156787872314
6598437376.0,-1.1131670475006104
6599374848.0,-1.1132508516311646
6600312320.0,-1.112594723701477
6601249792.0,-1.1119924783706665
6602187264.0,-1.1115072965621948
6603125248.0,-1.1125595569610596
6604062720.0,-1.1136507987976074
6605000192.0,-1.1119438409805298
6605937664.0,-1.1176409721374512
6606875136.0,-1.1243678331375122
6607812608.0,-1.1290357112884521
6608750080.0,-1.134907841682434
6609687552.0,-1.1407121419906616
6610625024.0,-1.145490288734436
6611562496.0,-1.1502947807312012
6612499968.0,-1.154673457145691
6613437440.0,-1.1590813398361206
6614374912.0,-1.1634447574615479
6615312384.0,-1.1683932542800903
6616249856.0,-1.173713207244873
6617187328.0,-1.1796404123306274
6618124800.0,-1.1852598190307617
6619062272.0,-1.1916594505310059
6620000256.0,-1.1985048055648804
6620937728.0,-1.2061116695404053
6621875200.0,-1.2146522998809814
6622812672.0,-1.222715973854065
6623750144.0,-1.2319291830062866
6624687616.0,-1.2441797256469727
6625625088.0,-1.2577056884765625
6626562560.0,-1.2757335901260376
6627500032.0,-1.2943185567855835
6628437504.0,-1.3131860494613647
6629374976.0,-1.331705093383789
6630312448.0,-1.3521320819854736
6631249920.0,-1.3725392818450928
6632187392.0,-1.3936518430709839
6633124864.0,-1.413237452507019
6634062336.0,-1.4346579313278198
6634999808.0,-1.455670714378357
6635937280.0,-1.475767970085144
6636874752.0,-1.4938262701034546
6637812736.0,-1.5119467973709106
6638750208.0,-1.529531478881836
6639687680.0,-1.5471179485321045
6640625152.0,-1.5643984079360962
6641562624.0,-1.5795937776565552
6642500096.0,-1.5944209098815918
6643437568.0,-1.6079108715057373
6644375040.0,-1.6209930181503296
6645312512.0,-1.631199836730957
6646249984.0,-1.639441728591919
6647187456.0,-1.6474628448486328
6648124928.0,-1.6548806428909302
6649062400.0,-1.6605530977249146
6649999872.0,-1.6657142639160156
6650937344.0,-1.669477105140686
6651874816.0,-1.67597234249115
6652812288.0,-1.6797854900360107
6653749760.0,-1.68123459815979
6654687744.0,-1.6850835084915161
6655625216.0,-1.687561273574829
6656562688.0,-1.6895579099655151
6657500160.0,-1.6936384439468384
6658437632.0,-1.6966861486434937
6659375104.0,-1.7022894620895386
6660312576.0,-1.7070014476776123
6661250048.0,-1.714364767074585
6662187520.0,-1.723389983177185
6663124992.0,-1.7339041233062744
6664062464.0,-1.7460795640945435
6664999936.0,-1.7664693593978882
6665937408.0,-1.7794344425201416
6666874880.0,-1.7920747995376587
6667812352.0,-1.8062880039215088
6668749824.0,-1.8199039697647095
6669687296.0,-1.8335319757461548
6670624768.0,-1.8466769456863403
6671562752.0,-1.8589718341827393
6672500224.0,-1.870985984802246
6673437696.0,-1.8825562000274658
6674375168.0,-1.8945355415344238
6675312640.0,-1.9059511423110962
6676250112.0,-1.915441632270813
6677187584.0,-1.9211983680725098
6678125056.0,-1.927660584449768
6679062528.0,-1.9331060647964478
6680000000.0,-1.9388636350631714
6680937472.0,-1.9433616399765015
6681874944.0,-1.9479042291641235
6682812416.0,-1.950891137123108
6683749888.0,-1.9521958827972412
6684687360.0,-1.954085350036621
6685624832.0,-1.9558796882629395
6686562304.0,-1.956974983215332
6687499776.0,-1.9592598676681519
6688437248.0,-1.9633787870407104
6689375232.0,-1.9661604166030884
6690312704.0,-1.9723536968231201
6691250176.0,-1.9782310724258423
6692187648.0,-1.98553466796875
6693125120.0,-1.9933099746704102
6694062592.0,-2.00185489654541
6695000064.0,-2.011587619781494
6695937536.0,-2.023563861846924
6696875008.0,-2.0370867252349854
6697812480.0,-2.053041458129883
6698749952.0,-2.0686352252960205
6699687424.0,-2.087540864944458
6700624896.0,-2.108569622039795
6701562368.0,-2.131727457046509
6702499840.0,-2.1547939777374268
6703437312.0,-2.178950309753418
6704374784.0,-2.2035536766052246
6705312256.0,-2.2296667098999023
6706250240.0,-2.254279375076294
6707187712.0,-2.2791881561279297
6708125184.0,-2.305356740951538
6709062656.0,-2.329710006713867
6710000128.0,-2.3545615673065186
6710937600.0,-2.37740421295166
6711875072.0,-2.396707534790039
6712812544.0,-2.4127495288848877
6713750016.0,-2.423724889755249
6714687488.0,-2.431553363800049
6715624960.0,-2.43715500831604
6716562432.0,-2.4410324096679688
6717499904.0,-2.4419400691986084
6718437376.0,-2.4437944889068604
6719374848.0,-2.443516254425049
6720312320.0,-2.444021224975586
6721249792.0,-2.4446702003479004
6722187264.0,-2.4446566104888916
6723125248.0,-2.4455935955047607
6724062720.0,-2.447770118713379
6725000192.0,-2.4259896278381348
6725937664.0,-2.4292736053466797
6726875136.0,-2.4330973625183105
6727812608.0,-2.4369874000549316
6728750080.0,-2.4420037269592285
6729687552.0,-2.449007749557495
6730625024.0,-2.4590816497802734
6731562496.0,-2.4715280532836914
6732499968.0,-2.486788272857666
6733437440.0,-2.506871223449707
6734374912.0,-2.5286922454833984
6735312384.0,-2.553597927093506
6736249856.0,-2.5809171199798584
6737187328.0,-2.609356164932251
6738124800.0,-2.6407806873321533
6739062272.0,-2.672572374343872
6739999744.0,-2.7046611309051514
6740937728.0,-2.738478183746338
6741875200.0,-2.7707948684692383
6742812672.0,-2.8039093017578125
6743750144.0,-2.838007688522339
6744687616.0,-2.873150587081909
6745625088.0,-2.906782388687134
6746562560.0,-2.9373762607574463
6747500032.0,-2.9676241874694824
6748437504.0,-2.993307113647461
6749374976.0,-3.0165293216705322
6750312448.0,-3.037069797515869
6751249920.0,-3.0564897060394287
6752187392.0,-3.076781988143921
6753124864.0,-3.0909481048583984
6754062336.0,-3.101057529449463
6754999808.0,-3.1094322204589844
6755937280.0,-3.1133460998535156
6756874752.0,-3.1115190982818604
6757812736.0,-3.1053903102874756
6758750208.0,-3.094428300857544
6759687680.0,-3.079939365386963
6760625152.0,-3.060673713684082
6761562624.0,-3.038025379180908
6762500096.0,-3.0097692012786865
6763437568.0,-2.977323055267334
6764375040.0,-2.941211223602295
6765312512.0,-2.899162769317627
6766249984.0,-2.8548882007598877
6767187456.0,-2.806317090988159
6768124928.0,-2.752969264984131
6769062400.0,-2.6972336769104004
6769999872.0,-2.6374359130859375
6770937344.0,-2.576169013977051
6771874816.0,-2.5130345821380615
6772812288.0,-2.4483046531677246
6773749760.0,-2.385803699493408
6774687744.0,-2.323298931121826
6775625216.0,-2.262737989425659
6776562688.0,-2.2038333415985107
6777500160.0,-2.1467669010162354
6778437632.0,-2.095900058746338
6779375104.0,-2.0488178730010986
6780312576.0,-2.0049264430999756
6781250048.0,-1.963014006614685
6782187520.0,-1.9242570400238037
6783124992.0,-1.8889262676239014
6784062464.0,-1.8578635454177856
6784999936.0,-2.3114192485809326
6785937408.0,-2.293621778488159
6786874880.0,-2.2767446041107178
6787812352.0,-2.260523557662964
6788749824.0,-2.2471108436584473
6789687296.0,-2.233633279800415
6790624768.0,-2.2222726345062256
6791562752.0,-2.2116737365722656
6792500224.0,-2.2036261558532715
6793437696.0,-2.1983139514923096
6794375168.0,-2.1953790187835693
6795312640.0,-2.1958389282226562
6796250112.0,-2.1961612701416016
6797187584.0,-2.1986734867095947
6798125056.0,-2.2016713619232178
6799062528.0,-2.2064900398254395
6800000000.0,-2.212005376815796
6800937472.0,-2.2178895473480225
6801874944.0,-2.2254700660705566
6802812416.0,-2.2330381870269775
6803749888.0,-2.2467095851898193
6804687360.0,-2.261691093444824
6805624832.0,-2.2772083282470703
6806562304.0,-2.294764995574951
6807499776.0,-2.3120975494384766
6808437248.0,-2.330761432647705
6809375232.0,-2.348024606704712
6810312704.0,-2.3646044731140137
6811250176.0,-2.3797802925109863
6812187648.0,-2.3940792083740234
6813125120.0,-2.4059531688690186
6814062592.0,-2.4180757999420166
6815000064.0,-2.4295153617858887
6815937536.0,-2.4397573471069336
6816875008.0,-2.445943593978882
6817812480.0,-2.448892831802368
6818749952.0,-2.448371648788452
6819687424.0,-2.444607734680176
6820624896.0,-2.4370288848876953
6821562368.0,-2.4253170490264893
6822499840.0,-2.410564661026001
6823437312.0,-2.392864465713501
6824374784.0,-2.3697633743286133
6825312256.0,-2.3449511528015137
6826250240.0,-2.3162841796875
6827187712.0,-2.285438299179077
6828125184.0,-2.2532310485839844
6829062656.0,-2.216660261154175
6830000128.0,-2.1775636672973633
6830937600.0,-2.138113021850586
6831875072.0,-2.0964455604553223
6832812544.0,-2.054783344268799
6833750016.0,-2.0129921436309814
6834687488.0,-1.9713010787963867
6835624960.0,-1.92963445186615
6836562432.0,-1.8900092840194702
6837499904.0,-1.8502289056777954
6838437376.0,-1.8120288848876953
6839374848.0,-1.7751550674438477
6840312320.0,-1.7396235466003418
6841249792.0,-1.70560884475708
6842187264.0,-1.6750391721725464
6843125248.0,-1.644999384880066
6844062720.0,-1.616795539855957
6845000192.0,-1.5115220546722412
6845937664.0,-1.4851475954055786
6846875136.0,-1.4608756303787231
6847812608.0,-1.4385751485824585
6848750080.0,-1.4188549518585205
6849687552.0,-1.4016356468200684
6850625024.0,-1.3879103660583496
6851562496.0,-1.3778959512710571
6852499968.0,-1.3706822395324707
6853437440.0,-1.3667300939559937
6854374912.0,-1.3662109375
6855312384.0,-1.3687227964401245
6856249856.0,-1.3737263679504395
6857187328.0,-1.3805418014526367
6858124800.0,-1.3906394243240356
6859062272.0,-1.4025644063949585
6860000256.0,-1.4160516262054443
6860937728.0,-1.4316718578338623
6861875200.0,-1.448494553565979
6862812672.0,-1.4667280912399292
6863750144.0,-1.4852107763290405
6864687616.0,-1.5041980743408203
6865625088.0,-1.523456335067749
6866562560.0,-1.54179048538208
6867500032.0,-1.5592633485794067
6868437504.0,-1.5755325555801392
6869374976.0,-1.5911062955856323
6870312448.0,-1.6044460535049438
6871249920.0,-1.6179718971252441
6872187392.0,-1.6291085481643677
6873124864.0,-1.637276291847229
6874062336.0,-1.642391324043274
6874999808.0,-1.6457027196884155
6875937280.0,-1.6473824977874756
6876874752.0,-1.6454901695251465
6877812736.0,-1.64104163646698
6878750208.0,-1.6348859071731567
6879687680.0,-1.6243555545806885
6880625152.0,-1.611870527267456
6881562624.0,-1.5966212749481201
6882500096.0,-1.5799520015716553
6883437568.0,-1.5593740940093994
6884375040.0,-1.536826252937317
6885312512.0,-1.5118474960327148
6886249984.0,-1.4852713346481323
6887187456.0,-1.4570751190185547
6888124928.0,-1.4267598390579224
6889062400.0,-1.3980982303619385
6889999872.0,-1.3661775588989258
6890937344.0,-1.3343044519424438
6891874816.0,-1.3024654388427734
6892812288.0,-1.2700138092041016
6893749760.0,-1.2388924360275269
6894687744.0,-1.207497000694275
6895625216.0,-1.1774170398712158
6896562688.0,-1.148521065711975
6897500160.0,-1.119795799255371
6898437632.0,-1.0924241542816162
6899375104.0,-1.0678634643554688
6900312576.0,-1.043981909751892
6901250048.0,-1.0219861268997192
6902187520.0,-1.0030142068862915
6903124992.0,-0.9865127205848694
6904062464.0,-0.971996545791626
6904999936.0,-0.9750385284423828
6905937408.0,-0.9726219177246094
6906874880.0,-0.9714417457580566
6907812352.0,-0.9716260433197021
6908749824.0,-0.9728994965553284
6909687296.0,-0.9751961827278137
6910624768.0,-0.9793857336044312
6911562752.0,-0.9820277094841003
6912500224.0,-0.9868550896644592
6913437696.0,-0.9927474856376648
6914375168.0,-0.9972831010818481
6915312640.0,-1.0019958019256592
6916250112.0,-1.0054563283920288
6917187584.0,-1.0076377391815186
6918125056.0,-1.0097523927688599
6919062528.0,-1.0108616352081299
6920000000.0,-1.0090394020080566
6920937472.0,-1.0067734718322754
6921874944.0,-1.0028252601623535
6922812416.0,-0.9961923956871033
6923749888.0,-0.9872081279754639
6924687360.0,-0.978352427482605
6925624832.0,-0.9659773111343384
6926562304.0,-0.9516003131866455
6927499776.0,-0.9363516569137573
6928437248.0,-0.919158399105072
6929375232.0,-0.9015561938285828
6930312704.0,-0.8804444670677185
6931250176.0,-0.8597203493118286
6932187648.0,-0.8381609916687012
6933125120.0,-0.8162125945091248
6934062592.0,-0.7932528853416443
6935000064.0,-0.7708308696746826
6935937536.0,-0.7477370500564575
6936875008.0,-0.7247586250305176
6937812480.0,-0.7024632096290588
6938749952.0,-0.6803783774375916
6939687424.0,-0.6601176857948303
6940624896.0,-0.6401315927505493
6941562368.0,-0.6197708249092102
6942499840.0,-0.6030251383781433
6943437312.0,-0.586882472038269
6944374784.0,-0.5742897987365723
6945312256.0,-0.5614561438560486
6946250240.0,-0.5512610077857971
6947187712.0,-0.5428283214569092
6948125184.0,-0.5359917879104614
6949062656.0,-0.5308313965797424
6950000128.0,-0.5283493399620056
6950937600.0,-0.5271154642105103
6951875072.0,-0.5269178152084351
6952812544.0,-0.527512788772583
6953750016.0,-0.5297741889953613
6954687488.0,-0.5327907204627991
6955624960.0,-0.5359375476837158
6956562432.0,-0.5428392887115479
6957499904.0,-0.5506700873374939
6958437376.0,-0.5594782829284668
6959374848.0,-0.5690130591392517
6960312320.0,-0.5781688690185547
6961249792.0,-0.5877710580825806
6962187264.0,-0.5974393486976624
6963125248.0,-0.607704758644104
6964062720.0,-0.617454469203949
6965000192.0,-0.5212931036949158
6965937664.0,-0.530497670173645
6966875136.0,-0.5404157638549805
6967812608.0,-0.5517416596412659
6968750080.0,-0.5614349246025085
6969687552.0,-0.572389543056488
6970625024.0,-0.5822836756706238
6971562496.0,-0.5933948755264282
6972499968.0,-0.6039869785308838
6973437440.0,-0.6155909895896912
6974374912.0,-0.6278374195098877
6975312384.0,-0.6396575570106506
6976249856.0,-0.651263952255249
6977187328.0,-0.6632891297340393
6978124800.0,-0.6754605770111084
6979062272.0,-0.687220573425293
6979999744.0,-0.699024498462677
6980937728.0,-0.7122892737388611
6981875200.0,-0.7216450572013855
6982812672.0,-0.732150137424469
6983750144.0,-0.738874614238739
6984687616.0,-0.7487173080444336
6985625088.0,-0.7551371455192566
6986562560.0,-0.763772189617157
6987500032.0,-0.7701766490936279
6988437504.0,-0.7759039402008057
6989374976.0,-0.780026912689209
6990312448.0,-0.7830591201782227
6991249920.0,-0.7854751348495483
6992187392.0,-0.7858960032463074
6993124864.0,-0.7861383557319641
6994062336.0,-0.7829906940460205
6994999808.0,-0.7801364064216614
6995937280.0,-0.7762484550476074
6996874752.0,-0.7686683535575867
6997812736.0,-0.7615870833396912
6998750208.0,-0.7538705468177795
6999687680.0,-0.7452177405357361
7000625152.0,-0.7344191670417786
7001562624.0,-0.7232438921928406
7002500096.0,-0.711814820766449
7003437568.0,-0.7000981569290161
7004375040.0,-0.6880563497543335
7005312512.0,-0.6750622987747192
7006249984.0,-0.6615163087844849
7007187456.0,-0.6467328071594238
7008124928.0,-0.6292058825492859
7009062400.0,-0.6110624074935913
7009999872.0,-0.5937070250511169
7010937344.0,-0.576705813407898
7011874816.0,-0.5592821836471558
7012812288.0,-0.541443943977356
7013749760.0,-0.5249125361442566
7014687744.0,-0.5081916451454163
7015625216.0,-0.49238258600234985
7016562688.0,-0.4767327308654785
7017500160.0,-0.46169790625572205
7018437632.0,-0.44670334458351135
7019375104.0,-0.43287521600723267
7020312576.0,-0.41869938373565674
7021250048.0,-0.40593957901000977
7022187520.0,-0.3950033187866211
7023124992.0,-0.38281992077827454
7024062464.0,-0.37379753589630127
7024999936.0,-0.2877103388309479
7025937408.0,-0.291675865650177
7026874880.0,-0.2964991331100464
7027812352.0,-0.3013448417186737
7028749824.0,-0.3075137734413147
7029687296.0,-0.31490570306777954
7030624768.0,-0.32422688603401184
7031562752.0,-0.3328437805175781
7032500224.0,-0.34318843483924866
7033437696.0,-0.35589084029197693
7034375168.0,-0.36948150396347046
7035312640.0,-0.38206547498703003
7036250112.0,-0.3954237699508667
7037187584.0,-0.4085442125797272
7038125056.0,-0.4233815371990204
7039062528.0,-0.43705978989601135
7040000000.0,-0.4525637924671173
7040937472.0,-0.4662753939628601
7041874944.0,-0.4823160767555237
7042812416.0,-0.49583595991134644
7043749888.0,-0.5092514157295227
7044687360.0,-0.5213088393211365
7045624832.0,-0.5353627800941467
7046562304.0,-0.5461998581886292
7047499776.0,-0.5575494170188904
7048437248.0,-0.5684317350387573
7049375232.0,-0.5770795941352844
7050312704.0,-0.5849609375
7051250176.0,-0.5915433168411255
7052187648.0,-0.5982666611671448
7053125120.0,-0.6014977097511292
7054062592.0,-0.6056991219520569
7055000064.0,-0.6075209379196167
7055937536.0,-0.6077765226364136
7056875008.0,-0.60637366771698
7057812480.0,-0.6050504446029663
7058749952.0,-0.6051911115646362
7059687424.0,-0.603359043598175
7060624896.0,-0.6018893718719482
7061562368.0,-0.596989095211029
7062499840.0,-0.5919203758239746
7063437312.0,-0.5846530795097351
7064374784.0,-0.5769029259681702
7065312256.0,-0.5671874284744263
7066250240.0,-0.5569648742675781
7067187712.0,-0.5455608367919922
7068125184.0,-0.5334364771842957
7069062656.0,-0.5209839940071106
7070000128.0,-0.5091918110847473
7070937600.0,-0.4951706826686859
7071875072.0,-0.48102521896362305
7072812544.0,-0.46723055839538574
7073750016.0,-0.45330727100372314
7074687488.0,-0.43860650062561035
7075624960.0,-0.4224154055118561
7076562432.0,-0.4069773852825165
7077499904.0,-0.3905107378959656
7078437376.0,-0.37517380714416504
7079374848.0,-0.3588346838951111
7080312320.0,-0.3442748188972473
7081249792.0,-0.32877877354621887
7082187264.0,-0.31351760029792786
7083125248.0,-0.2981257438659668
7084062720.0,-0.283783495426178
7085000192.0,-0.3469495177268982
7085937664.0,-0.33601927757263184
7086875136.0,-0.3257996737957001
7087812608.0,-0.3158667981624603
7088750080.0,-0.30625247955322266
7089687552.0,-0.29643458127975464
7090625024.0,-0.2882113754749298
7091562496.0,-0.28039753437042236
7092499968.0,-0.27464938163757324
7093437440.0,-0.2696416974067688
7094374912.0,-0.2648197114467621
7095312384.0,-0.26157334446907043
7096249856.0,-0.26039087772369385
7097187328.0,-0.26037994027137756
7098124800.0,-0.2622493803501129
7099062272.0,-0.26425376534461975
7100000256.0,-0.2691279947757721
7100937728.0,-0.2742825150489807
7101875200.0,-0.2830246388912201
7102812672.0,-0.29210346937179565
7103750144.0,-0.30401474237442017
7104687616.0,-0.31664520502090454
7105625088.0,-0.3303202986717224
7106562560.0,-0.34520578384399414
7107500032.0,-0.3619890511035919
7108437504.0,-0.3786543309688568
7109374976.0,-0.40027618408203125
7110312448.0,-0.42055702209472656
7111249920.0,-0.4425983726978302
7112187392.0,-0.4639405608177185
7113124864.0,-0.48657235503196716
7114062336.0,-0.5093653798103333
7114999808.0,-0.5310081839561462
7115937280.0,-0.553760290145874
7116874752.0,-0.5749874114990234
7117812736.0,-0.5977007746696472
7118750208.0,-0.6178992390632629
7119687680.0,-0.6385813355445862
7120625152.0,-0.6563078165054321
7121562624.0,-0.6747757196426392
7122500096.0,-0.6902955770492554
7123437568.0,-0.7043697834014893
7124375040.0,-0.7172501683235168
7125312512.0,-0.728851318359375
7126249984.0,-0.737139105796814
7127187456.0,-0.7436828017234802
7128124928.0,-0.7470666766166687
7129062400.0,-0.7497869729995728
7129999872.0,-0.7510412335395813
7130937344.0,-0.7501093745231628
7131874816.0,-0.7464231252670288
7132812288.0,-0.740437388420105
7133749760.0,-0.7322089672088623
7134687744.0,-0.7220895886421204
7135625216.0,-0.7106915712356567
7136562688.0,-0.6968745589256287
7137500160.0,-0.680950939655304
7138437632.0,-0.6647461652755737
7139375104.0,-0.6462122201919556
7140312576.0,-0.6269165873527527
7141250048.0,-0.6064045429229736
7142187520.0,-0.5846735239028931
7143124992.0,-0.5625544190406799
7144062464.0,-0.4358983039855957
7144999936.0,-0.43406224250793457
7145937408.0,-0.43083134293556213
7146874880.0,-0.4277259409427643
7147812352.0,-0.42543143033981323
7148749824.0,-0.4218977093696594
7149687296.0,-0.41895684599876404
7150624768.0,-0.4167342483997345
7151562752.0,-0.41495227813720703
7152500224.0,-0.41461649537086487
7153437696.0,-0.4143991768360138
7154375168.0,-0.41600626707077026
7155312640.0,-0.41896891593933105
7156250112.0,-0.4240370988845825
7157187584.0,-0.42984262108802795
7158125056.0,-0.43654894828796387
7159062528.0,-0.4459710717201233
7160000000.0,-0.45382148027420044
7160937472.0,-0.4594191014766693
7161874944.0,-0.4673742949962616
7162812416.0,-0.4763790965080261
7163749888.0,-0.48522669076919556
7164687360.0,-0.4956677258014679
7165624832.0,-0.505052924156189
7166562304.0,-0.5160195231437683
7167499776.0,-0.5274835824966431
7168437248.0,-0.5371313095092773
7169375232.0,-0.5459936261177063
7170312704.0,-0.5550101399421692
7171250176.0,-0.5621880292892456
7172187648.0,-0.5684077739715576
7173125120.0,-0.5730506777763367
7174062592.0,-0.575973629951477
7175000064.0,-0.577503502368927
7175937536.0,-0.578131377696991
7176875008.0,-0.577126145362854
7177812480.0,-0.5747646689414978
7178749952.0,-0.5709145069122314
7179687424.0,-0.5660698413848877
7180624896.0,-0.5585071444511414
7181562368.0,-0.5502460598945618
7182499840.0,-0.5399555563926697
7183437312.0,-0.5298066735267639
7184374784.0,-0.5186538100242615
7185312256.0,-0.5045689940452576
7186250240.0,-0.4880540370941162
7187187712.0,-0.47020766139030457
7188125184.0,-0.45098260045051575
7189062656.0,-0.431986540555954
7190000128.0,-0.41273096203804016
7190937600.0,-0.393677681684494
7191875072.0,-0.3743623197078705
7192812544.0,-0.3557684123516083
7193750016.0,-0.33699914813041687
7194687488.0,-0.31822308897972107
7195624960.0,-0.30241262912750244
7196562432.0,-0.28453975915908813
7197499904.0,-0.26935651898384094
7198437376.0,-0.2554539144039154
7199374848.0,-0.24433407187461853
7200312320.0,-0.23395608365535736
7201249792.0,-0.22585704922676086
7202187264.0,-0.21940845251083374
7203125248.0,-0.21512320637702942
7204062720.0,-0.3235350549221039
7205000192.0,-0.33732402324676514
7205937664.0,-0.35224494338035583
7206875136.0,-0.3706287443637848
7207812608.0,-0.3917349576950073
7208750080.0,-0.41654789447784424
7209687552.0,-0.44266271591186523
7210625024.0,-0.47158077359199524
7211562496.0,-0.5023300051689148
7212499968.0,-0.5360426902770996
7213437440.0,-0.5695722699165344
7214374912.0,-0.6037992238998413
7215312384.0,-0.6386451125144958
7216249856.0,-0.6730490922927856
7217187328.0,-0.7058336138725281
7218124800.0,-0.737699031829834
7219062272.0,-0.7682307958602905
7219999744.0,-0.7967466115951538
7220937728.0,-0.8220018744468689
7221875200.0,-0.8440235257148743
7222812672.0,-0.8617090582847595
7223750144.0,-0.8759755492210388
7224687616.0,-0.8882180452346802
7225625088.0,-0.8934049606323242
7226562560.0,-0.8955041170120239
7227500032.0,-0.8922508358955383
7228437504.0,-0.8858365416526794
7229374976.0,-0.8742121458053589
7230312448.0,-0.8599279522895813
7231249920.0,-0.8401347994804382
7232187392.0,-0.8167740106582642
7233124864.0,-0.7896937727928162
7234062336.0,-0.7579940557479858
7234999808.0,-0.7229136824607849
7235937280.0,-0.6875849962234497
7236874752.0,-0.6511759757995605
7237812736.0,-0.6133965849876404
7238750208.0,-0.5725451111793518
7239687680.0,-0.5311799049377441
7240625152.0,-0.4888790547847748
7241562624.0,-0.4466109275817871
7242500096.0,-0.40307655930519104
7243437568.0,-0.3606347143650055
7244375040.0,-0.3182191550731659
7245312512.0,-0.27676793932914734
7246249984.0,-0.23702861368656158
7247187456.0,-0.19741177558898926
7248124928.0,-0.16025233268737793
7249062400.0,-0.12524104118347168
7249999872.0,-0.09417406469583511
7250937344.0,-0.06508278101682663
7251874816.0,-0.039776720106601715
7252812288.0,-0.018231891095638275
7253749760.0,-2.170747029595077e-05
7254687744.0,0.014681543223559856
7255625216.0,0.02500075101852417
7256562688.0,0.031801555305719376
7257500160.0,0.03446086496114731
7258437632.0,0.03318657726049423
7259375104.0,0.027491191402077675
7260312576.0,0.017730548977851868
7261250048.0,0.003273946000263095
7262187520.0,-0.014701422303915024
7263124992.0,-0.03742874041199684
7264062464.0,-0.30180901288986206
7264999936.0,-0.29822930693626404
7265937408.0,-0.2978772222995758
7266874880.0,-0.29885122179985046
7267812352.0,-0.3019884526729584
7268749824.0,-0.3098374307155609
7269687296.0,-0.3171737790107727
7270624768.0,-0.32989954948425293
7271562752.0,-0.34171420335769653
7272500224.0,-0.35650932788848877
7273437696.0,-0.3729911148548126
7274375168.0,-0.389631450176239
7275312640.0,-0.40776461362838745
7276250112.0,-0.42483335733413696
7277187584.0,-0.4415666460990906
7278125056.0,-0.45844370126724243
7279062528.0,-0.47461381554603577
7280000000.0,-0.4875424802303314
7280937472.0,-0.4980793297290802
7281874944.0,-0.5099446773529053
7282812416.0,-0.5201800465583801
7283749888.0,-0.5265450477600098
7284687360.0,-0.531015157699585
7285624832.0,-0.5342379808425903
7286562304.0,-0.5354088544845581
7287499776.0,-0.5353220701217651
7288437248.0,-0.535712718963623
7289375232.0,-0.5325508713722229
7290312704.0,-0.5272846221923828
7291250176.0,-0.5204966068267822
7292187648.0,-0.5096532702445984
7293125120.0,-0.49686020612716675
7294062592.0,-0.48336169123649597
7295000064.0,-0.4698236286640167
7295937536.0,-0.4535921514034271
7296875008.0,-0.43637269735336304
7297812480.0,-0.4180194139480591
7298749952.0,-0.4007609784603119
7299687424.0,-0.3818225860595703
7300624896.0,-0.3637388348579407
7301562368.0,-0.34645554423332214
7302499840.0,-0.32940468192100525
7303437312.0,-0.31345677375793457
7304374784.0,-0.29844772815704346
7305312256.0,-0.2829814553260803
7306250240.0,-0.2699454724788666
7307187712.0,-0.2590634822845459
7308125184.0,-0.24883055686950684
7309062656.0,-0.2387586385011673
7310000128.0,-0.23033028841018677
7310937600.0,-0.22500401735305786
7311875072.0,-0.21950282156467438
7312812544.0,-0.21570298075675964
7313750016.0,-0.21424949169158936
7314687488.0,-0.21307390928268433
7315624960.0,-0.21226012706756592
7316562432.0,-0.210896834731102
7317499904.0,-0.21035730838775635
7318437376.0,-0.2086823582649231
7319374848.0,-0.2063261717557907
7320312320.0,-0.20289206504821777
7321249792.0,-0.19731374084949493
7322187264.0,-0.189448282122612
7323125248.0,-0.18027789890766144
7324062720.0,-0.3244614899158478
7325000192.0,-0.30200690031051636
7325937664.0,-0.2780534029006958
7326875136.0,-0.25301823019981384
7327812608.0,-0.2262033075094223
7328750080.0,-0.19850891828536987
7329687552.0,-0.1714145988225937
7330625024.0,-0.14393959939479828
7331562496.0,-0.11803717166185379
7332499968.0,-0.09555002301931381
7333437440.0,-0.07403013855218887
7334374912.0,-0.0573103167116642
7335312384.0,-0.04434854909777641
7336249856.0,-0.03594163432717323
7337187328.0,-0.03324921429157257
7338124800.0,-0.03439367190003395
7339062272.0,-0.03572656586766243
7340000256.0,-0.044744957238435745
7340937728.0,-0.05625195801258087
7341875200.0,-0.07297469675540924
7342812672.0,-0.09256439656019211
7343750144.0,-0.11489845812320709
7344687616.0,-0.13915935158729553
7345625088.0,-0.16618406772613525
7346562560.0,-0.19213618338108063
7347500032.0,-0.21826794743537903
7348437504.0,-0.24259386956691742
7349374976.0,-0.264321506023407
7350312448.0,-0.282290518283844
7351249920.0,-0.2980513274669647
7352187392.0,-0.30892840027809143
7353124864.0,-0.31604066491127014
7354062336.0,-0.3181544244289398
7354999808.0,-0.3152831494808197
7355937280.0,-0.30769407749176025
7356874752.0,-0.29405641555786133
7357812736.0,-0.27701231837272644
7358750208.0,-0.2569369971752167
7359687680.0,-0.23129519820213318
7360625152.0,-0.20388711988925934
7361562624.0,-0.1745772808790207
7362500096.0,-0.14373084902763367
7363437568.0,-0.11198081821203232
7364375040.0,-0.07605801522731781
7365312512.0,-0.0425531230866909
7366249984.0,-0.012256799265742302
7367187456.0,0.01772766187787056
7368124928.0,0.04184212535619736
7369062400.0,0.06276755034923553
7369999872.0,0.07971504330635071
7370937344.0,0.09146698564291
7371874816.0,0.10214268416166306
7372812288.0,0.10868442058563232
7373749760.0,0.11172866076231003
7374687744.0,0.11572545766830444
7375625216.0,0.11601603776216507
7376562688.0,0.11656180769205093
7377500160.0,0.11611856520175934
7378437632.0,0.1140696182847023
7379375104.0,0.11016927659511566
7380312576.0,0.1056632399559021
7381250048.0,0.09877070039510727
7382187520.0,0.09181071817874908
7383124992.0,0.08310715109109879
7384062464.0,-0.22093254327774048
7384999936.0,-0.23742596805095673
7385937408.0,-0.25412827730178833
7386874880.0,-0.27107104659080505
7387812352.0,-0.28712454438209534
7388749824.0,-0.30249592661857605
7389687296.0,-0.3159435987472534
7390624768.0,-0.3267146646976471
7391562752.0,-0.3356664180755615
7392500224.0,-0.34127429127693176
7393437696.0,-0.3436852991580963
7394375168.0,-0.3430381417274475
7395312640.0,-0.3397536873817444
7396250112.0,-0.33119168877601624
7397187584.0,-0.31925544142723083
7398125056.0,-0.30409902334213257
7399062528.0,-0.2853010892868042
7400000000.0,-0.2627265155315399
7400937472.0,-0.23846429586410522
7401874944.0,-0.2103988081216812
7402812416.0,-0.17967303097248077
7403749888.0,-0.1468481570482254
7404687360.0,-0.11269360780715942
7405624832.0,-0.07888185232877731
7406562304.0,-0.04154570400714874
7407499776.0,-0.006364275235682726
7408437248.0,0.030792877078056335
7409375232.0,0.0655517578125
7410312704.0,0.10011040419340134
7411250176.0,0.13456468284130096
7412187648.0,0.16641227900981903
7413125120.0,0.19698190689086914
7414062592.0,0.22433380782604218
7415000064.0,0.24835678935050964
7415937536.0,0.270437628030777
7416875008.0,0.289145290851593
7417812480.0,0.30527299642562866
7418749952.0,0.31719720363616943
7419687424.0,0.3263658881187439
7420624896.0,0.3312629461288452
7421562368.0,0.3329031467437744
7422499840.0,0.33017799258232117
7423437312.0,0.3240402042865753
7424374784.0,0.3139534294605255
7425312256.0,0.30183231830596924
7426250240.0,0.2858811914920807
7427187712.0,0.26606786251068115
7428125184.0,0.2441248595714569
7429062656.0,0.22017565369606018
7430000128.0,0.19343061745166779
7430937600.0,0.16532453894615173
7431875072.0,0.13499212265014648
7432812544.0,0.10361412167549133
7433750016.0,0.07145760208368301
7434687488.0,0.03887314349412918
7435624960.0,0.0064048003405332565
7436562432.0,-0.02497766725718975
7437499904.0,-0.05702531710267067
7438437376.0,-0.08664015680551529
7439374848.0,-0.1160207986831665
7440312320.0,-0.14546754956245422
7441249792.0,-0.17387956380844116
7442187264.0,-0.1993178427219391
7443125248.0,-0.22499577701091766
7444062720.0,0.029890891164541245
7445000192.0,0.01504991203546524
7445937664.0,-0.0017350168200209737
7446875136.0,-0.019206354394555092
7447812608.0,-0.03642376884818077
7448750080.0,-0.05416896939277649
7449687552.0,-0.0690879374742508
7450625024.0,-0.08568944036960602
7451562496.0,-0.09981852024793625
7452499968.0,-0.10968382656574249
7453437440.0,-0.12059970200061798
7454374912.0,-0.12694360315799713
7455312384.0,-0.13456633687019348
7456249856.0,-0.13701008260250092
7457187328.0,-0.13963687419891357
7458124800.0,-0.13912488520145416
7459062272.0,-0.1371435523033142
7459999744.0,-0.1323176473379135
7460937728.0,-0.1260872781276703
7461875200.0,-0.11830951273441315
7462812672.0,-0.10918784141540527
7463750144.0,-0.0992116928100586
7464687616.0,-0.0879969447851181
7465625088.0,-0.07773331552743912
7466562560.0,-0.06986911594867706
7467500032.0,-0.06120343878865242
7468437504.0,-0.05401718243956566
7469374976.0,-0.04549137130379677
7470312448.0,-0.03873511776328087
7471249920.0,-0.032676681876182556
7472187392.0,-0.0291312113404274
7473124864.0,-0.025982853025197983
7474062336.0,-0.023198654875159264
7474999808.0,-0.02341199293732643
7475937280.0,-0.024158040061593056
7476874752.0,-0.027814831584692
7477812736.0,-0.03262118995189667
7478750208.0,-0.038707222789525986
7479687680.0,-0.045502517372369766
7480625152.0,-0.05407669395208359
7481562624.0,-0.06295172870159149
7482500096.0,-0.07368212193250656
7483437568.0,-0.08501365780830383
7484375040.0,-0.0957314670085907
7485312512.0,-0.10834545642137527
7486249984.0,-0.11954047530889511
7487187456.0,-0.1316952258348465
7488124928.0,-0.14195133745670319
7489062400.0,-0.1519414186477661
7489999872.0,-0.1612118035554886
7490937344.0,-0.16803187131881714
7491874816.0,-0.17243023216724396
7492812288.0,-0.17493011057376862
7493749760.0,-0.17682991921901703
7494687744.0,-0.1747753918170929
7495625216.0,-0.17268238961696625
7496562688.0,-0.16846013069152832
7497500160.0,-0.16249717772006989
7498437632.0,-0.15561002492904663
7499375104.0,-0.14774668216705322
7500312576.0,-0.1368364542722702
7501250048.0,-0.12653866410255432
7502187520.0,-0.1164497435092926
7503124992.0,-0.10508720576763153
7504062464.0,-0.08182661980390549
7504999936.0,-0.05716253072023392
7505937408.0,-0.035745974630117416
7506874880.0,-0.015818828716874123
7507812352.0,0.0003645406395662576
7508749824.0,0.01249024085700512
7509687296.0,0.020178787410259247
7510624768.0,0.023196257650852203
7511562752.0,0.02339315041899681
7512500224.0,0.019213268533349037
7513437696.0,0.01162648107856512
7514375168.0,0.00151644938159734
7515312640.0,-0.011306140571832657
7516250112.0,-0.026990270242094994
7517187584.0,-0.04160686954855919
7518125056.0,-0.05609613656997681
7519062528.0,-0.0716029703617096
7520000000.0,-0.08690015226602554
7520937472.0,-0.10172758251428604
7521874944.0,-0.11526761949062347
7522812416.0,-0.12701880931854248
7523749888.0,-0.13609987497329712
7524687360.0,-0.14338622987270355
7525624832.0,-0.14882713556289673
7526562304.0,-0.1492605060338974
7527499776.0,-0.14778456091880798
7528437248.0,-0.1442861407995224
7529375232.0,-0.137087881565094
7530312704.0,-0.1284252554178238
7531250176.0,-0.11726318299770355
7532187648.0,-0.10343927145004272
7533125120.0,-0.09075462073087692
7534062592.0,-0.07634233683347702
7535000064.0,-0.06161127984523773
7535937536.0,-0.04774380475282669
7536875008.0,-0.035557083785533905
7537812480.0,-0.02292468585073948
7538749952.0,-0.015747474506497383
7539687424.0,-0.008757314644753933
7540624896.0,-0.0054012746550142765
7541562368.0,-0.006132714916020632
7542499840.0,-0.009407962672412395
7543437312.0,-0.01644155941903591
7544374784.0,-0.0297140721231699
7545312256.0,-0.04578990116715431
7546250240.0,-0.06653422117233276
7547187712.0,-0.09047164767980576
7548125184.0,-0.1170727089047432
7549062656.0,-0.14637257158756256
7550000128.0,-0.17724934220314026
7550937600.0,-0.20680293440818787
7551875072.0,-0.2373078465461731
7552812544.0,-0.2655884027481079
7553750016.0,-0.2905258536338806
7554687488.0,-0.3143599033355713
7555624960.0,-0.3327566385269165
7556562432.0,-0.35072061419487
7557499904.0,-0.36756643652915955
7558437376.0,-0.3813765048980713
7559374848.0,-0.39408165216445923
7560312320.0,-0.40623533725738525
7561249792.0,-0.4189856946468353
7562187264.0,-0.4312364459037781
7563125248.0,-0.4417383670806885
7564062720.0,-0.43390217423439026
7565000192.0,-0.41940823197364807
7565937664.0,-0.4040016531944275
7566875136.0,-0.38359954953193665
7567812608.0,-0.36089324951171875
7568750080.0,-0.33696654438972473
7569687552.0,-0.3113006055355072
7570625024.0,-0.2841298282146454
7571562496.0,-0.25657597184181213
7572499968.0,-0.2283589094877243
7573437440.0,-0.198993980884552
7574374912.0,-0.17085044085979462
7575312384.0,-0.14257340133190155
7576249856.0,-0.11448537558317184
7577187328.0,-0.08692696690559387
7578124800.0,-0.061972811818122864
7579062272.0,-0.03829307109117508
7580000256.0,-0.015495046973228455
7580937728.0,0.0059933713637292385
7581875200.0,0.025543365627527237
7582812672.0,0.04169036075472832
7583750144.0,0.05636925250291824
7584687616.0,0.0696788802742958
7585625088.0,0.07835628092288971
7586562560.0,0.08621473610401154
7587500032.0,0.09000615030527115
7588437504.0,0.09343402087688446
7589374976.0,0.09164214134216309
7590312448.0,0.08930004388093948
7591249920.0,0.0850568562746048
7592187392.0,0.07841870933771133
7593124864.0,0.06977415084838867
7594062336.0,0.06083575636148453
7594999808.0,0.04951436445116997
7595937280.0,0.03659534454345703
7596874752.0,0.021806614473462105
7597812736.0,0.007012687623500824
7598750208.0,-0.009168809279799461
7599687680.0,-0.026055505499243736
7600625152.0,-0.04420385882258415
7601562624.0,-0.061684686690568924
7602500096.0,-0.07920284569263458
7603437568.0,-0.09680144488811493
7604375040.0,-0.11508231610059738
7605312512.0,-0.13292759656906128
7606249984.0,-0.14885278046131134
7607187456.0,-0.1640321910381317
7608124928.0,-0.17833665013313293
7609062400.0,-0.1915714144706726
7609999872.0,-0.2042970508337021
7610937344.0,-0.21541723608970642
7611874816.0,-0.224411278963089
7612812288.0,-0.23196835815906525
7613749760.0,-0.23808987438678741
7614687744.0,-0.2428966462612152
7615625216.0,-0.24715997278690338
7616562688.0,-0.2508831322193146
7617500160.0,-0.251983106136322
7618437632.0,-0.2544909715652466
7619375104.0,-0.25953957438468933
7620312576.0,-0.26412656903266907
7621250048.0,-0.26730698347091675
7622187520.0,-0.27163267135620117
7623124992.0,-0.27314475178718567
7624062464.0,-0.2702106237411499
7624999936.0,-0.27758529782295227
7625937408.0,-0.2802638113498688
7626874880.0,-0.2826899290084839
7627812352.0,-0.2813413441181183
7628749824.0,-0.27891165018081665
7629687296.0,-0.27482128143310547
7630624768.0,-0.2682085931301117
7631562752.0,-0.26087871193885803
7632500224.0,-0.2525980472564697
7633437696.0,-0.24280059337615967
7634375168.0,-0.2319273203611374
7635312640.0,-0.2199876755475998
7636250112.0,-0.20723038911819458
7637187584.0,-0.19512785971164703
7638125056.0,-0.18278822302818298
7639062528.0,-0.16929541528224945
7640000000.0,-0.15785536170005798
7640937472.0,-0.14640940725803375
7641874944.0,-0.135385200381279
7642812416.0,-0.12378904223442078
7643749888.0,-0.11538538336753845
7644687360.0,-0.10987859964370728
7645624832.0,-0.10630010813474655
7646562304.0,-0.103160560131073
7647499776.0,-0.10138461738824844
7648437248.0,-0.1015610471367836
7649375232.0,-0.10151858627796173
7650312704.0,-0.10471418499946594
7651250176.0,-0.10757490247488022
7652187648.0,-0.11285271495580673
7653125120.0,-0.11805833131074905
7654062592.0,-0.12465496361255646
7655000064.0,-0.13191431760787964
7655937536.0,-0.14039872586727142
7656875008.0,-0.14798344671726227
7657812480.0,-0.15715831518173218
7658749952.0,-0.16545076668262482
7659687424.0,-0.17384058237075806
7660624896.0,-0.18267400562763214
7661562368.0,-0.1906103938817978
7662499840.0,-0.19897006452083588
7663437312.0,-0.20638515055179596
7664374784.0,-0.21348683536052704
7665312256.0,-0.21888282895088196
7666250240.0,-0.2244492769241333
7667187712.0,-0.22867675125598907
7668125184.0,-0.23300203680992126
7669062656.0,-0.23526440560817719
7670000128.0,-0.23709149658679962
7670937600.0,-0.23595789074897766
7671875072.0,-0.2354484349489212
7672812544.0,-0.23211409151554108
7673750016.0,-0.2282256931066513
7674687488.0,-0.22369365394115448
7675624960.0,-0.21798403561115265
7676562432.0,-0.21160879731178284
7677499904.0,-0.20392033457756042
7678437376.0,-0.19571688771247864
7679374848.0,-0.187405064702034
7680312320.0,-0.17777137458324432
7681249792.0,-0.16841179132461548
7682187264.0,-0.15963037312030792
7683125248.0,-0.15000534057617188
7684062720.0,0.08514349907636642
7685000192.0,0.0980268195271492
7685937664.0,0.10839932411909103
7686875136.0,0.11589150875806808
7687812608.0,0.12096249312162399
7688750080.0,0.12336117774248123
7689687552.0,0.1240604817867279
7690625024.0,0.12164629995822906
7691562496.0,0.11670933663845062
7692499968.0,0.11010463535785675
7693437440.0,0.1000465601682663
7694374912.0,0.08744151890277863
7695312384.0,0.07179335504770279
7696249856.0,0.05350247770547867
7697187328.0,0.03534524887800217
7698124800.0,0.013557742349803448
7699062272.0,-0.008582188747823238
7699999744.0,-0.03242085129022598
7700937728.0,-0.05769963562488556
7701875200.0,-0.08018478006124496
7702812672.0,-0.1059555858373642
7703750144.0,-0.1287621259689331
7704687616.0,-0.1519266664981842
7705625088.0,-0.17436453700065613
7706562560.0,-0.19489160180091858
7707500032.0,-0.21452216804027557
7708437504.0,-0.2324557900428772
7709374976.0,-0.24846085906028748
7710312448.0,-0.2638266682624817
7711249920.0,-0.2769921123981476
7712187392.0,-0.28738144040107727
7713124864.0,-0.29615116119384766
7714062336.0,-0.30410993099212646
7714999808.0,-0.3081516921520233
7715937280.0,-0.31253090500831604
7716874752.0,-0.3135223388671875
7717812736.0,-0.3137170374393463
7718750208.0,-0.31364503502845764
7719687680.0,-0.3116028606891632
7720625152.0,-0.3069276213645935
7721562624.0,-0.30017879605293274
7722500096.0,-0.2936042845249176
7723437568.0,-0.2858019471168518
7724375040.0,-0.27860212326049805
7725312512.0,-0.26966848969459534
7726249984.0,-0.26091957092285156
7727187456.0,-0.25291720032691956
7728124928.0,-0.2461664378643036
7729062400.0,-0.23801490664482117
7729999872.0,-0.23186899721622467
7730937344.0,-0.225362628698349
7731874816.0,-0.21913836896419525
7732812288.0,-0.21343059837818146
7733749760.0,-0.207500621676445
7734687744.0,-0.2042684704065323
7735625216.0,-0.200240358710289
7736562688.0,-0.19805508852005005
7737500160.0,-0.19594703614711761
7738437632.0,-0.19379398226737976
7739375104.0,-0.19445079565048218
7740312576.0,-0.19618527591228485
7741250048.0,-0.19904857873916626
7742187520.0,-0.20262646675109863
7743124992.0,-0.2075047641992569
7744062464.0,-0.17788539826869965
7744999936.0,-0.1418003886938095
7745937408.0,-0.10298110544681549
7746874880.0,-0.06246248632669449
7747812352.0,-0.022847935557365417
7748749824.0,0.015491893514990807
7749687296.0,0.05079710856080055
7750624768.0,0.08402649313211441
7751562752.0,0.11535526067018509
7752500224.0,0.14285166561603546
7753437696.0,0.16792160272598267
7754375168.0,0.18949109315872192
7755312640.0,0.20672671496868134
7756250112.0,0.22119292616844177
7757187584.0,0.23111248016357422
7758125056.0,0.23758037388324738
7759062528.0,0.24119515717029572
7760000000.0,0.240473210811615
7760937472.0,0.2387319654226303
7761874944.0,0.23228208720684052
7762812416.0,0.22356261312961578
7763749888.0,0.21228255331516266
7764687360.0,0.19959081709384918
7765624832.0,0.18336857855319977
7766562304.0,0.1669064313173294
7767499776.0,0.14897294342517853
7768437248.0,0.12864026427268982
7769375232.0,0.10810988396406174
7770312704.0,0.08653254061937332
7771250176.0,0.06562446802854538
7772187648.0,0.045521076768636703
7773125120.0,0.024568859487771988
7774062592.0,0.004082319792360067
7775000064.0,-0.01664218120276928
7775937536.0,-0.03635990992188454
7776875008.0,-0.05695600062608719
7777812480.0,-0.07481122016906738
7778749952.0,-0.09279754757881165
7779687424.0,-0.11024891585111618
7780624896.0,-0.12582391500473022
7781562368.0,-0.14106833934783936
7782499840.0,-0.15445969998836517
7783437312.0,-0.16768328845500946
7784374784.0,-0.17995230853557587
7785312256.0,-0.1909458488225937
7786250240.0,-0.20123903453350067
7787187712.0,-0.2111891806125641
7788125184.0,-0.2205948829650879
7789062656.0,-0.22821494936943054
7790000128.0,-0.2362273782491684
7790937600.0,-0.24214905500411987
7791875072.0,-0.24986740946769714
7792812544.0,-0.2541491687297821
7793750016.0,-0.25931283831596375
7794687488.0,-0.2631854712963104
7795624960.0,-0.2676522433757782
7796562432.0,-0.2714006304740906
7797499904.0,-0.2776315212249756
7798437376.0,-0.2831503748893738
7799374848.0,-0.28815609216690063
7800312320.0,-0.29023608565330505
7801249792.0,-0.29194387793540955
7802187264.0,-0.2903679609298706
7803125248.0,-0.28880611062049866
7804062720.0,-0.2702125310897827
7805000192.0,-0.2614273130893707
7805937664.0,-0.2502402663230896
7806875136.0,-0.23949608206748962
7807812608.0,-0.227589949965477
7808750080.0,-0.21382728219032288
7809687552.0,-0.20072372257709503
7810625024.0,-0.1866382509469986
7811562496.0,-0.17035649716854095
7812499968.0,-0.15465478599071503
7813437440.0,-0.1391027420759201
7814374912.0,-0.12290247529745102
7815312384.0,-0.10642688721418381
7816249856.0,-0.09123021364212036
7817187328.0,-0.07331632077693939
7818124800.0,-0.05780371278524399
7819062272.0,-0.0418754406273365
7820000256.0,-0.024934669956564903
7820937728.0,-0.01084042713046074
7821875200.0,0.0029637054540216923
7822812672.0,0.012853643856942654
7823750144.0,0.023751275613904
7824687616.0,0.03285550698637962
7825625088.0,0.042023271322250366
7826562560.0,0.049531515687704086
7827500032.0,0.056856654584407806
7828437504.0,0.06358791142702103
7829374976.0,0.0686635747551918
7830312448.0,0.07284685224294662
7831249920.0,0.07722815126180649
7832187392.0,0.08051543682813644
7833124864.0,0.08363258093595505
7834062336.0,0.08574764430522919
7834999808.0,0.08760235458612442
7835937280.0,0.08802089095115662
7836874752.0,0.09036482870578766
7837812736.0,0.0913345217704773
7838750208.0,0.09278019517660141
7839687680.0,0.09281326830387115
7840625152.0,0.09248489886522293
7841562624.0,0.09256342798471451
7842500096.0,0.09259849041700363
7843437568.0,0.09096384048461914
7844375040.0,0.0912696048617363
7845312512.0,0.08918178826570511
7846249984.0,0.08805814385414124
7847187456.0,0.08593519032001495
7848124928.0,0.08283653855323792
7849062400.0,0.07771709561347961
7849999872.0,0.07296829670667648
7850937344.0,0.06697217375040054
7851874816.0,0.06223956122994423
7852812288.0,0.05535869672894478
7853749760.0,0.04826509580016136
7854687744.0,0.04051477834582329
7855625216.0,0.03187401965260506
7856562688.0,0.022801581770181656
7857500160.0,0.013059164397418499
7858437632.0,0.0036400947719812393
7859375104.0,-0.007122387643903494
7860312576.0,-0.017049135640263557
7861250048.0,-0.02797768823802471
7862187520.0,-0.03807738795876503
7863124992.0,-0.04846689850091934
7864062464.0,0.05284567177295685
7864999936.0,0.04340783879160881
7865937408.0,0.034509580582380295
7866874880.0,0.0259463619440794
7867812352.0,0.018996188417077065
7868749824.0,0.012764439918100834
7869687296.0,0.0055735488422214985
7870624768.0,0.0010272555518895388
7871562752.0,-0.003427994903177023
7872500224.0,-0.007598969154059887
7873437696.0,-0.014248601160943508
7874375168.0,-0.02043127827346325
7875312640.0,-0.028291404247283936
7876250112.0,-0.035596758127212524
7877187584.0,-0.04381214827299118
7878125056.0,-0.05211397260427475
7879062528.0,-0.06142241507768631
7880000000.0,-0.07124744355678558
7880937472.0,-0.08157650381326675
7881874944.0,-0.09450652450323105
7882812416.0,-0.10778278857469559
7883749888.0,-0.12272092700004578
7884687360.0,-0.13778355717658997
7885624832.0,-0.15539322793483734
7886562304.0,-0.17532356083393097
7887499776.0,-0.19527235627174377
7888437248.0,-0.2171243131160736
7889375232.0,-0.24185024201869965
7890312704.0,-0.26608601212501526
7891250176.0,-0.2901330590248108
7892187648.0,-0.3159206807613373
7893125120.0,-0.34053534269332886
7894062592.0,-0.36414510011672974
7895000064.0,-0.38904309272766113
7895937536.0,-0.412515252828598
7896875008.0,-0.43447408080101013
7897812480.0,-0.454464852809906
7898749952.0,-0.47181597352027893
7899687424.0,-0.48733073472976685
7900624896.0,-0.4992946684360504
7901562368.0,-0.5089594125747681
7902499840.0,-0.5164752006530762
7903437312.0,-0.5209705829620361
7904374784.0,-0.5211187601089478
7905312256.0,-0.5193788409233093
7906250240.0,-0.514542281627655
7907187712.0,-0.5062206387519836
7908125184.0,-0.4962417781352997
7909062656.0,-0.48168182373046875
7910000128.0,-0.4649411141872406
7910937600.0,-0.44655841588974
7911875072.0,-0.4255557656288147
7912812544.0,-0.4020937383174896
7913750016.0,-0.37677863240242004
7914687488.0,-0.3497330844402313
7915624960.0,-0.3217906951904297
7916562432.0,-0.2919236123561859
7917499904.0,-0.2624080181121826
7918437376.0,-0.2310546487569809
7919374848.0,-0.2005453258752823
7920312320.0,-0.1697460263967514
7921249792.0,-0.13981592655181885
7922187264.0,-0.10979224741458893
7923125248.0,-0.08176736533641815
7924062720.0,0.06085390970110893
7925000192.0,0.08327817171812057
7925937664.0,0.10262973606586456
7926875136.0,0.11964709311723709
7927812608.0,0.13424362242221832
7928750080.0,0.14567923545837402
7929687552.0,0.15413205325603485
7930625024.0,0.1616148203611374
7931562496.0,0.16491784155368805
7932499968.0,0.16642357409000397
7933437440.0,0.16659478843212128
7934374912.0,0.1636924147605896
7935312384.0,0.1590360850095749
7936249856.0,0.15180473029613495
7937187328.0,0.14172640442848206
7938124800.0,0.13165704905986786
7939062272.0,0.1194753423333168
7939999744.0,0.10606779158115387
7940937728.0,0.09066881239414215
7941875200.0,0.07561313360929489
7942812672.0,0.05624574050307274
7943750144.0,0.03727011755108833
7944687616.0,0.015826424583792686
7945625088.0,-0.003239111276343465
7946562560.0,-0.02511580102145672
7947500032.0,-0.0473620630800724
7948437504.0,-0.07004328072071075
7949374976.0,-0.0924147367477417
7950312448.0,-0.11363813281059265
7951249920.0,-0.13476820290088654
7952187392.0,-0.1566723734140396
7953124864.0,-0.1787194013595581
7954062336.0,-0.20147773623466492
7954999808.0,-0.22264043986797333
7955937280.0,-0.2447962462902069
7956874752.0,-0.2668808698654175
7957812736.0,-0.28823691606521606
7958750208.0,-0.3108219504356384
7959687680.0,-0.33121010661125183
7960625152.0,-0.35135456919670105
7961562624.0,-0.37103167176246643
7962500096.0,-0.3904139995574951
7963437568.0,-0.4084285795688629
7964375040.0,-0.425945907831192
7965312512.0,-0.44199809432029724
7966249984.0,-0.4574611783027649
7967187456.0,-0.47089749574661255
7968124928.0,-0.48369771242141724
7969062400.0,-0.4950188100337982
7969999872.0,-0.5055068731307983
7970937344.0,-0.5124189853668213
7971874816.0,-0.5191807150840759
7972812288.0,-0.5232964754104614
7973749760.0,-0.5267252326011658
7974687744.0,-0.5268890857696533
7975625216.0,-0.524321973323822
7976562688.0,-0.5217282772064209
7977500160.0,-0.5153874158859253
7978437632.0,-0.5082995295524597
7979375104.0,-0.49818769097328186
7980312576.0,-0.4853481352329254
7981250048.0,-0.47028693556785583
7982187520.0,-0.4539472758769989
7983124992.0,-0.4361465275287628
7984062464.0,-0.41330036520957947
7984999936.0,-0.3984344005584717
7985937408.0,-0.38305217027664185
7986874880.0,-0.3660215735435486
7987812352.0,-0.34893250465393066
7988749824.0,-0.3294244706630707
7989687296.0,-0.31006693840026855
7990624768.0,-0.29000189900398254
7991562752.0,-0.2693778872489929
7992500224.0,-0.24906648695468903
7993437696.0,-0.22705990076065063
7994375168.0,-0.20773626863956451
7995312640.0,-0.18740764260292053
7996250112.0,-0.16696599125862122
7997187584.0,-0.1464851349592209
7998125056.0,-0.12795303761959076
7999062528.0,-0.11006231606006622
8000000000.0,-0.09211063385009766
