Frequency (Hz),Measurement
2000000000.0,0.14604441821575165
2000937472.0,0.13943706452846527
2001874944.0,0.13535311818122864
2002812544.0,0.13150739669799805
2003750016.0,0.1265179067850113
2004687488.0,0.12219618260860443
2005624960.0,0.11715057492256165
2006562560.0,0.11188951134681702
2007500032.0,0.10672131925821304
2008437504.0,0.10115782171487808
2009374976.0,0.0952342078089714
2010312448.0,0.0892784520983696
2011250048.0,0.08321351557970047
2012187520.0,0.07793209701776505
2013124992.0,0.0716378465294838
2014062464.0,0.06500992923974991
2015000064.0,0.05925455316901207
2015937536.0,0.05378248915076256
2016875008.0,0.04842991381883621
2017812480.0,0.042246393859386444
2018749952.0,0.037131574004888535
2019687552.0,0.03223221376538277
2020625024.0,0.027316445484757423
2021562496.0,0.023321352899074554
2022499968.0,0.0195675827562809
2023437440.0,0.016257653012871742
2024375040.0,0.013723216950893402
2025312512.0,0.012643357738852501
2026249984.0,0.011134834960103035
2027187456.0,0.011299220845103264
2028125056.0,0.011411991901695728
2029062528.0,0.012602276168763638
2030000000.0,0.014740798622369766
2030937472.0,0.017490526661276817
2031874944.0,0.02148488722741604
2032812544.0,0.02636159583926201
2033750016.0,0.03143930062651634
2034687488.0,0.03721056133508682
2035624960.0,0.04378905147314072
2036562560.0,0.051584530621767044
2037500032.0,0.05832086503505707
2038437504.0,0.06722073256969452
2039374976.0,0.07522260397672653
2040312448.0,0.08398772776126862
2041250048.0,0.09210662543773651
2042187520.0,0.10079822689294815
2043124992.0,0.10842699557542801
2044062464.0,0.11631963402032852
2044999936.0,0.12233112752437592
2045937536.0,0.128180593252182
2046875008.0,0.13396844267845154
2047812480.0,0.13828235864639282
2048749952.0,0.14758694171905518
2049687552.0,0.14216572046279907
2050625024.0,0.13676941394805908
2051562496.0,0.13128769397735596
2052499968.0,0.1252029687166214
2053437440.0,0.11825184524059296
2054375040.0,0.11072400212287903
2055312512.0,0.10418328642845154
2056249984.0,0.09625827521085739
2057187456.0,0.08851731568574905
2058125056.0,0.08242382109165192
2059062528.0,0.07486286759376526
2060000000.0,0.06773772090673447
2060937472.0,0.060481082648038864
2061874944.0,0.05430922284722328
2062812544.0,0.04853762313723564
2063750016.0,0.042788952589035034
2064687488.0,0.03749141842126846
2065624960.0,0.03153305500745773
2066562560.0,0.02692299522459507
2067500032.0,0.021952271461486816
2068437504.0,0.01806015335023403
2069374976.0,0.014763988554477692
2070312448.0,0.011756639927625656
2071250048.0,0.008600457571446896
2072187520.0,0.005515124183148146
2073124992.0,0.0027433892246335745
2074062464.0,0.0008723679929971695
2075000064.0,-0.0015932155074551702
2075937536.0,-0.001887505641207099
2076875008.0,-0.003542656544595957
2077812480.0,-0.0039875986985862255
2078749952.0,-0.004033408593386412
2079687552.0,-0.0036801567766815424
2080625024.0,-0.003929796628654003
2081562496.0,-0.0031183562241494656
2082499968.0,-0.0011950851185247302
2083437440.0,0.0007347204373218119
2084375040.0,0.0033486117608845234
2085312512.0,0.005956055596470833
2086249984.0,0.009508009068667889
2087187456.0,0.013943835161626339
2088125056.0,0.018398381769657135
2089062528.0,0.023186277598142624
2090000000.0,0.029053980484604836
2090937472.0,0.03482610732316971
2091874944.0,0.041559867560863495
2092812544.0,0.049327947199344635
2093750016.0,0.05784542113542557
2094687488.0,0.0661127045750618
2095624960.0,0.07516559213399887
2096562560.0,0.08488404005765915
2097500032.0,0.09662360697984695
2098437504.0,0.10694928467273712
2099374976.0,0.1185002252459526
2100312448.0,0.13097092509269714
2101250048.0,0.14287233352661133
2102187520.0,0.1551952362060547
2103124992.0,0.16867567598819733
2104062464.0,0.18159562349319458
2104999936.0,0.1958153247833252
2105937536.0,0.20923197269439697
2106875008.0,0.22210155427455902
2107812480.0,0.2343038022518158
2108749952.0,0.2744576632976532
2109687552.0,0.28221067786216736
2110625024.0,0.2897680699825287
2111562496.0,0.29640448093414307
2112499968.0,0.3022997975349426
2113437440.0,0.30739057064056396
2114375040.0,0.3096691966056824
2115312512.0,0.31040096282958984
2116249984.0,0.30867210030555725
2117187456.0,0.3043617010116577
2118125056.0,0.2979775369167328
2119062528.0,0.2872983515262604
2120000000.0,0.2751113772392273
2120937472.0,0.25900015234947205
2121874944.0,0.24088743329048157
2122812544.0,0.2199176847934723
2123750016.0,0.19658192992210388
2124687488.0,0.17158247530460358
2125624960.0,0.14642268419265747
2126562560.0,0.11941538006067276
2127500032.0,0.09132184833288193
2128437504.0,0.06434057652950287
2129374976.0,0.03738996013998985
2130312448.0,0.01206381618976593
2131250048.0,-0.011653427965939045
2132187520.0,-0.03437180072069168
2133124992.0,-0.05420716479420662
2134062464.0,-0.07153522223234177
2135000064.0,-0.086612269282341
2135937536.0,-0.0981898382306099
2136875008.0,-0.1080535426735878
2137812480.0,-0.1136765256524086
2138749952.0,-0.11745131760835648
2139687552.0,-0.1177901029586792
2140625024.0,-0.11599063873291016
2141562496.0,-0.11125770956277847
2142499968.0,-0.10461035370826721
2143437440.0,-0.09578453749418259
2144375040.0,-0.08604800701141357
2145312512.0,-0.07289102673530579
2146249984.0,-0.060629285871982574
2147187456.0,-0.04655688256025314
2148124928.0,-0.03092997707426548
2149062400.0,-0.016895025968551636
2150000128.0,-0.0022446145303547382
2150937600.0,0.012488752603530884
2151875072.0,0.02626911737024784
2152812544.0,0.041194915771484375
2153750016.0,0.0545203797519207
2154687488.0,0.06735998392105103
2155624960.0,0.07968592643737793
2156562432.0,0.0906539261341095
2157499904.0,0.10220114141702652
2158437376.0,0.11204233765602112
2159375104.0,0.12173160910606384
2160312576.0,0.13159577548503876
2161250048.0,0.14018718898296356
2162187520.0,0.14902397990226746
2163124992.0,0.15760010480880737
2164062464.0,0.16536593437194824
2164999936.0,0.17400816082954407
2165937408.0,0.1818082183599472
2166874880.0,0.1904553323984146
2167812608.0,0.19745704531669617
2168750080.0,0.22259850800037384
2169687552.0,0.23452869057655334
2170625024.0,0.2461031675338745
2171562496.0,0.2564868628978729
2172499968.0,0.2668847441673279
2173437440.0,0.2761300504207611
2174374912.0,0.2862575948238373
2175312384.0,0.29341840744018555
2176250112.0,0.3003748655319214
2177187584.0,0.30480408668518066
2178125056.0,0.3082630932331085
2179062528.0,0.30922889709472656
2180000000.0,0.30961981415748596
2180937472.0,0.3071178197860718
2181874944.0,0.3020479083061218
2182812416.0,0.2961522042751312
2183749888.0,0.28677064180374146
2184687616.0,0.2764631509780884
2185625088.0,0.2637579143047333
2186562560.0,0.2493457794189453
2187500032.0,0.23315206170082092
2188437504.0,0.21549759805202484
2189374976.0,0.1969357281923294
2190312448.0,0.1776757836341858
2191249920.0,0.15722233057022095
2192187392.0,0.13609212636947632
2193125120.0,0.11469323933124542
2194062592.0,0.09386919438838959
2195000064.0,0.07382414489984512
2195937536.0,0.05342906340956688
2196875008.0,0.03463258594274521
2197812480.0,0.016822801902890205
2198749952.0,0.0006806477322243154
2199687424.0,-0.014845338650047779
2200624896.0,-0.02672729082405567
2201562624.0,-0.03731295466423035
2202500096.0,-0.04542705416679382
2203437568.0,-0.0528881773352623
2204375040.0,-0.057149145752191544
2205312512.0,-0.05924644693732262
2206249984.0,-0.05756767839193344
2207187456.0,-0.055080950260162354
2208124928.0,-0.050384968519210815
2209062400.0,-0.043548598885536194
2209999872.0,-0.03386610373854637
2210937600.0,-0.02413303032517433
2211875072.0,-0.011482380330562592
2212812544.0,0.0023753128480166197
2213750016.0,0.017566515132784843
2214687488.0,0.032875847071409225
2215624960.0,0.04908911511301994
2216562432.0,0.06647466123104095
2217499904.0,0.08404476940631866
2218437376.0,0.10169021785259247
2219375104.0,0.11899659037590027
2220312576.0,0.13574084639549255
2221250048.0,0.1526307761669159
2222187520.0,0.16686348617076874
2223124992.0,0.18179060518741608
2224062464.0,0.1947459727525711
2224999936.0,0.20709224045276642
2225937408.0,0.21686451137065887
2226874880.0,0.22617480158805847
2227812608.0,0.23211920261383057
2228750080.0,0.2049175202846527
2229687552.0,0.21024389564990997
2230625024.0,0.21616731584072113
2231562496.0,0.21972858905792236
2232499968.0,0.2217920422554016
2233437440.0,0.22174151241779327
2234374912.0,0.22079075872898102
2235312384.0,0.2176869660615921
2236250112.0,0.21307256817817688
2237187584.0,0.20604942739009857
2238125056.0,0.19637680053710938
2239062528.0,0.18470169603824615
2240000000.0,0.17231467366218567
2240937472.0,0.15597862005233765
2241874944.0,0.13970352709293365
2242812416.0,0.12178646773099899
2243749888.0,0.10250653326511383
2244687616.0,0.08153253048658371
2245625088.0,0.06118207797408104
2246562560.0,0.039960529655218124
2247500032.0,0.019137628376483917
2248437504.0,-0.0010410655522719026
2249374976.0,-0.0210676621645689
2250312448.0,-0.03892017900943756
2251249920.0,-0.056713543832302094
2252187392.0,-0.07177095115184784
2253125120.0,-0.08473126590251923
2254062592.0,-0.09628380089998245
2255000064.0,-0.10456518083810806
2255937536.0,-0.11055334657430649
2256875008.0,-0.11394427716732025
2257812480.0,-0.11595442146062851
2258749952.0,-0.11503138393163681
2259687424.0,-0.1104222759604454
2260624896.0,-0.10599390417337418
2261562624.0,-0.09646503627300262
2262500096.0,-0.08741044253110886
2263437568.0,-0.07540047913789749
2264375040.0,-0.06424550712108612
2265312512.0,-0.04993557184934616
2266249984.0,-0.03467525169253349
2267187456.0,-0.018322372809052467
2268124928.0,-0.0015671413857489824
2269062400.0,0.016212735325098038
2270000128.0,0.032806944102048874
2270937600.0,0.05128214508295059
2271875072.0,0.06793583929538727
2272812544.0,0.08608000725507736
2273750016.0,0.10143556445837021
2274687488.0,0.11780883371829987
2275624960.0,0.13348406553268433
2276562432.0,0.1471431404352188
2277499904.0,0.16052818298339844
2278437376.0,0.17337743937969208
2279375104.0,0.18535839021205902
2280312576.0,0.1948653906583786
2281250048.0,0.20519642531871796
2282187520.0,0.21387676894664764
2283124992.0,0.2219267189502716
2284062464.0,0.22915197908878326
2284999936.0,0.23465116322040558
2285937408.0,0.24020043015480042
2286874880.0,0.24482081830501556
2287812608.0,0.24845877289772034
2288750080.0,0.26019495725631714
2289687552.0,0.2681041955947876
2290625024.0,0.2758033871650696
2291562496.0,0.2835574150085449
2292499968.0,0.291256844997406
2293437440.0,0.29857271909713745
2294374912.0,0.30450934171676636
2295312384.0,0.31019794940948486
2296250112.0,0.3145652711391449
2297187584.0,0.3178923726081848
2298125056.0,0.3205901086330414
2299062528.0,0.32128044962882996
2300000000.0,0.31927284598350525
2300937472.0,0.31607893109321594
2301874944.0,0.3098890483379364
2302812416.0,0.3018042743206024
2303749888.0,0.29045823216438293
2304687616.0,0.276461660861969
2305625088.0,0.2599330246448517
2306562560.0,0.24098388850688934
2307500032.0,0.21948601305484772
2308437504.0,0.1957789659500122
2309374976.0,0.17001007497310638
2310312448.0,0.1436433345079422
2311249920.0,0.11416733264923096
2312187392.0,0.0851767286658287
2313125120.0,0.05678809806704521
2314062592.0,0.027342963963747025
2315000064.0,-0.000881219923030585
2315937536.0,-0.028430692851543427
2316875008.0,-0.05373110994696617
2317812480.0,-0.07756942510604858
2318749952.0,-0.09972862154245377
2319687424.0,-0.11898453533649445
2320624896.0,-0.13618811964988708
2321562624.0,-0.1509328931570053
2322500096.0,-0.16390520334243774
2323437568.0,-0.1741074025630951
2324375040.0,-0.1815890371799469
2325312512.0,-0.188165083527565
2326249984.0,-0.1921737939119339
2327187456.0,-0.1934407502412796
2328124928.0,-0.19419384002685547
2329062400.0,-0.19200830161571503
2329999872.0,-0.18933901190757751
2330937600.0,-0.18394169211387634
2331875072.0,-0.17873278260231018
2332812544.0,-0.17106446623802185
2333750016.0,-0.16157600283622742
2334687488.0,-0.15047916769981384
2335624960.0,-0.13786567747592926
2336562432.0,-0.12408896535634995
2337499904.0,-0.10800902545452118
2338437376.0,-0.09037201851606369
2339375104.0,-0.07207977026700974
2340312576.0,-0.05128995329141617
2341250048.0,-0.029404712840914726
2342187520.0,-0.005678441375494003
2343124992.0,0.018244653940200806
2344062464.0,0.044088516384363174
2344999936.0,0.06927268952131271
2345937408.0,0.09535522013902664
2346874880.0,0.12157517671585083
2347812608.0,0.1477738469839096
2348750080.0,0.20310631394386292
2349687552.0,0.2183612883090973
2350625024.0,0.23083148896694183
2351562496.0,0.24030403792858124
2352499968.0,0.24576057493686676
2353437440.0,0.248540997505188
2354374912.0,0.24839554727077484
2355312384.0,0.2440875917673111
2356250112.0,0.23552487790584564
2357187584.0,0.22572915256023407
2358125056.0,0.2110615074634552
2359062528.0,0.1942480504512787
2360000000.0,0.17372944951057434
2360937472.0,0.15089716017246246
2361874944.0,0.12642651796340942
2362812416.0,0.10006839036941528
2363749888.0,0.07209672033786774
2364687616.0,0.043209321796894073
2365625088.0,0.01447953563183546
2366562560.0,-0.013725999742746353
2367500032.0,-0.04332761466503143
2368437504.0,-0.07213489711284637
2369374976.0,-0.09897146373987198
2370312448.0,-0.12545281648635864
2371249920.0,-0.14961621165275574
2372187392.0,-0.17261061072349548
2373125120.0,-0.1925753355026245
2374062592.0,-0.20981629192829132
2375000064.0,-0.22648151218891144
2375937536.0,-0.2382723093032837
2376875008.0,-0.24872510135173798
2377812480.0,-0.25592508912086487
2378749952.0,-0.2608591616153717
2379687424.0,-0.26239293813705444
2380624896.0,-0.26193031668663025
2381562624.0,-0.2583808898925781
2382500096.0,-0.25118422508239746
2383437568.0,-0.24423882365226746
2384375040.0,-0.23285751044750214
2385312512.0,-0.22078241407871246
2386249984.0,-0.20697027444839478
2387187456.0,-0.19145922362804413
2388124928.0,-0.17480497062206268
2389062400.0,-0.15687501430511475
2390000128.0,-0.13870157301425934
2390937600.0,-0.12118164449930191
2391875072.0,-0.10309303551912308
2392812544.0,-0.08677687495946884
2393750016.0,-0.06986410915851593
2394687488.0,-0.05534031614661217
2395624960.0,-0.04116557911038399
2396562432.0,-0.027295028790831566
2397499904.0,-0.01555558480322361
2398437376.0,-0.005068158730864525
2399375104.0,0.00462401332333684
2400312576.0,0.012152778916060925
2401250048.0,0.01904052309691906
2402187520.0,0.024415263906121254
2403124992.0,0.027880093082785606
2404062464.0,0.02949560433626175
2404999936.0,0.03113807737827301
2405937408.0,0.03194646164774895
2406874880.0,0.03064442239701748
2407812608.0,0.02914043329656124
2408750080.0,0.025249259546399117
2409687552.0,0.03059833124279976
2410625024.0,0.0341089591383934
2411562496.0,0.0343102291226387
2412499968.0,0.03285251930356026
2413437440.0,0.02926751598715782
2414374912.0,0.022685345262289047
2415312384.0,0.01435035839676857
2416250112.0,0.003530308371409774
2417187584.0,-0.008472669869661331
2418125056.0,-0.02396225929260254
2419062528.0,-0.039830341935157776
2420000000.0,-0.0578378401696682
2420937472.0,-0.07624510675668716
2421874944.0,-0.09614318609237671
2422812416.0,-0.11707062274217606
2423749888.0,-0.1387481987476349
2424687616.0,-0.16041190922260284
2425625088.0,-0.1825474351644516
2426562560.0,-0.20426340401172638
2427500032.0,-0.22749455273151398
2428437504.0,-0.24934525787830353
2429374976.0,-0.2709892690181732
2430312448.0,-0.2916789650917053
2431249920.0,-0.3123317062854767
2432187392.0,-0.33107566833496094
2433125120.0,-0.3480526804924011
2434062592.0,-0.36332643032073975
2435000064.0,-0.3784768581390381
2435937536.0,-0.3927156627178192
2436875008.0,-0.4042452573776245
2437812480.0,-0.41526585817337036
2438749952.0,-0.42387962341308594
2439687424.0,-0.4311307668685913
2440624896.0,-0.43783530592918396
2441562624.0,-0.441386342048645
2442500096.0,-0.44422945380210876
2443437568.0,-0.4451742172241211
2444375040.0,-0.4457172155380249
2445312512.0,-0.4450450837612152
2446249984.0,-0.44291412830352783
2447187456.0,-0.4400131404399872
2448124928.0,-0.4348176121711731
2449062400.0,-0.4299614429473877
2449999872.0,-0.4249829947948456
2450937600.0,-0.41947194933891296
2451875072.0,-0.4132619798183441
2452812544.0,-0.40757501125335693
2453750016.0,-0.4016670882701874
2454687488.0,-0.3957047462463379
2455624960.0,-0.38942238688468933
2456562432.0,-0.3829715847969055
2457499904.0,-0.37741801142692566
2458437376.0,-0.3722720146179199
2459375104.0,-0.36737021803855896
2460312576.0,-0.3635304868221283
2461250048.0,-0.3598659634590149
2462187520.0,-0.35813993215560913
2463124992.0,-0.35703709721565247
2464062464.0,-0.35855957865715027
2464999936.0,-0.3608284592628479
2465937408.0,-0.36590564250946045
2466874880.0,-0.3729594349861145
2467812608.0,-0.3829768896102905
2468750080.0,-0.4699913263320923
2469687552.0,-0.4920505881309509
2470625024.0,-0.5159855484962463
2471562496.0,-0.5436198711395264
2472499968.0,-0.5741644501686096
2473437440.0,-0.6090990900993347
2474374912.0,-0.6467152833938599
2475312384.0,-0.6870424151420593
2476250112.0,-0.7304181456565857
2477187584.0,-0.7770923376083374
2478125056.0,-0.8250155448913574
2479062528.0,-0.8783119320869446
2480000000.0,-0.9332800507545471
2480937472.0,-0.9920469522476196
2481874944.0,-1.0526267290115356
2482812416.0,-1.1174101829528809
2483749888.0,-1.1851801872253418
2484687616.0,-1.257625699043274
2485625088.0,-1.3330289125442505
2486562560.0,-1.4118916988372803
2487500032.0,-1.4964711666107178
2488437504.0,-1.583012580871582
2489374976.0,-1.6757633686065674
2490312448.0,-1.7704514265060425
2491249920.0,-1.870303750038147
2492187392.0,-1.97428297996521
2493125120.0,-2.0812578201293945
2494062592.0,-2.193225145339966
2495000064.0,-2.3102307319641113
2495937536.0,-2.435361862182617
2496875008.0,-2.5658764839172363
2497812480.0,-2.705754041671753
2498749952.0,-2.8535876274108887
2499687424.0,-3.0094950199127197
2500624896.0,-3.176474094390869
2501562624.0,-3.3547966480255127
2502500096.0,-3.5467445850372314
2503437568.0,-3.7535512447357178
2504375040.0,-3.9750537872314453
2505312512.0,-4.213226318359375
2506249984.0,-4.4675188064575195
2507187456.0,-4.740755558013916
2508124928.0,-5.030031681060791
2509062400.0,-5.334713459014893
2510000128.0,-5.6568145751953125
2510937600.0,-5.992203712463379
2511875072.0,-6.3351640701293945
2512812544.0,-6.67435884475708
2513750016.0,-6.999390125274658
2514687488.0,-7.293450832366943
2515624960.0,-7.547619342803955
2516562432.0,-7.750986576080322
2517499904.0,-7.883178234100342
2518437376.0,-7.936895370483398
2519375104.0,-7.898843765258789
2520312576.0,-7.7726263999938965
2521250048.0,-7.570428848266602
2522187520.0,-7.301819324493408
2523124992.0,-6.982158660888672
2524062464.0,-6.62686014175415
2524999936.0,-6.249856472015381
2525937408.0,-5.8612565994262695
2526874880.0,-5.474839210510254
2527812608.0,-5.096308708190918
2528750080.0,-4.727233409881592
2529687552.0,-4.3860673904418945
2530625024.0,-4.068197727203369
2531562496.0,-3.771489381790161
2532499968.0,-3.4953224658966064
2533437440.0,-3.238676071166992
2534374912.0,-3.001643657684326
2535312384.0,-2.7840073108673096
2536250112.0,-2.5833330154418945
2537187584.0,-2.4012670516967773
2538125056.0,-2.2372934818267822
2539062528.0,-2.086536407470703
2540000000.0,-1.9506855010986328
2540937472.0,-1.8261663913726807
2541874944.0,-1.7142016887664795
2542812416.0,-1.6122593879699707
2543749888.0,-1.5199605226516724
2544687616.0,-1.4346444606781006
2545625088.0,-1.358502984046936
2546562560.0,-1.290867567062378
2547500032.0,-1.228994607925415
2548437504.0,-1.1748236417770386
2549374976.0,-1.1253130435943604
2550312448.0,-1.0808439254760742
2551249920.0,-1.0403308868408203
2552187392.0,-1.0041849613189697
2553125120.0,-0.9719555974006653
2554062592.0,-0.9420415759086609
2555000064.0,-0.9156122803688049
2555937536.0,-0.8911061882972717
2556875008.0,-0.8689199686050415
2557812480.0,-0.8478488922119141
2558749952.0,-0.8281943202018738
2559687424.0,-0.8082844018936157
2560624896.0,-0.7901630401611328
2561562624.0,-0.7704580426216125
2562500096.0,-0.7518844604492188
2563437568.0,-0.7326626777648926
2564375040.0,-0.7134778499603271
2565312512.0,-0.693131148815155
2566249984.0,-0.6730283498764038
2567187456.0,-0.6514762043952942
2568124928.0,-0.6296506524085999
2569062400.0,-0.6073102951049805
2569999872.0,-0.5837964415550232
2570937600.0,-0.5590071678161621
2571875072.0,-0.5329658389091492
2572812544.0,-0.5065271854400635
2573750016.0,-0.47956177592277527
2574687488.0,-0.451116681098938
2575624960.0,-0.4213288426399231
2576562432.0,-0.3920842111110687
2577499904.0,-0.36234891414642334
2578437376.0,-0.3307977020740509
2579375104.0,-0.3005598783493042
2580312576.0,-0.2698329985141754
2581250048.0,-0.24006503820419312
2582187520.0,-0.21010072529315948
2583124992.0,-0.1809975951910019
2584062464.0,-0.1520117223262787
2584999936.0,-0.12525729835033417
2585937408.0,-0.09949466586112976
2586874880.0,-0.07466208934783936
2587812608.0,-0.05154900252819061
2588750080.0,-0.02792958728969097
2589687552.0,-0.014640269801020622
2590625024.0,-0.0017235999694094062
2591562496.0,0.008772007189691067
2592499968.0,0.018010960891842842
2593437440.0,0.023311937227845192
2594374912.0,0.028021877631545067
2595312384.0,0.030617831274867058
2596250112.0,0.030890531837940216
2597187584.0,0.030264077708125114
2598125056.0,0.026174649596214294
2599062528.0,0.02222161367535591
2600000000.0,0.015991780906915665
2600937472.0,0.007231977302581072
2601874944.0,-0.0004269237688276917
2602812416.0,-0.011147052980959415
2603749888.0,-0.023167895153164864
2604687616.0,-0.03476559370756149
2605625088.0,-0.04746413230895996
2606562560.0,-0.05986599251627922
2607500032.0,-0.07365401834249496
2608437504.0,-0.08791918307542801
2609374976.0,-0.10139182955026627
2610312448.0,-0.11451676487922668
2611249920.0,-0.1281934678554535
2612187392.0,-0.14092783629894257
2613125120.0,-0.15303438901901245
2614062592.0,-0.1652877926826477
2615000064.0,-0.17546914517879486
2615937536.0,-0.18537147343158722
2616875008.0,-0.19408074021339417
2617812480.0,-0.2022356539964676
2618749952.0,-0.20896272361278534
2619687424.0,-0.21433131396770477
2620624896.0,-0.21862664818763733
2621562624.0,-0.22013872861862183
2622500096.0,-0.22159899771213531
2623437568.0,-0.22157824039459229
2624375040.0,-0.218125119805336
2625312512.0,-0.21501323580741882
2626249984.0,-0.2103990614414215
2627187456.0,-0.20324209332466125
2628124928.0,-0.19484955072402954
2629062400.0,-0.18481896817684174
2630000128.0,-0.1743651032447815
2630937600.0,-0.16188296675682068
2631875072.0,-0.14819443225860596
2632812544.0,-0.13401076197624207
2633750016.0,-0.11780398339033127
2634687488.0,-0.10144966095685959
2635624960.0,-0.08396418392658234
2636562432.0,-0.06558769196271896
2637499904.0,-0.04720676690340042
2638437376.0,-0.027573511004447937
2639375104.0,-0.008473995141685009
2640312576.0,0.010000322945415974
2641250048.0,0.029413459822535515
2642187520.0,0.04839281737804413
2643124992.0,0.0664716437458992
2644062464.0,0.0835559293627739
2644999936.0,0.1009402945637703
2645937408.0,0.11692191660404205
2646874880.0,0.13105903565883636
2647812608.0,0.15713262557983398
2648750080.0,0.17045697569847107
2649687552.0,0.1834891140460968
2650625024.0,0.19428390264511108
2651562496.0,0.20256394147872925
2652499968.0,0.2075328230857849
2653437440.0,0.21081626415252686
2654374912.0,0.21189738810062408
2655312384.0,0.20914359390735626
2656250112.0,0.20551256835460663
2657187584.0,0.19865289330482483
2658125056.0,0.1896815150976181
2659062528.0,0.1783822625875473
2660000000.0,0.16575728356838226
2660937472.0,0.15101352334022522
2661874944.0,0.13396717607975006
2662812416.0,0.11633150279521942
2663749888.0,0.09780330210924149
2664687616.0,0.07770232856273651
2665625088.0,0.05648236349225044
2666562560.0,0.03619329631328583
2667500032.0,0.014904101379215717
2668437504.0,-0.005362195428460836
2669374976.0,-0.0259439405053854
2670312448.0,-0.045424073934555054
2671249920.0,-0.0641711875796318
2672187392.0,-0.08216335624456406
2673125120.0,-0.09777668863534927
2674062592.0,-0.11364000290632248
2675000064.0,-0.12631747126579285
2675937536.0,-0.13884806632995605
2676875008.0,-0.1488885134458542
2677812480.0,-0.15686939656734467
2678749952.0,-0.163405179977417
2679687424.0,-0.16751086711883545
2680624896.0,-0.16834834218025208
2681562624.0,-0.16793902218341827
2682500096.0,-0.16504156589508057
2683437568.0,-0.16185304522514343
2684375040.0,-0.15639863908290863
2685312512.0,-0.14772291481494904
2686249984.0,-0.137094184756279
2687187456.0,-0.12580429017543793
2688124928.0,-0.1133689433336258
2689062400.0,-0.09869876503944397
2689999872.0,-0.08200428634881973
2690937600.0,-0.06642652302980423
2691875072.0,-0.048676878213882446
2692812544.0,-0.03135489299893379
2693750016.0,-0.013988730497658253
2694687488.0,0.005492996424436569
2695624960.0,0.02447458542883396
2696562432.0,0.04246775060892105
2697499904.0,0.06056375801563263
2698437376.0,0.07809306681156158
2699375104.0,0.09448590874671936
2700312576.0,0.110714852809906
2701250048.0,0.12619894742965698
2702187520.0,0.14018656313419342
2703124992.0,0.15382352471351624
2704062464.0,0.16574296355247498
2704999936.0,0.17663215100765228
2705937408.0,0.18616805970668793
2706874880.0,0.1934836208820343
2707812608.0,0.21302467584609985
2708750080.0,0.21673662960529327
2709687552.0,0.2198554128408432
2710625024.0,0.22201909124851227
2711562496.0,0.22261439263820648
2712499968.0,0.22260154783725739
2713437440.0,0.2204609513282776
2714374912.0,0.21731533110141754
2715312384.0,0.21313291788101196
2716250112.0,0.20783579349517822
2717187584.0,0.2004786878824234
2718125056.0,0.19210265576839447
2719062528.0,0.18231797218322754
2720000000.0,0.17082345485687256
2720937472.0,0.15861815214157104
2721874944.0,0.14571936428546906
2722812416.0,0.13069187104701996
2723749888.0,0.11502186954021454
2724687616.0,0.09880981594324112
2725625088.0,0.08107426762580872
2726562560.0,0.06318499892950058
2727500032.0,0.044465094804763794
2728437504.0,0.025227271020412445
2729374976.0,0.005176483187824488
2730312448.0,-0.01436918880790472
2731249920.0,-0.03465725854039192
2732187392.0,-0.05380589887499809
2733125120.0,-0.07210679352283478
2734062592.0,-0.0910036712884903
2735000064.0,-0.10890058428049088
2735937536.0,-0.1252872794866562
2736875008.0,-0.1399489939212799
2737812480.0,-0.15349097549915314
2738749952.0,-0.16554464399814606
2739687424.0,-0.17545486986637115
2740624896.0,-0.1836269348859787
2741562624.0,-0.1896718293428421
2742500096.0,-0.1928577721118927
2743437568.0,-0.19392497837543488
2744375040.0,-0.19332802295684814
2745312512.0,-0.1888408660888672
2746249984.0,-0.18300975859165192
2747187456.0,-0.17563480138778687
2748124928.0,-0.1654260754585266
2749062400.0,-0.152518630027771
2750000128.0,-0.1378324031829834
2750937600.0,-0.12114370614290237
2751875072.0,-0.10294423997402191
2752812544.0,-0.08407622575759888
2753750016.0,-0.06328583508729935
2754687488.0,-0.042093437165021896
2755624960.0,-0.019555721431970596
2756562432.0,0.0030096243135631084
2757499904.0,0.02644631452858448
2758437376.0,0.04864869266748428
2759375104.0,0.07137308269739151
2760312576.0,0.09170954674482346
2761250048.0,0.1136481761932373
2762187520.0,0.13334603607654572
2763124992.0,0.15055206418037415
2764062464.0,0.16685202717781067
2764999936.0,0.1815556138753891
2765937408.0,0.193545863032341
2766874880.0,0.20463816821575165
2767812608.0,0.24546797573566437
2768750080.0,0.24842402338981628
2769687552.0,0.25066307187080383
2770625024.0,0.2494732290506363
2771562496.0,0.24964812397956848
2772499968.0,0.24547243118286133
2773437440.0,0.24207304418087006
2774374912.0,0.23523785173892975
2775312384.0,0.2273116558790207
2776250112.0,0.21922793984413147
2777187584.0,0.20875298976898193
2778125056.0,0.1979275643825531
2779062528.0,0.1862533837556839
2780000000.0,0.17348986864089966
2780937472.0,0.15937857329845428
2781874944.0,0.14504587650299072
2782812416.0,0.1307159811258316
2783749888.0,0.11553394049406052
2784687616.0,0.09990434348583221
2785625088.0,0.08441828191280365
2786562560.0,0.06852427124977112
2787500032.0,0.053484056144952774
2788437504.0,0.037676408886909485
2789374976.0,0.023438431322574615
2790312448.0,0.008855807594954967
2791249920.0,-0.005552072077989578
2792187392.0,-0.01931351236999035
2793125120.0,-0.03212806582450867
2794062592.0,-0.04384796693921089
2795000064.0,-0.054257821291685104
2795937536.0,-0.06455980241298676
2796875008.0,-0.07298609614372253
2797812480.0,-0.08070345222949982
2798749952.0,-0.08742992579936981
2799687424.0,-0.09186571836471558
2800624896.0,-0.0958712100982666
2801562624.0,-0.09830307960510254
2802500096.0,-0.09920597076416016
2803437568.0,-0.09783386439085007
2804375040.0,-0.09576646238565445
2805312512.0,-0.09167969226837158
2806249984.0,-0.08705392479896545
2807187456.0,-0.07869423180818558
2808124928.0,-0.07067523151636124
2809062400.0,-0.06108534336090088
2809999872.0,-0.049783170223236084
2810937600.0,-0.037480372935533524
2811875072.0,-0.02356209047138691
2812812544.0,-0.00973538402467966
2813750016.0,0.005488079506903887
2814687488.0,0.02121645025908947
2815624960.0,0.037494558840990067
2816562432.0,0.055341385304927826
2817499904.0,0.07254859805107117
2818437376.0,0.08893106877803802
2819375104.0,0.10655004531145096
2820312576.0,0.12396640330553055
2821250048.0,0.14094726741313934
2822187520.0,0.15605759620666504
2823124992.0,0.17080190777778625
2824062464.0,0.18483372032642365
2824999936.0,0.19728974997997284
2825937408.0,0.20843324065208435
2826874880.0,0.21712824702262878
2827812608.0,0.23182453215122223
2828750080.0,0.23736535012722015
2829687552.0,0.24051865935325623
2830625024.0,0.24216343462467194
2831562496.0,0.241219162940979
2832499968.0,0.23944132030010223
2833437440.0,0.23528286814689636
2834374912.0,0.228817418217659
2835312384.0,0.22225528955459595
2836250112.0,0.21272185444831848
2837187584.0,0.20180954039096832
2838125056.0,0.19017259776592255
2839062528.0,0.17631101608276367
2840000000.0,0.16227436065673828
2840937472.0,0.14698705077171326
2841874944.0,0.13083092868328094
2842812416.0,0.11477558314800262
2843749888.0,0.0970604419708252
2844687616.0,0.08013240247964859
2845625088.0,0.06281834840774536
2846562560.0,0.045301713049411774
2847500032.0,0.027646787464618683
2848437504.0,0.011428792029619217
2849374976.0,-0.005565277300775051
2850312448.0,-0.02043222449719906
2851249920.0,-0.034738946706056595
2852187392.0,-0.049253903329372406
2853125120.0,-0.06189914047718048
2854062592.0,-0.07226673513650894
2855000064.0,-0.0826985090970993
2855937536.0,-0.09134017676115036
2856875008.0,-0.09816206246614456
2857812480.0,-0.10385594516992569
2858749952.0,-0.1060863807797432
2859687424.0,-0.10895103216171265
2860624896.0,-0.10860219597816467
2861562624.0,-0.10807308554649353
2862500096.0,-0.105704165995121
2863437568.0,-0.10061648488044739
2864375040.0,-0.09328176081180573
2865312512.0,-0.0850922167301178
2866249984.0,-0.07584872841835022
2867187456.0,-0.06553347408771515
2868124928.0,-0.05257575213909149
2869062400.0,-0.03988074138760567
2870000128.0,-0.02507416158914566
2870937600.0,-0.011174943298101425
2871875072.0,0.005660091061145067
2872812544.0,0.022345533594489098
2873750016.0,0.03817972540855408
2874687488.0,0.05649750679731369
2875624960.0,0.07320521026849747
2876562432.0,0.09075771272182465
2877499904.0,0.10676311701536179
2878437376.0,0.12270689755678177
2879375104.0,0.1389695405960083
2880312576.0,0.15343329310417175
2881250048.0,0.16741779446601868
2882187520.0,0.18080401420593262
2883124992.0,0.19337745010852814
2884062464.0,0.20508122444152832
2884999936.0,0.21554085612297058
2885937408.0,0.2243543267250061
2886874880.0,0.2321469485759735
2887812608.0,0.21473853290081024
2888750080.0,0.21734793484210968
2889687552.0,0.2200397253036499
2890625024.0,0.22244912385940552
2891562496.0,0.22332271933555603
2892499968.0,0.22286605834960938
2893437440.0,0.22037628293037415
2894374912.0,0.21790170669555664
2895312384.0,0.2126486450433731
2896250112.0,0.20747868716716766
2897187584.0,0.2005101442337036
2898125056.0,0.19106043875217438
2899062528.0,0.18149878084659576
2900000000.0,0.16969835758209229
2900937472.0,0.1575796753168106
2901874944.0,0.14334751665592194
2902812416.0,0.1287369430065155
2903749888.0,0.11248250305652618
2904687616.0,0.09678688645362854
2905625088.0,0.07957299798727036
2906562560.0,0.06178489699959755
2907500032.0,0.044682763516902924
2908437504.0,0.027391070500016212
2909374976.0,0.010368587449193
2910312448.0,-0.006364576052874327
2911249920.0,-0.022342730313539505
2912187392.0,-0.03710135444998741
2913125120.0,-0.04988168179988861
2914062592.0,-0.06225428730249405
2915000064.0,-0.07217789441347122
2915937536.0,-0.08138922601938248
2916875008.0,-0.0876091942191124
2917812480.0,-0.09211751818656921
2918749952.0,-0.09398651123046875
2919687424.0,-0.09442657977342606
2920624896.0,-0.09269196540117264
2921562624.0,-0.08952278643846512
2922500096.0,-0.08251305669546127
2923437568.0,-0.07586094737052917
2924375040.0,-0.06462270766496658
2925312512.0,-0.05335088446736336
2926249984.0,-0.04097997769713402
2927187456.0,-0.025017548352479935
2928124928.0,-0.009323645383119583
2929062400.0,0.0064270091243088245
2929999872.0,0.024446213617920876
2930937600.0,0.042140088975429535
2931875072.0,0.059323281049728394
2932812544.0,0.07758766412734985
2933750016.0,0.09423074871301651
2934687488.0,0.11180128902196884
2935624960.0,0.1280517429113388
2936562432.0,0.1434083878993988
2937499904.0,0.15738774836063385
2938437376.0,0.17028576135635376
2939375104.0,0.18143509328365326
2940312576.0,0.19352543354034424
2941250048.0,0.20217102766036987
2942187520.0,0.20941360294818878
2943124992.0,0.21584418416023254
2944062464.0,0.22031442821025848
2944999936.0,0.22485734522342682
2945937408.0,0.22733387351036072
2946874880.0,0.22804562747478485
2947812608.0,0.20777320861816406
2948750080.0,0.20589400827884674
2949687552.0,0.203415185213089
2950625024.0,0.20034387707710266
2951562496.0,0.196818545460701
2952499968.0,0.19313858449459076
2953437440.0,0.18919816613197327
2954374912.0,0.1849590390920639
2955312384.0,0.18080765008926392
2956250112.0,0.17646294832229614
2957187584.0,0.17207831144332886
2958125056.0,0.1683955192565918
2959062528.0,0.16294850409030914
2960000000.0,0.1580357849597931
2960937472.0,0.15296857059001923
2961874944.0,0.1481190174818039
2962812416.0,0.14347854256629944
2963749888.0,0.13706393539905548
2964687616.0,0.13153591752052307
2965625088.0,0.1258649230003357
2966562560.0,0.11868081241846085
2967500032.0,0.11278597265481949
2968437504.0,0.10627873986959457
2969374976.0,0.0990934744477272
2970312448.0,0.09222576022148132
2971249920.0,0.08451686054468155
2972187392.0,0.0769401416182518
2973125120.0,0.07055669277906418
2974062592.0,0.06271887570619583
2975000064.0,0.055130232125520706
2975937536.0,0.048037972301244736
2976875008.0,0.04093657806515694
2977812480.0,0.03425491228699684
2978749952.0,0.028243986889719963
2979687424.0,0.022299086675047874
2980624896.0,0.017903080210089684
2981562624.0,0.013390741311013699
2982500096.0,0.008644124493002892
2983437568.0,0.005212696269154549
2984375040.0,0.0029931848403066397
2985312512.0,0.00022051716223359108
2986249984.0,-0.0014796535251662135
2987187456.0,-0.0013361627934500575
2988124928.0,-0.0017714712303131819
2989062400.0,-0.0015060266014188528
2990000128.0,-0.00025306109455414116
2990937600.0,0.0008652990800328553
2991875072.0,0.002337057376280427
2992812544.0,0.004031000658869743
2993750016.0,0.0063932486809790134
2994687488.0,0.008958264254033566
2995624960.0,0.011244825087487698
2996562432.0,0.013847669586539268
2997499904.0,0.016467440873384476
2998437376.0,0.019592121243476868
2999375104.0,0.021476775407791138
3000312576.0,0.027290023863315582
3001250048.0,0.03054932691156864
3002187520.0,0.032249629497528076
3003124992.0,0.03489512950181961
3004062464.0,0.036452703177928925
3004999936.0,0.03884216025471687
3005937408.0,0.03974640741944313
3006874880.0,0.04276805371046066
3007812608.0,0.1339649111032486
3008750080.0,0.1312527060508728
3009687552.0,0.1284049153327942
3010625024.0,0.12484744191169739
3011562496.0,0.12085064500570297
3012499968.0,0.11687210947275162
3013437440.0,0.11278912425041199
3014374912.0,0.10800549387931824
3015312384.0,0.10290148854255676
3016250112.0,0.09734489023685455
3017187584.0,0.09277530014514923
3018125056.0,0.08718141168355942
3019062528.0,0.08130865544080734
3020000000.0,0.07503661513328552
3020937472.0,0.06959836184978485
3021874944.0,0.06261838972568512
3022812416.0,0.057285845279693604
3023749888.0,0.05168185755610466
3024687616.0,0.044671431183815
3025625088.0,0.039048608392477036
3026562560.0,0.033472105860710144
3027500032.0,0.027617570012807846
3028437504.0,0.021250931546092033
3029374976.0,0.01524007972329855
3030312448.0,0.00945499911904335
3031249920.0,0.0035143906716257334
3032187392.0,-0.0021680190693587065
3033125120.0,-0.007079114206135273
3034062592.0,-0.012396442703902721
3035000064.0,-0.017938628792762756
3035937536.0,-0.023533817380666733
3036875008.0,-0.028325563296675682
3037812480.0,-0.033337123692035675
3038749952.0,-0.03807075321674347
3039687424.0,-0.04281460493803024
3040624896.0,-0.04715675860643387
3041562624.0,-0.050639886409044266
3042500096.0,-0.05328122526407242
3043437568.0,-0.05656876415014267
3044375040.0,-0.059843581169843674
3045312512.0,-0.06139686331152916
3046249984.0,-0.0642247423529625
3047187456.0,-0.06475261598825455
3048124928.0,-0.06434302777051926
3049062400.0,-0.06465838849544525
3049999872.0,-0.06441260129213333
3050937600.0,-0.06256113201379776
3051875072.0,-0.06080937385559082
3052812544.0,-0.05816285312175751
3053750016.0,-0.05466475337743759
3054687488.0,-0.050093792378902435
3055624960.0,-0.04522792249917984
3056562432.0,-0.03940526023507118
3057499904.0,-0.03209850192070007
3058437376.0,-0.024171417579054832
3059375104.0,-0.016596710309386253
3060312576.0,-0.006774408742785454
3061250048.0,0.0035494081676006317
3062187520.0,0.013380198739469051
3063124992.0,0.02424211986362934
3064062464.0,0.03655332326889038
3064999936.0,0.04873665049672127
3065937408.0,0.06093607097864151
3066874880.0,0.07460550218820572
3067812608.0,0.14003875851631165
3068750080.0,0.14524486660957336
3069687552.0,0.14951051771640778
3070625024.0,0.1522470861673355
3071562496.0,0.15391846001148224
3072499968.0,0.1537231057882309
3073437440.0,0.1525576263666153
3074374912.0,0.14946824312210083
3075312384.0,0.14579415321350098
3076250112.0,0.14155051112174988
3077187584.0,0.13449834287166595
3078125056.0,0.12812834978103638
3079062528.0,0.11937917768955231
3080000000.0,0.1106346994638443
3080937472.0,0.10018326342105865
3081874944.0,0.0905504822731018
3082812416.0,0.0805119201540947
3083749888.0,0.07022988051176071
3084687616.0,0.0595596618950367
3085625088.0,0.04902561753988266
3086562560.0,0.03949007764458656
3087500032.0,0.03007775917649269
3088437504.0,0.02053319290280342
3089374976.0,0.011738568544387817
3090312448.0,0.00373773742467165
3091249920.0,-0.0032105939462780952
3092187392.0,-0.009285611100494862
3093125120.0,-0.013373157009482384
3094062592.0,-0.017599934712052345
3095000064.0,-0.020987100899219513
3095937536.0,-0.02180909551680088
3096875008.0,-0.02266952581703663
3097812480.0,-0.020854545757174492
3098749952.0,-0.019321279600262642
3099687424.0,-0.01654968038201332
3100624896.0,-0.012940000742673874
3101562624.0,-0.008336575701832771
3102500096.0,-0.0023363111540675163
3103437568.0,0.00328188668936491
3104375040.0,0.00993295293301344
3105312512.0,0.01712851971387863
3106249984.0,0.02462867647409439
3107187456.0,0.03296027332544327
3108124928.0,0.03988141566514969
3109062400.0,0.04802663251757622
3110000128.0,0.055594995617866516
3110937600.0,0.06360657513141632
3111875072.0,0.07045098394155502
3112812544.0,0.07782178372144699
3113750016.0,0.08489613234996796
3114687488.0,0.09166376292705536
3115624960.0,0.09699385613203049
3116562432.0,0.10297572612762451
3117499904.0,0.1076238602399826
3118437376.0,0.1127135306596756
3119375104.0,0.1167730838060379
3120312576.0,0.12056469917297363
3121250048.0,0.12386708706617355
3122187520.0,0.1270832121372223
3123124992.0,0.13016150891780853
3124062464.0,0.13227811455726624
3124999936.0,0.13401511311531067
3125937408.0,0.1356918066740036
3126874880.0,0.13882943987846375
3127812608.0,0.14386466145515442
3128750080.0,0.14372658729553223
3129687552.0,0.1429382860660553
3130625024.0,0.1418823003768921
3131562496.0,0.1399761438369751
3132499968.0,0.1386045515537262
3133437440.0,0.13469775021076202
3134374912.0,0.13264258205890656
3135312384.0,0.12941575050354004
3136250112.0,0.12628088891506195
3137187584.0,0.12379933893680573
3138125056.0,0.12205898016691208
3139062528.0,0.11985918879508972
3140000000.0,0.11921597272157669
3140937472.0,0.1189166009426117
3141874944.0,0.12112484127283096
3142812416.0,0.12395083159208298
3143749888.0,0.12817171216011047
3144687616.0,0.1336396485567093
3145625088.0,0.13812875747680664
3146562560.0,0.14428669214248657
3147500032.0,0.14941507577896118
3148437504.0,0.15408524870872498
3149374976.0,0.15693558752536774
3150312448.0,0.15819793939590454
3151249920.0,0.1570265293121338
3152187392.0,0.15380465984344482
3153125120.0,0.1494680941104889
3154062592.0,0.1421699821949005
3155000064.0,0.13185520470142365
3155937536.0,0.12093532830476761
3156875008.0,0.10864710062742233
3157812480.0,0.09501943737268448
3158749952.0,0.07988257706165314
3159687424.0,0.06501099467277527
3160624896.0,0.04993095621466637
3161562624.0,0.03519972413778305
3162500096.0,0.020924070850014687
3163437568.0,0.008137480355799198
3164375040.0,-0.0034640049561858177
3165312512.0,-0.013684616424143314
3166249984.0,-0.020995063707232475
3167187456.0,-0.026438284665346146
3168124928.0,-0.029523903504014015
3169062400.0,-0.03090534172952175
3169999872.0,-0.030125759541988373
3170937600.0,-0.026517346501350403
3171875072.0,-0.01996070146560669
3172812544.0,-0.01197157520800829
3173750016.0,-0.002347461646422744
3174687488.0,0.008740278892219067
3175624960.0,0.021731752902269363
3176562432.0,0.035065583884716034
3177499904.0,0.049147963523864746
3178437376.0,0.06492332369089127
3179375104.0,0.08024487644433975
3180312576.0,0.09519407153129578
3181250048.0,0.11023131757974625
3182187520.0,0.12481299787759781
3183124992.0,0.13886937499046326
3184062464.0,0.1536484807729721
3184999936.0,0.16551858186721802
3185937408.0,0.17817933857440948
3186874880.0,0.18888825178146362
3187812608.0,0.15524163842201233
3188750080.0,0.1505381464958191
3189687552.0,0.14462910592556
3190625024.0,0.14041538536548615
3191562496.0,0.13365262746810913
3192499968.0,0.1275494247674942
3193437440.0,0.12141060084104538
3194374912.0,0.11525269597768784
3195312384.0,0.1098644807934761
3196250112.0,0.10491935163736343
3197187584.0,0.09989429265260696
3198125056.0,0.09506674110889435
3199062528.0,0.0916372686624527
3200000000.0,0.08833740651607513
3200937472.0,0.08571042120456696
3201874944.0,0.08320114761590958
3202812416.0,0.0829443633556366
3203749888.0,0.08286844938993454
3204687616.0,0.08183906972408295
3205625088.0,0.08339502662420273
3206562560.0,0.08462431281805038
3207500032.0,0.08633080124855042
3208437504.0,0.0886591300368309
3209374976.0,0.09144198894500732
3210312448.0,0.09418502449989319
3211249920.0,0.09567410498857498
3212187392.0,0.09845194965600967
3213125120.0,0.10062269866466522
3214062592.0,0.10401012003421783
3215000064.0,0.10543553531169891
3215937536.0,0.10721992701292038
3216875008.0,0.1092822328209877
3217812480.0,0.11102988570928574
3218749952.0,0.1117892637848854
3219687424.0,0.11277848482131958
3220624896.0,0.1126256063580513
3221562624.0,0.11305263638496399
3222500096.0,0.11172051727771759
3223437568.0,0.11130400747060776
3224375040.0,0.11101845651865005
3225312512.0,0.11061082035303116
3226249984.0,0.11003437638282776
3227187456.0,0.10888903588056564
3228124928.0,0.10861357301473618
3229062400.0,0.10772880911827087
3230000128.0,0.1078818216919899
3230937600.0,0.10868363082408905
3231875072.0,0.10967719554901123
3232812544.0,0.11072015017271042
3233750016.0,0.1131085678935051
3234687488.0,0.11560066789388657
3235624960.0,0.1193329468369484
3236562432.0,0.12335529923439026
3237499904.0,0.12801481783390045
3238437376.0,0.13209788501262665
3239375104.0,0.13860803842544556
3240312576.0,0.14392954111099243
3241250048.0,0.15012533962726593
3242187520.0,0.15630003809928894
3243124992.0,0.16353286802768707
3244062464.0,0.17084987461566925
3244999936.0,0.17638948559761047
3245937408.0,0.18219374120235443
3246874880.0,0.18825653195381165
3247812608.0,0.09867523610591888
3248750080.0,0.09037553519010544
3249687552.0,0.08008177578449249
3250625024.0,0.0718935951590538
3251562496.0,0.06138439103960991
3252499968.0,0.05050540715456009
3253437440.0,0.04204385355114937
3254374912.0,0.03334244713187218
3255312384.0,0.02637014538049698
3256250112.0,0.020901834592223167
3257187584.0,0.01844893954694271
3258125056.0,0.016842346638441086
3259062528.0,0.017960067838430405
3260000000.0,0.01940523274242878
3260937472.0,0.022603563964366913
3261874944.0,0.026330986991524696
3262812416.0,0.02999730594456196
3263749888.0,0.03441147133708
3264687616.0,0.03848348930478096
3265625088.0,0.04322734847664833
3266562560.0,0.04716143757104874
3267500032.0,0.05074986070394516
3268437504.0,0.05355050787329674
3269374976.0,0.055935122072696686
3270312448.0,0.05892521142959595
3271249920.0,0.0606820322573185
3272187392.0,0.0625002309679985
3273125120.0,0.06471168994903564
3274062592.0,0.06621679663658142
3275000064.0,0.06774558126926422
3275937536.0,0.06881280243396759
3276875008.0,0.06974644213914871
3277812480.0,0.0713006928563118
3278749952.0,0.07233785837888718
3279687424.0,0.07311750203371048
3280624896.0,0.07404729723930359
3281562624.0,0.07401484251022339
3282500096.0,0.07580740004777908
3283437568.0,0.07492437958717346
3284375040.0,0.07525725662708282
3285312512.0,0.0755830928683281
3286249984.0,0.07542439550161362
3287187456.0,0.0757015123963356
3288124928.0,0.07512455433607101
3289062400.0,0.07495305687189102
3289999872.0,0.07502368092536926
3290937600.0,0.07531622052192688
3291875072.0,0.07551135122776031
3292812544.0,0.07555406540632248
3293750016.0,0.07565906643867493
3294687488.0,0.07614556699991226
3295624960.0,0.07809610664844513
3296562432.0,0.07879559695720673
3297499904.0,0.08090390264987946
3298437376.0,0.08244723081588745
3299375104.0,0.08398662507534027
3300312576.0,0.08673849701881409
3301250048.0,0.08951311558485031
3302187520.0,0.09348562359809875
3303124992.0,0.09659245610237122
3304062464.0,0.10135278105735779
3304999936.0,0.10636267066001892
3305937408.0,0.1107906773686409
3306874880.0,0.1161525547504425
3307812608.0,0.12903188169002533
3308750080.0,0.13587242364883423
3309687552.0,0.14489559829235077
3310625024.0,0.15225113928318024
3311562496.0,0.16046224534511566
3312499968.0,0.16858190298080444
3313437440.0,0.17756235599517822
3314374912.0,0.18517406284809113
3315312384.0,0.19196122884750366
3316250112.0,0.1989881843328476
3317187584.0,0.20439642667770386
3318125056.0,0.20953291654586792
3319062528.0,0.2136918008327484
3320000000.0,0.21755459904670715
3320937472.0,0.21911948919296265
3321874944.0,0.22041527926921844
3322812416.0,0.22130870819091797
3323749888.0,0.22020529210567474
3324687616.0,0.21697866916656494
3325625088.0,0.21291688084602356
3326562560.0,0.20893336832523346
3327500032.0,0.20281527936458588
3328437504.0,0.19576440751552582
3329374976.0,0.18824705481529236
3330312448.0,0.1799541711807251
3331249920.0,0.1704232394695282
3332187392.0,0.16079099476337433
3333125120.0,0.1498444527387619
3334062592.0,0.13867713510990143
3335000064.0,0.12768909335136414
3335937536.0,0.1162540540099144
3336875008.0,0.10517898947000504
3337812480.0,0.09415926784276962
3338749952.0,0.08418157696723938
3339687424.0,0.07320970296859741
3340624896.0,0.06491591036319733
3341562624.0,0.054950255900621414
3342500096.0,0.04778999090194702
3343437568.0,0.03984609991312027
3344375040.0,0.03337428718805313
3345312512.0,0.02796841226518154
3346249984.0,0.02383924275636673
3347187456.0,0.02018413133919239
3348124928.0,0.01865972764790058
3349062400.0,0.01815452240407467
3350000128.0,0.018253736197948456
3350937600.0,0.019918281584978104
3351875072.0,0.023356866091489792
3352812544.0,0.027077097445726395
3353750016.0,0.032782215625047684
3354687488.0,0.03790883719921112
3355624960.0,0.04433595761656761
3356562432.0,0.05206284299492836
3357499904.0,0.06003709137439728
3358437376.0,0.06945285201072693
3359375104.0,0.07882151752710342
3360312576.0,0.08813509345054626
3361250048.0,0.0980851948261261
3362187520.0,0.1076657846570015
3363124992.0,0.11725609749555588
3364062464.0,0.12554636597633362
3364999936.0,0.1346612125635147
3365937408.0,0.1429453194141388
3366874880.0,0.15031661093235016
3367812608.0,0.03230954706668854
3368750080.0,0.03616582602262497
3369687552.0,0.03990454226732254
3370625024.0,0.0418984480202198
3371562496.0,0.04516322538256645
3372499968.0,0.04773196950554848
3373437440.0,0.0486888624727726
3374374912.0,0.04852297902107239
3375312384.0,0.0480869896709919
3376250112.0,0.046452343463897705
3377187584.0,0.04360230639576912
3378125056.0,0.03985600918531418
3379062528.0,0.03477559611201286
3380000000.0,0.029110677540302277
3380937472.0,0.02242540568113327
3381874944.0,0.01542008388787508
3382812416.0,0.007226116955280304
3383749888.0,-0.0006652332958765328
3384687616.0,-0.011161728762090206
3385625088.0,-0.02109767682850361
3386562560.0,-0.031057083979249
3387500032.0,-0.04061497002840042
3388437504.0,-0.051944389939308167
3389374976.0,-0.06298204511404037
3390312448.0,-0.07313380390405655
3391249920.0,-0.0833834782242775
3392187392.0,-0.093024343252182
3393125120.0,-0.10241532325744629
3394062592.0,-0.11092974990606308
3395000064.0,-0.11962788552045822
3395937536.0,-0.12639547884464264
3396875008.0,-0.133168563246727
3397812480.0,-0.13794344663619995
3398749952.0,-0.14195434749126434
3399687424.0,-0.14570960402488708
3400624896.0,-0.1482008546590805
3401562624.0,-0.15122175216674805
3402500096.0,-0.15159276127815247
3403437568.0,-0.1526896059513092
3404375040.0,-0.1523299515247345
3405312512.0,-0.15291564166545868
3406249984.0,-0.1513771116733551
3407187456.0,-0.150587260723114
3408124928.0,-0.15029093623161316
3409062400.0,-0.1482451856136322
3409999872.0,-0.1474178284406662
3410937600.0,-0.14819765090942383
3411875072.0,-0.14922115206718445
3412812544.0,-0.1501672863960266
3413750016.0,-0.15445955097675323
3414687488.0,-0.15707722306251526
3415624960.0,-0.1630624681711197
3416562432.0,-0.16910766065120697
3417499904.0,-0.1778375506401062
3418437376.0,-0.188237264752388
3419375104.0,-0.20192281901836395
3420312576.0,-0.21642152965068817
3421250048.0,-0.2333441525697708
3422187520.0,-0.25231868028640747
3423124992.0,-0.2733791768550873
3424062464.0,-0.2963542640209198
3424999936.0,-0.32188495993614197
3425937408.0,-0.3487876355648041
3426874880.0,-0.3762069344520569
3427812608.0,-0.40639811754226685
3428750080.0,-0.4341588616371155
3429687552.0,-0.4624721109867096
3430625024.0,-0.4903382360935211
3431562496.0,-0.5188313126564026
3432499968.0,-0.5461464524269104
3433437440.0,-0.5740419030189514
3434374912.0,-0.6016286611557007
3435312384.0,-0.6284866333007812
3436250112.0,-0.654811441898346
3437187584.0,-0.6825168132781982
3438125056.0,-0.710023045539856
3439062528.0,-0.7383989095687866
3440000000.0,-0.7683141827583313
3440937472.0,-0.7987211346626282
3441874944.0,-0.8316887617111206
3442812416.0,-0.8658609390258789
3443749888.0,-0.9036518931388855
3444687616.0,-0.9441054463386536
3445625088.0,-0.9867247939109802
3446562560.0,-1.0329049825668335
3447500032.0,-1.0801740884780884
3448437504.0,-1.1295334100723267
3449374976.0,-1.1829845905303955
3450312448.0,-1.238689661026001
3451249920.0,-1.2971521615982056
3452187392.0,-1.3563356399536133
3453125120.0,-1.4194715023040771
3454062592.0,-1.4814398288726807
3455000064.0,-1.5452814102172852
3455937536.0,-1.6073322296142578
3456875008.0,-1.6675336360931396
3457812480.0,-1.724731683731079
3458749952.0,-1.777327537536621
3459687424.0,-1.8221133947372437
3460624896.0,-1.8618297576904297
3461562624.0,-1.8938188552856445
3462500096.0,-1.918798565864563
3463437568.0,-1.9375569820404053
3464375040.0,-1.9487473964691162
3465312512.0,-1.9524654150009155
3466249984.0,-1.9478106498718262
3467187456.0,-1.9368947744369507
3468124928.0,-1.9184849262237549
3469062400.0,-1.8954099416732788
3470000128.0,-1.868213176727295
3470937600.0,-1.8351141214370728
3471875072.0,-1.7979010343551636
3472812544.0,-1.7550898790359497
3473750016.0,-1.709294319152832
3474687488.0,-1.6604424715042114
3475624960.0,-1.611559510231018
3476562432.0,-1.5594896078109741
3477499904.0,-1.5064283609390259
3478437376.0,-1.4523282051086426
3479375104.0,-1.3981096744537354
3480312576.0,-1.3495986461639404
3481250048.0,-1.3025646209716797
3482187520.0,-1.2553074359893799
3483124992.0,-1.208190679550171
3484062464.0,-1.1612681150436401
3484999936.0,-1.1169805526733398
3485937408.0,-1.0737348794937134
3486874880.0,-1.0336215496063232
3487812608.0,-1.0275931358337402
3488750080.0,-0.9908536076545715
3489687552.0,-0.956062912940979
3490625024.0,-0.9219720959663391
3491562496.0,-0.8889052271842957
3492499968.0,-0.858384907245636
3493437440.0,-0.8297913670539856
3494374912.0,-0.8022868633270264
3495312384.0,-0.7760350704193115
3496250112.0,-0.7525696158409119
3497187584.0,-0.7310128808021545
3498125056.0,-0.712033212184906
3499062528.0,-0.6949712634086609
3500000000.0,-0.6788846850395203
3500937472.0,-0.6636718511581421
3501874944.0,-0.6498461365699768
3502812416.0,-0.6349733471870422
3503749888.0,-0.6223443150520325
3504687616.0,-0.6115477085113525
3505625088.0,-0.599915623664856
3506562560.0,-0.589400589466095
3507500032.0,-0.5781980156898499
3508437504.0,-0.566851794719696
3509374976.0,-0.5538530349731445
3510312448.0,-0.5411356687545776
3511249920.0,-0.5289803743362427
3512187392.0,-0.5151394605636597
3513125120.0,-0.502709686756134
3514062592.0,-0.4892110824584961
3515000064.0,-0.47497403621673584
3515937536.0,-0.4595296382904053
3516875008.0,-0.44295215606689453
3517812480.0,-0.4254918694496155
3518749952.0,-0.4075252413749695
3519687424.0,-0.3887871205806732
3520624896.0,-0.3705175518989563
3521562624.0,-0.3520960509777069
3522500096.0,-0.33462077379226685
3523437568.0,-0.31569722294807434
3524375040.0,-0.29778268933296204
3525312512.0,-0.28043147921562195
3526249984.0,-0.261942982673645
3527187456.0,-0.24431918561458588
3528124928.0,-0.2271548956632614
3529062400.0,-0.21036817133426666
3529999872.0,-0.19506166875362396
3530937600.0,-0.18039442598819733
3531875072.0,-0.16801735758781433
3532812544.0,-0.15701940655708313
3533750016.0,-0.14848846197128296
3534687488.0,-0.13968020677566528
3535624960.0,-0.13345849514007568
3536562432.0,-0.1289198100566864
3537499904.0,-0.1250028908252716
3538437376.0,-0.12334560602903366
3539375104.0,-0.12239058315753937
3540312576.0,-0.12446248531341553
3541250048.0,-0.12925651669502258
3542187520.0,-0.13498742878437042
3543124992.0,-0.14267928898334503
3544062464.0,-0.1501215249300003
3544999936.0,-0.15848666429519653
3545937408.0,-0.16778112947940826
3546874880.0,-0.1792573183774948
3547812608.0,-0.21122923493385315
3548750080.0,-0.20290082693099976
3549687552.0,-0.19422422349452972
3550625024.0,-0.1881205290555954
3551562496.0,-0.180683895945549
3552499968.0,-0.17378626763820648
3553437440.0,-0.1673443764448166
3554374912.0,-0.1611621081829071
3555312384.0,-0.15603721141815186
3556250112.0,-0.15159249305725098
3557187584.0,-0.14837898313999176
3558125056.0,-0.14458556473255157
3559062528.0,-0.14126041531562805
3560000000.0,-0.13639073073863983
3560937472.0,-0.1324397474527359
3561874944.0,-0.12801483273506165
3562812416.0,-0.12339659035205841
3563749888.0,-0.12018157541751862
3564687616.0,-0.11676958203315735
3565625088.0,-0.11461467295885086
3566562560.0,-0.1110142320394516
3567500032.0,-0.10842416435480118
3568437504.0,-0.10612519830465317
3569374976.0,-0.10307777673006058
3570312448.0,-0.09972365200519562
3571249920.0,-0.09837394952774048
3572187392.0,-0.09481159597635269
3573125120.0,-0.09262163192033768
3574062592.0,-0.0885377824306488
3575000064.0,-0.08492094278335571
3575937536.0,-0.08119145035743713
3576875008.0,-0.07747212797403336
3577812480.0,-0.07331857830286026
3578749952.0,-0.07032983005046844
3579687424.0,-0.06643442064523697
3580624896.0,-0.0629408061504364
3581562624.0,-0.05915570259094238
3582500096.0,-0.057300567626953125
3583437568.0,-0.053937699645757675
3584375040.0,-0.05274423211812973
3585312512.0,-0.05026153847575188
3586249984.0,-0.04807864502072334
3587187456.0,-0.0465451180934906
3588124928.0,-0.04421862214803696
3589062400.0,-0.0438079833984375
3590000128.0,-0.042635247111320496
3590937600.0,-0.04309595003724098
3591875072.0,-0.04332016408443451
3592812544.0,-0.04348660260438919
3593750016.0,-0.04452063888311386
3594687488.0,-0.045800719410181046
3595624960.0,-0.04714416339993477
3596562432.0,-0.04970313608646393
3597499904.0,-0.051503848284482956
3598437376.0,-0.054723650217056274
3599375104.0,-0.057969577610492706
3600312576.0,-0.062008634209632874
3601250048.0,-0.06610884517431259
3602187520.0,-0.07068126648664474
3603124992.0,-0.07390573620796204
3604062464.0,-0.07647161930799484
3604999936.0,-0.07907570153474808
3605937408.0,-0.08170773088932037
3606874880.0,-0.08322758227586746
3607812608.0,-0.0889611765742302
3608750080.0,-0.0868368074297905
3609687552.0,-0.08542250841856003
3610625024.0,-0.08537089824676514
3611562496.0,-0.08449947088956833
3612499968.0,-0.08557068556547165
3613437440.0,-0.08601570129394531
3614374912.0,-0.08853255212306976
3615312384.0,-0.0903741791844368
3616250112.0,-0.09289523959159851
3617187584.0,-0.094797283411026
3618125056.0,-0.09807170182466507
3619062528.0,-0.09929022938013077
3620000000.0,-0.10056882351636887
3620937472.0,-0.10346974432468414
3621874944.0,-0.10581611841917038
3622812416.0,-0.10771705955266953
3623749888.0,-0.10844280570745468
3624687616.0,-0.11041279137134552
3625625088.0,-0.11263721436262131
3626562560.0,-0.11463361233472824
3627500032.0,-0.11682681739330292
3628437504.0,-0.11798451840877533
3629374976.0,-0.11917126923799515
3630312448.0,-0.1187748983502388
3631249920.0,-0.11893582344055176
3632187392.0,-0.11865287274122238
3633125120.0,-0.1162867397069931
3634062592.0,-0.11446208506822586
3635000064.0,-0.11154334247112274
3635937536.0,-0.10734719783067703
3636875008.0,-0.10243544727563858
3637812480.0,-0.09641458094120026
3638749952.0,-0.09080184996128082
3639687424.0,-0.08411812782287598
3640624896.0,-0.07667140662670135
3641562624.0,-0.06856641173362732
3642500096.0,-0.06021004915237427
3643437568.0,-0.05228295177221298
3644375040.0,-0.04341261833906174
3645312512.0,-0.035659775137901306
3646249984.0,-0.027234569191932678
3647187456.0,-0.018085403367877007
3648124928.0,-0.010419798083603382
3649062400.0,-0.0028927288949489594
3649999872.0,0.004093822091817856
3650937600.0,0.012296642176806927
3651875072.0,0.018929462879896164
3652812544.0,0.025409134104847908
3653750016.0,0.031157268211245537
3654687488.0,0.03598665073513985
3655624960.0,0.03945378586649895
3656562432.0,0.04217717424035072
3657499904.0,0.04550338536500931
3658437376.0,0.04664936289191246
3659375104.0,0.04769861325621605
3660312576.0,0.04769238084554672
3661250048.0,0.04648695886135101
3662187520.0,0.04469665512442589
3663124992.0,0.04107263311743736
3664062464.0,0.03779563680291176
3664999936.0,0.032696712762117386
3665937408.0,0.02763105183839798
3666874880.0,0.02128976583480835
3667812608.0,0.012334068305790424
3668750080.0,0.007702476345002651
3669687552.0,0.0015397085808217525
3670625024.0,-0.002539990469813347
3671562496.0,-0.007623009383678436
3672499968.0,-0.010867990553379059
3673437440.0,-0.013160129077732563
3674374912.0,-0.01590964011847973
3675312384.0,-0.016520380973815918
3676250112.0,-0.017076782882213593
3677187584.0,-0.01785457320511341
3678125056.0,-0.01775169186294079
3679062528.0,-0.01692214049398899
3680000000.0,-0.01680971123278141
3680937472.0,-0.014910084195435047
3681874944.0,-0.013805240392684937
3682812416.0,-0.012117675505578518
3683749888.0,-0.01024412177503109
3684687616.0,-0.008358166553080082
3685625088.0,-0.006233881693333387
3686562560.0,-0.0033643217757344246
3687500032.0,-0.0008402930689044297
3688437504.0,0.0016323792515322566
3689374976.0,0.004245678428560495
3690312448.0,0.00786138791590929
3691249920.0,0.01094991434365511
3692187392.0,0.014740651473402977
3693125120.0,0.01790294051170349
3694062592.0,0.020731758326292038
3695000064.0,0.023880023509263992
3695937536.0,0.02672656811773777
3696875008.0,0.028591010719537735
3697812480.0,0.030975325033068657
3698749952.0,0.032548852264881134
3699687424.0,0.03358853608369827
3700624896.0,0.0342157818377018
3701562624.0,0.032648857682943344
3702500096.0,0.031935565173625946
3703437568.0,0.029314899817109108
3704375040.0,0.026774825528264046
3705312512.0,0.022905798628926277
3706249984.0,0.01775304228067398
3707187456.0,0.011583738029003143
3708124928.0,0.004151998553425074
3709062400.0,-0.0043847328051924706
3710000128.0,-0.015308763831853867
3710937600.0,-0.026434030383825302
3711875072.0,-0.03981471061706543
3712812544.0,-0.05444483086466789
3713750016.0,-0.07008789479732513
3714687488.0,-0.08918436616659164
3715624960.0,-0.10757441818714142
3716562432.0,-0.12747429311275482
3717499904.0,-0.14837712049484253
3718437376.0,-0.16864362359046936
3719375104.0,-0.18894121050834656
3720312576.0,-0.20983026921749115
3721250048.0,-0.2298816293478012
3722187520.0,-0.24964626133441925
3723124992.0,-0.2699928879737854
3724062464.0,-0.2879916727542877
3724999936.0,-0.3047040104866028
3725937408.0,-0.32143858075141907
3726874880.0,-0.3349108099937439
3727812608.0,-0.019499024376273155
3728750080.0,-0.01954708620905876
3729687552.0,-0.02046363241970539
3730625024.0,-0.02251998335123062
3731562496.0,-0.024701882153749466
3732499968.0,-0.0275882501155138
3733437440.0,-0.030420096591114998
3734374912.0,-0.032904740422964096
3735312384.0,-0.036278098821640015
3736250112.0,-0.03835105523467064
3737187584.0,-0.03999695926904678
3738125056.0,-0.0410730242729187
3739062528.0,-0.041819412261247635
3740000000.0,-0.042375221848487854
3740937472.0,-0.041752565652132034
3741874944.0,-0.03994016349315643
3742812416.0,-0.03837808966636658
3743749888.0,-0.03572024405002594
3744687616.0,-0.03165443614125252
3745625088.0,-0.026989545673131943
3746562560.0,-0.021264351904392242
3747500032.0,-0.014629502780735493
3748437504.0,-0.00770094059407711
3749374976.0,0.0016409821109846234
3750312448.0,0.010843437165021896
3751249920.0,0.021159686148166656
3752187392.0,0.0325150303542614
3753125120.0,0.0434967502951622
3754062592.0,0.053862228989601135
3755000064.0,0.0642160102725029
3755937536.0,0.07503050565719604
3756875008.0,0.08430153131484985
3757812480.0,0.09412914514541626
3758749952.0,0.10287091135978699
3759687424.0,0.11089000105857849
3760624896.0,0.11702685803174973
3761562624.0,0.12306458503007889
3762500096.0,0.12762795388698578
3763437568.0,0.13085459172725677
3764375040.0,0.13274922966957092
3765312512.0,0.13236287236213684
3766249984.0,0.1307079941034317
3767187456.0,0.1278316080570221
3768124928.0,0.12280821800231934
3769062400.0,0.11686746031045914
3769999872.0,0.10926836729049683
3770937600.0,0.10151010751724243
3771875072.0,0.09200147539377213
3772812544.0,0.08111035078763962
3773750016.0,0.06982532888650894
3774687488.0,0.05854230746626854
3775624960.0,0.046385522931814194
3776562432.0,0.03446372225880623
3777499904.0,0.02271648496389389
3778437376.0,0.010267122648656368
3779375104.0,-0.002830604324117303
3780312576.0,-0.014611132442951202
3781250048.0,-0.026470480486750603
3782187520.0,-0.03826451674103737
3783124992.0,-0.048978403210639954
3784062464.0,-0.05947885289788246
3784999936.0,-0.06898189336061478
3785937408.0,-0.07797584682703018
3786874880.0,-0.06717536598443985
3787812608.0,-0.07019568234682083
3788750080.0,-0.07432088255882263
3789687552.0,-0.07782430946826935
3790625024.0,-0.08106867969036102
3791562496.0,-0.08486531674861908
3792499968.0,-0.08722297102212906
3793437440.0,-0.090300552546978
3794374912.0,-0.09178238362073898
3795312384.0,-0.09274641424417496
3796250112.0,-0.09333353489637375
3797187584.0,-0.0925833135843277
3798125056.0,-0.09058050066232681
3799062528.0,-0.0881786197423935
3800000000.0,-0.08424650877714157
3800937472.0,-0.08036365360021591
3801874944.0,-0.07457192242145538
3802812416.0,-0.06842978298664093
3803749888.0,-0.06156444177031517
3804687616.0,-0.05345599353313446
3805625088.0,-0.045739591121673584
3806562560.0,-0.03650999069213867
3807500032.0,-0.027832038700580597
3808437504.0,-0.01774682104587555
3809374976.0,-0.009375148452818394
3810312448.0,-0.0004873049911111593
3811249920.0,0.00814480148255825
3812187392.0,0.015696311369538307
3813125120.0,0.0239102765917778
3814062592.0,0.03163427114486694
3815000064.0,0.03726336732506752
3815937536.0,0.044467125087976456
3816875008.0,0.04912853613495827
3817812480.0,0.054302968084812164
3818749952.0,0.058145858347415924
3819687424.0,0.06085595116019249
3820624896.0,0.06184091418981552
3821562624.0,0.06290913373231888
3822500096.0,0.06296005100011826
3823437568.0,0.061969175934791565
3824375040.0,0.05990774184465408
3825312512.0,0.057049039751291275
3826249984.0,0.05477605387568474
3827187456.0,0.050991710275411606
3828124928.0,0.04663693904876709
3829062400.0,0.042545780539512634
3830000128.0,0.037228286266326904
3830937600.0,0.03160940110683441
3831875072.0,0.025653736665844917
3832812544.0,0.01991296000778675
3833750016.0,0.014050547033548355
3834687488.0,0.007376013323664665
3835624960.0,0.0016199923120439053
3836562432.0,-0.004809220787137747
3837499904.0,-0.010811876505613327
3838437376.0,-0.016154836863279343
3839375104.0,-0.021159645169973373
3840312576.0,-0.027218911796808243
3841250048.0,-0.031169258058071136
3842187520.0,-0.03576754033565521
3843124992.0,-0.04072842746973038
3844062464.0,-0.0444122813642025
3844999936.0,-0.04926251620054245
3845937408.0,-0.05171094089746475
3846874880.0,-0.04935097694396973
3847812608.0,-0.0527326837182045
3848750080.0,-0.05537376180291176
3849687552.0,-0.05760551616549492
3850625024.0,-0.05986944958567619
3851562496.0,-0.06106717139482498
3852499968.0,-0.06206093356013298
3853437440.0,-0.06331883370876312
3854374912.0,-0.06472674012184143
3855312384.0,-0.06574169546365738
3856250112.0,-0.0655018761754036
3857187584.0,-0.06488344818353653
3858125056.0,-0.06339222192764282
3859062528.0,-0.06217469647526741
3860000000.0,-0.059016477316617966
3860937472.0,-0.0566602386534214
3861874944.0,-0.05428101494908333
3862812416.0,-0.05104324594140053
3863749888.0,-0.04935414344072342
3864687616.0,-0.04811131954193115
3865625088.0,-0.048209089785814285
3866562560.0,-0.05025187134742737
3867500032.0,-0.054473649710416794
3868437504.0,-0.059502292424440384
3869374976.0,-0.06733091920614243
3870312448.0,-0.07535334676504135
3871249920.0,-0.08605293929576874
3872187392.0,-0.09577742964029312
3873125120.0,-0.10660651326179504
3874062592.0,-0.11761095374822617
3875000064.0,-0.12994574010372162
3875937536.0,-0.1406009942293167
3876875008.0,-0.14953385293483734
3877812480.0,-0.15785332024097443
3878749952.0,-0.16465629637241364
3879687424.0,-0.16963881254196167
3880624896.0,-0.172530397772789
3881562624.0,-0.17398902773857117
3882500096.0,-0.17181308567523956
3883437568.0,-0.16811668872833252
3884375040.0,-0.1633739322423935
3885312512.0,-0.1565493643283844
3886249984.0,-0.14756570756435394
3887187456.0,-0.13734085857868195
3888124928.0,-0.12651483714580536
3889062400.0,-0.11401902139186859
3889999872.0,-0.10182446241378784
3890937600.0,-0.08911750465631485
3891875072.0,-0.07669371366500854
3892812544.0,-0.06451378762722015
3893750016.0,-0.054228633642196655
3894687488.0,-0.04413943737745285
3895624960.0,-0.03573983535170555
3896562432.0,-0.02748936414718628
3897499904.0,-0.02167186699807644
3898437376.0,-0.016030512750148773
3899375104.0,-0.011762471869587898
3900312576.0,-0.00890511553734541
3901250048.0,-0.006315624341368675
3902187520.0,-0.00453527644276619
3903124992.0,-0.0032125625293701887
3904062464.0,-0.003321712836623192
3904999936.0,-0.002269999124109745
3905937408.0,-0.001617885078303516
3906874880.0,-0.01291515864431858
3907812608.0,-0.021296778693795204
3908750080.0,-0.02829241007566452
3909687552.0,-0.03304901719093323
3910625024.0,-0.03638984635472298
3911562496.0,-0.03824630752205849
3912499968.0,-0.03836090490221977
3913437440.0,-0.0366215705871582
3914374912.0,-0.032492637634277344
3915312384.0,-0.026889346539974213
3916250112.0,-0.020402999594807625
3917187584.0,-0.012369457632303238
3918125056.0,-0.0027314426843076944
3919062528.0,0.008132601156830788
3920000000.0,0.018694063648581505
3920937472.0,0.029046904295682907
3921874944.0,0.04042314738035202
3922812416.0,0.049138616770505905
3923749888.0,0.0595511756837368
3924687616.0,0.0700661838054657
3925625088.0,0.07770591974258423
3926562560.0,0.08560125529766083
3927500032.0,0.09258008748292923
3928437504.0,0.09932254999876022
3929374976.0,0.10285793989896774
3930312448.0,0.10599008947610855
3931249920.0,0.1079234629869461
3932187392.0,0.10799480229616165
3933125120.0,0.10594002157449722
3934062592.0,0.10308701545000076
3935000064.0,0.09855033457279205
3935937536.0,0.09277132898569107
3936875008.0,0.08465088158845901
3937812480.0,0.07529701292514801
3938749952.0,0.06731947511434555
3939687424.0,0.05634379759430885
3940624896.0,0.045389071106910706
3941562624.0,0.03315814584493637
3942500096.0,0.021704386919736862
3943437568.0,0.008138279430568218
3944375040.0,-0.004556974396109581
3945312512.0,-0.018234694376587868
3946249984.0,-0.031058838590979576
3947187456.0,-0.04383094236254692
3948124928.0,-0.05645117536187172
3949062400.0,-0.0691474974155426
3950000128.0,-0.08107753843069077
3950937600.0,-0.09259825944900513
3951875072.0,-0.10372675955295563
3952812544.0,-0.11290019750595093
3953750016.0,-0.12192198634147644
3954687488.0,-0.1295919567346573
3955624960.0,-0.13856305181980133
3956562432.0,-0.14528363943099976
3957499904.0,-0.15191206336021423
3958437376.0,-0.15834316611289978
3959375104.0,-0.16388647258281708
3960312576.0,-0.16932998597621918
3961250048.0,-0.17385241389274597
3962187520.0,-0.1795930713415146
3963124992.0,-0.18373964726924896
3964062464.0,-0.18800434470176697
3964999936.0,-0.19149962067604065
3965937408.0,-0.19570152461528778
3966874880.0,-0.08717979490756989
3967812608.0,-0.09348650276660919
3968750080.0,-0.09950270503759384
3969687552.0,-0.10367387533187866
3970625024.0,-0.10849504917860031
3971562496.0,-0.11074601113796234
3972499968.0,-0.11287932097911835
3973437440.0,-0.11440232396125793
3974374912.0,-0.11466832458972931
3975312384.0,-0.11384192854166031
3976250112.0,-0.11311690509319305
3977187584.0,-0.11150586605072021
3978125056.0,-0.10731074959039688
3979062528.0,-0.10461072623729706
3980000000.0,-0.10097567737102509
3980937472.0,-0.09584284573793411
3981874944.0,-0.09143363684415817
3982812416.0,-0.08599848300218582
3983749888.0,-0.08128775656223297
3984687616.0,-0.07533729076385498
3985625088.0,-0.0693066343665123
3986562560.0,-0.06328903138637543
3987500032.0,-0.05760593339800835
3988437504.0,-0.0514354407787323
3989374976.0,-0.04580865800380707
3990312448.0,-0.04030071198940277
3991249920.0,-0.03509761393070221
3992187392.0,-0.03240426257252693
3993125120.0,-0.026630381122231483
3994062592.0,-0.02379891648888588
3995000064.0,-0.021697208285331726
3995937536.0,-0.02014460787177086
3996875008.0,-0.01965421810746193
3997812480.0,-0.019845519214868546
3998749952.0,-0.021773045882582664
3999687424.0,-0.021119846031069756
4000624896.0,-0.014692372642457485
4001562624.0,-0.019396135583519936
4002500096.0,-0.024579640477895737
4003437568.0,-0.031030580401420593
4004375040.0,-0.037584636360406876
4005312512.0,-0.04513813555240631
4006249984.0,-0.05134252831339836
4007187456.0,-0.05960129201412201
4008124928.0,-0.06728426367044449
4009062400.0,-0.07630519568920135
4009999872.0,-0.08681841194629669
4010937600.0,-0.09471860527992249
4011875072.0,-0.10511980950832367
4012812544.0,-0.11376305669546127
4013750016.0,-0.12292373180389404
4014687488.0,-0.13216008245944977
4015624960.0,-0.1408001184463501
4016562432.0,-0.14883290231227875
4017499904.0,-0.15719909965991974
4018437376.0,-0.1646319329738617
4019375104.0,-0.17043514549732208
4020312576.0,-0.1770833432674408
4021250048.0,-0.1827416718006134
4022187520.0,-0.18790209293365479
4023124992.0,-0.19223253428936005
4024062464.0,-0.19599121809005737
4024999936.0,-0.20038121938705444
4025937408.0,-0.20395544171333313
4026874880.0,-0.19578109681606293
4027812608.0,-0.1985141783952713
4028750080.0,-0.20108634233474731
4029687552.0,-0.20305135846138
4030625024.0,-0.2052515745162964
4031562496.0,-0.2074737250804901
4032499968.0,-0.20790018141269684
4033437440.0,-0.20940570533275604
4034374912.0,-0.21033702790737152
4035312384.0,-0.21164974570274353
4036250112.0,-0.21214371919631958
4037187584.0,-0.21225221455097198
4038125056.0,-0.2120346873998642
4039062528.0,-0.2116299718618393
4040000000.0,-0.21056628227233887
4040937472.0,-0.2086474746465683
4041874944.0,-0.2055627852678299
4042812416.0,-0.20203712582588196
4043749888.0,-0.198635071516037
4044687616.0,-0.19436980783939362
4045625088.0,-0.18914151191711426
4046562560.0,-0.18294496834278107
4047500032.0,-0.17550893127918243
4048437504.0,-0.16824106872081757
4049374976.0,-0.15815918147563934
4050312448.0,-0.15015321969985962
4051249920.0,-0.1400562971830368
4052187392.0,-0.12959450483322144
4053125120.0,-0.11775726079940796
4054062592.0,-0.10650397837162018
4055000064.0,-0.09389456361532211
4055937536.0,-0.08113408088684082
4056875008.0,-0.06870713829994202
4057812480.0,-0.05759230628609657
4058749952.0,-0.0437394343316555
4059687424.0,-0.03216332942247391
4060624896.0,-0.02077019400894642
4061562624.0,-0.009725919924676418
4062500096.0,0.0003669253783300519
4063437568.0,0.010368669405579567
4064375040.0,0.01796525903046131
4065312512.0,0.025318646803498268
4066249984.0,0.03089040145277977
4067187456.0,0.03569025173783302
4068124928.0,0.04006006941199303
4069062400.0,0.042118173092603683
4070000128.0,0.043253667652606964
4070937600.0,0.04334422945976257
4071875072.0,0.04216253384947777
4072812544.0,0.039726436138153076
4073750016.0,0.03681609034538269
4074687488.0,0.03227049857378006
4075624960.0,0.027079494670033455
4076562432.0,0.020746050402522087
4077499904.0,0.014616524800658226
4078437376.0,0.006909890100359917
4079375104.0,-0.0015759837115183473
4080312576.0,-0.010569421574473381
4081250048.0,-0.02093188278377056
4082187520.0,-0.03187190741300583
4083124992.0,-0.042762115597724915
4084062464.0,-0.05215919762849808
4084999936.0,-0.062119849026203156
4085937408.0,-0.07160299271345139
4086874880.0,-0.09620365500450134
4087812608.0,-0.10232469439506531
4088750080.0,-0.10727984458208084
4089687552.0,-0.11167001724243164
4090625024.0,-0.11509136855602264
4091562496.0,-0.11822189390659332
4092499968.0,-0.12044202536344528
4093437440.0,-0.12239581346511841
4094374912.0,-0.12300431728363037
4095312384.0,-0.12476276606321335
4096250112.0,-0.1264956146478653
4097187584.0,-0.12677325308322906
4098125056.0,-0.12743093073368073
4099062528.0,-0.12821842730045319
4100000000.0,-0.12995578348636627
4100937472.0,-0.1321285516023636
4101874944.0,-0.13354237377643585
4102812416.0,-0.13498017191886902
4103749888.0,-0.13629050552845
4104687616.0,-0.1371990591287613
4105625088.0,-0.13844245672225952
4106562560.0,-0.1399916112422943
4107500032.0,-0.1408257633447647
4108437504.0,-0.1414201408624649
4109374976.0,-0.14162738621234894
4110312448.0,-0.14144118130207062
4111249920.0,-0.1413845717906952
4112187392.0,-0.14225848019123077
4113125120.0,-0.1419256627559662
4114062592.0,-0.1421680897474289
4115000064.0,-0.14156632125377655
4115937536.0,-0.13986927270889282
4116875008.0,-0.13927416503429413
4117812480.0,-0.1364499032497406
4118749952.0,-0.13450337946414948
4119687424.0,-0.1315612941980362
4120624896.0,-0.1286705881357193
4121562624.0,-0.12456347793340683
4122500096.0,-0.119828961789608
4123437568.0,-0.11597859114408493
4124375040.0,-0.11218034476041794
4125312512.0,-0.10834667831659317
4126249984.0,-0.1031099259853363
4127187456.0,-0.0997452586889267
4128124928.0,-0.09478852152824402
4129062400.0,-0.09102393686771393
4129999872.0,-0.08786924928426743
4130937600.0,-0.08422311395406723
4131875072.0,-0.0807419940829277
4132812544.0,-0.07669303566217422
4133750016.0,-0.07505520433187485
4134687488.0,-0.07138708233833313
4135624960.0,-0.0688534528017044
4136562432.0,-0.06576287746429443
4137499904.0,-0.06424352526664734
4138437376.0,-0.06256300956010818
4139375104.0,-0.05974902585148811
4140312576.0,-0.05862100049853325
4141250048.0,-0.056847844272851944
4142187520.0,-0.05425180122256279
4143124992.0,-0.053517475724220276
4144062464.0,-0.05172623321413994
4144999936.0,-0.05109673738479614
4145937408.0,-0.048423126339912415
4146874880.0,-0.08896294981241226
4147812608.0,-0.09228786826133728
4148750080.0,-0.09439395368099213
4149687552.0,-0.0951002910733223
4150625024.0,-0.09526386111974716
4151562496.0,-0.09460997581481934
4152499968.0,-0.09247029572725296
4153437440.0,-0.0898117944598198
4154374912.0,-0.08697199821472168
4155312384.0,-0.08351103961467743
4156250112.0,-0.07936186343431473
4157187584.0,-0.07454673200845718
4158125056.0,-0.06914867460727692
4159062528.0,-0.06481891870498657
4160000000.0,-0.05921804904937744
4160937472.0,-0.05457925796508789
4161874944.0,-0.04866958037018776
4162812416.0,-0.04466471076011658
4163749888.0,-0.03987079858779907
4164687616.0,-0.035772908478975296
4165625088.0,-0.03306218236684799
4166562560.0,-0.030115196481347084
4167500032.0,-0.030182447284460068
4168437504.0,-0.029416440054774284
4169374976.0,-0.028767354786396027
4170312448.0,-0.029508717358112335
4171249920.0,-0.030383026227355003
4172187392.0,-0.03271753340959549
4173125120.0,-0.03503081202507019
4174062592.0,-0.03881673142313957
4175000064.0,-0.04275240749120712
4175937536.0,-0.046585436910390854
4176875008.0,-0.051185496151447296
4177812480.0,-0.055092036724090576
4178749952.0,-0.06004391238093376
4179687424.0,-0.06484060734510422
4180624896.0,-0.07098224759101868
4181562624.0,-0.07728366553783417
4182500096.0,-0.0821986123919487
4183437568.0,-0.08810041844844818
4184375040.0,-0.09214447438716888
4185312512.0,-0.09731876850128174
4186249984.0,-0.10277524590492249
4187187456.0,-0.10557703673839569
4188124928.0,-0.11006023734807968
4189062400.0,-0.11315687000751495
4190000128.0,-0.11591929197311401
4190937600.0,-0.11788083612918854
4191875072.0,-0.12211760133504868
4192812544.0,-0.12480030953884125
4193750016.0,-0.12703339755535126
4194687488.0,-0.13125738501548767
4195624960.0,-0.13457055389881134
4196562432.0,-0.13778400421142578
4197499904.0,-0.14114323258399963
4198437376.0,-0.14495371282100677
4199375104.0,-0.14969849586486816
4200312576.0,-0.1545555293560028
4201250048.0,-0.15922513604164124
4202187520.0,-0.1653277575969696
4203124992.0,-0.1690075695514679
4204062464.0,-0.17394140362739563
4204999936.0,-0.1780252605676651
4205937408.0,-0.18164004385471344
4206874880.0,-0.1723013073205948
4207812608.0,-0.1778154820203781
4208750080.0,-0.18252718448638916
4209687552.0,-0.187448650598526
4210625024.0,-0.19122426211833954
4211562496.0,-0.19412170350551605
4212499968.0,-0.19683416187763214
4213437440.0,-0.20037147402763367
4214374912.0,-0.1987110674381256
4215312384.0,-0.19906964898109436
4216250112.0,-0.19710011780261993
4217187584.0,-0.19365140795707703
4218125056.0,-0.18761932849884033
4219062528.0,-0.1814381629228592
4220000000.0,-0.17347103357315063
4220937472.0,-0.16440173983573914
4221874944.0,-0.15366484224796295
4222812416.0,-0.14193861186504364
4223749888.0,-0.12838022410869598
4224687616.0,-0.1148146539926529
4225625088.0,-0.09964708238840103
4226562560.0,-0.08403120189905167
4227500032.0,-0.06888160109519958
4228437504.0,-0.05151791498064995
4229374976.0,-0.035566069185733795
4230312448.0,-0.01821083389222622
4231249920.0,-0.0009520879248157144
4232187392.0,0.014416970312595367
4233125120.0,0.03139892965555191
4234062592.0,0.04706566035747528
4235000064.0,0.06248094514012337
4235937536.0,0.07712317258119583
4236875008.0,0.09003835916519165
4237812480.0,0.10218972712755203
4238749952.0,0.11264989525079727
4239687424.0,0.12223325669765472
4240624896.0,0.13050168752670288
4241562624.0,0.13751043379306793
4242500096.0,0.14348502457141876
4243437568.0,0.1462976336479187
4244375040.0,0.14947381615638733
4245312512.0,0.14998488128185272
4246249984.0,0.1486029326915741
4247187456.0,0.14536933600902557
4248124928.0,0.14091970026493073
4249062400.0,0.13497130572795868
4249999872.0,0.12670157849788666
4250937600.0,0.11707768589258194
4251875072.0,0.1059127226471901
4252812544.0,0.0928187370300293
4253750016.0,0.07799511402845383
4254687488.0,0.060804110020399094
4255624960.0,0.044077616184949875
4256562432.0,0.024980470538139343
4257499904.0,0.005217632278800011
4258437376.0,-0.01539691910147667
4259375104.0,-0.03679218888282776
4260312576.0,-0.057858966290950775
4261250048.0,-0.08004441857337952
4262187520.0,-0.10281895101070404
4263124992.0,-0.12636445462703705
4264062464.0,-0.14831502735614777
4264999936.0,-0.17012061178684235
4265937408.0,-0.1920771598815918
4266874880.0,-0.20331841707229614
4267812608.0,-0.21099863946437836
4268750080.0,-0.21900399029254913
4269687552.0,-0.22562570869922638
4270625024.0,-0.23281563818454742
4271562496.0,-0.23848024010658264
4272499968.0,-0.24334123730659485
4273437440.0,-0.2457902580499649
4274374912.0,-0.2485329806804657
4275312384.0,-0.24881179630756378
4276250112.0,-0.24847276508808136
4277187584.0,-0.24509645998477936
4278125056.0,-0.23994393646717072
4279062528.0,-0.2330237329006195
4280000000.0,-0.2235877364873886
4280937472.0,-0.21213003993034363
4281874944.0,-0.19794338941574097
4282812416.0,-0.18270514905452728
4283749888.0,-0.16656620800495148
4284687616.0,-0.14783461391925812
4285625088.0,-0.1281580626964569
4286562560.0,-0.1068492904305458
4287500032.0,-0.08656672388315201
4288437504.0,-0.06393688917160034
4289374976.0,-0.040890201926231384
4290312448.0,-0.016888141632080078
4291249920.0,0.008259815163910389
4292187392.0,0.03248404338955879
4293125120.0,0.05548020452260971
4294062592.0,0.07784753292798996
4295000064.0,0.09768016636371613
4295937536.0,0.11726586520671844
4296875008.0,0.13452580571174622
4297812480.0,0.15076112747192383
4298749952.0,0.1647605299949646
4299687424.0,0.1753748059272766
4300624896.0,0.18443593382835388
4301562368.0,0.18978182971477509
4302499840.0,0.1932968944311142
4303437312.0,0.19521020352840424
4304374784.0,0.19291472434997559
4305312256.0,0.18901444971561432
4306250240.0,0.18341608345508575
4307187712.0,0.17417742311954498
4308125184.0,0.1637658327817917
4309062656.0,0.15001729130744934
4310000128.0,0.13524888455867767
4310937600.0,0.11898282170295715
4311875072.0,0.10046856105327606
4312812544.0,0.08212552219629288
4313750016.0,0.06172897666692734
4314687488.0,0.04256175458431244
4315624960.0,0.02120000310242176
4316562432.0,0.0006653142045252025
4317499904.0,-0.020016148686408997
4318437376.0,-0.039692819118499756
4319374848.0,-0.05854641646146774
4320312320.0,-0.07724926620721817
4321249792.0,-0.09570377320051193
4322187264.0,-0.11186501383781433
4323125248.0,-0.12763307988643646
4324062720.0,-0.1427515149116516
4325000192.0,-0.1556495875120163
4325937664.0,-0.1670711785554886
4326875136.0,-0.22504448890686035
4327812608.0,-0.22421623766422272
4328750080.0,-0.22202898561954498
4329687552.0,-0.21905861794948578
4330625024.0,-0.21355485916137695
4331562496.0,-0.20650359988212585
4332499968.0,-0.19930581748485565
4333437440.0,-0.1911139041185379
4334374912.0,-0.18253342807292938
4335312384.0,-0.17378531396389008
4336249856.0,-0.1645783632993698
4337187328.0,-0.15463174879550934
4338124800.0,-0.14558713138103485
4339062272.0,-0.13718511164188385
4339999744.0,-0.1286979764699936
4340937728.0,-0.11994725465774536
4341875200.0,-0.1125117614865303
4342812672.0,-0.10671843588352203
4343750144.0,-0.1013273373246193
4344687616.0,-0.09645684063434601
4345625088.0,-0.09285832941532135
4346562560.0,-0.08831669390201569
4347500032.0,-0.0860554501414299
4348437504.0,-0.08392354100942612
4349374976.0,-0.08229801058769226
4350312448.0,-0.08139503002166748
4351249920.0,-0.08101578056812286
4352187392.0,-0.08249890804290771
4353124864.0,-0.08305062353610992
4354062336.0,-0.08414825052022934
4354999808.0,-0.0855586901307106
4355937280.0,-0.08808121085166931
4356874752.0,-0.09013382345438004
4357812736.0,-0.0939420536160469
4358750208.0,-0.09672462195158005
4359687680.0,-0.1001524105668068
4360625152.0,-0.1030019074678421
4361562624.0,-0.10712835937738419
4362500096.0,-0.11049783229827881
4363437568.0,-0.11457028239965439
4364375040.0,-0.11710825562477112
4365312512.0,-0.12121748924255371
4366249984.0,-0.12480060756206512
4367187456.0,-0.1292179673910141
4368124928.0,-0.1333862543106079
4369062400.0,-0.13888680934906006
4369999872.0,-0.14300638437271118
4370937344.0,-0.1489550918340683
4371874816.0,-0.15322840213775635
4372812288.0,-0.1577998846769333
4373749760.0,-0.16280131042003632
4374687744.0,-0.16713841259479523
4375625216.0,-0.1731293797492981
4376562688.0,-0.1781083643436432
4377500160.0,-0.18471238017082214
4378437632.0,-0.19133028388023376
4379375104.0,-0.19670437276363373
4380312576.0,-0.20418602228164673
4381250048.0,-0.21128442883491516
4382187520.0,-0.22044576704502106
4383124992.0,-0.22935429215431213
4384062464.0,-0.24006924033164978
4384999936.0,-0.25038018822669983
4385937408.0,-0.26120078563690186
4386874880.0,-0.33131539821624756
4387812352.0,-0.33978432416915894
4388749824.0,-0.34653547406196594
4389687296.0,-0.35195037722587585
4390624768.0,-0.3542954623699188
4391562752.0,-0.3565160632133484
4392500224.0,-0.3563178777694702
4393437696.0,-0.3537534475326538
4394375168.0,-0.35021477937698364
4395312640.0,-0.3445153534412384
4396250112.0,-0.3373326063156128
4397187584.0,-0.32806113362312317
4398125056.0,-0.3168894946575165
4399062528.0,-0.30443668365478516
4400000000.0,-0.2894723117351532
4400937472.0,-0.2743310332298279
4401874944.0,-0.2585655450820923
4402812416.0,-0.24259383976459503
4403749888.0,-0.22571970522403717
4404687360.0,-0.2080872654914856
4405624832.0,-0.18998728692531586
4406562304.0,-0.17168846726417542
4407499776.0,-0.15389180183410645
4408437248.0,-0.13633956015110016
4409375232.0,-0.11930225789546967
4410312704.0,-0.10387813299894333
4411250176.0,-0.08904920518398285
4412187648.0,-0.07629189640283585
4413125120.0,-0.06484267860651016
4414062592.0,-0.0557316392660141
4415000064.0,-0.04821722209453583
4415937536.0,-0.04189284145832062
4416875008.0,-0.03766990825533867
4417812480.0,-0.036095619201660156
4418749952.0,-0.03771035373210907
4419687424.0,-0.04158478602766991
4420624896.0,-0.04769478365778923
4421562368.0,-0.05535063147544861
4422499840.0,-0.06570440530776978
4423437312.0,-0.07805700600147247
4424374784.0,-0.09293657541275024
4425312256.0,-0.10920051485300064
4426250240.0,-0.12727031111717224
4427187712.0,-0.14688488841056824
4428125184.0,-0.1677917093038559
4429062656.0,-0.19028769433498383
4430000128.0,-0.21367549896240234
4430937600.0,-0.23756687343120575
4431875072.0,-0.26197195053100586
4432812544.0,-0.28711211681365967
4433750016.0,-0.310641884803772
4434687488.0,-0.3349559009075165
4435624960.0,-0.35864678025245667
4436562432.0,-0.38131535053253174
4437499904.0,-0.40254971385002136
4438437376.0,-0.4244402050971985
4439374848.0,-0.4439120292663574
4440312320.0,-0.46346256136894226
4441249792.0,-0.47924259305000305
4442187264.0,-0.49461284279823303
4443125248.0,-0.5067991614341736
4444062720.0,-0.5179910063743591
4445000192.0,-0.5265011191368103
4445937664.0,-0.5330460071563721
4446875136.0,-0.5430118441581726
4447812608.0,-0.5496861934661865
4448750080.0,-0.5538276433944702
4449687552.0,-0.5581328868865967
4450625024.0,-0.5591942071914673
4451562496.0,-0.5583086609840393
4452499968.0,-0.5571205615997314
4453437440.0,-0.5512204766273499
4454374912.0,-0.5442125797271729
4455312384.0,-0.5347773432731628
4456249856.0,-0.5230222344398499
4457187328.0,-0.5102246403694153
4458124800.0,-0.4950830042362213
4459062272.0,-0.47956305742263794
4460000256.0,-0.4632820188999176
4460937728.0,-0.4460901916027069
4461875200.0,-0.42861172556877136
4462812672.0,-0.41165226697921753
4463750144.0,-0.3951527774333954
4464687616.0,-0.37901508808135986
4465625088.0,-0.36436647176742554
4466562560.0,-0.35051387548446655
4467500032.0,-0.3362775146961212
4468437504.0,-0.32303154468536377
4469374976.0,-0.31077492237091064
4470312448.0,-0.29802435636520386
4471249920.0,-0.28743115067481995
4472187392.0,-0.2757999002933502
4473124864.0,-0.26789775490760803
4474062336.0,-0.26253288984298706
4474999808.0,-0.25873276591300964
4475937280.0,-0.2569517493247986
4476874752.0,-0.2571777403354645
4477812736.0,-0.2598710358142853
4478750208.0,-0.26423579454421997
4479687680.0,-0.2712470293045044
4480625152.0,-0.2809743881225586
4481562624.0,-0.29179292917251587
4482500096.0,-0.30551859736442566
4483437568.0,-0.3221563696861267
4484375040.0,-0.33947810530662537
4485312512.0,-0.36099037528038025
4486249984.0,-0.3851424753665924
4487187456.0,-0.4113633930683136
4488124928.0,-0.43914794921875
4489062400.0,-0.46861493587493896
4489999872.0,-0.49910205602645874
4490937344.0,-0.5306508541107178
4491874816.0,-0.5625205039978027
4492812288.0,-0.5950071215629578
4493749760.0,-0.6270408034324646
4494687744.0,-0.6594493389129639
4495625216.0,-0.6895979046821594
4496562688.0,-0.7208675742149353
4497500160.0,-0.7504392266273499
4498437632.0,-0.7808777689933777
4499375104.0,-0.8098336458206177
4500312576.0,-0.8362888693809509
4501250048.0,-0.8631393909454346
4502187520.0,-0.8875961899757385
4503124992.0,-0.9113835096359253
4504062464.0,-0.9326906800270081
4504999936.0,-0.9501022696495056
4505937408.0,-0.9658946394920349
4506874880.0,-0.9288237690925598
4507812352.0,-0.9416680932044983
4508749824.0,-0.9542275667190552
4509687296.0,-0.9628980159759521
4510624768.0,-0.9687403440475464
4511562752.0,-0.9706968665122986
4512500224.0,-0.97010338306427
4513437696.0,-0.9678353667259216
4514375168.0,-0.9643182754516602
4515312640.0,-0.9579015970230103
4516250112.0,-0.9491140246391296
4517187584.0,-0.9392808079719543
4518125056.0,-0.9278584718704224
4519062528.0,-0.91473388671875
4520000000.0,-0.9016254544258118
4520937472.0,-0.8863127827644348
4521874944.0,-0.8707438707351685
4522812416.0,-0.8536401391029358
4523749888.0,-0.8366479277610779
4524687360.0,-0.8227438926696777
4525624832.0,-0.8092628121376038
4526562304.0,-0.7982861995697021
4527499776.0,-0.790101170539856
4528437248.0,-0.7836905121803284
4529375232.0,-0.7765368819236755
4530312704.0,-0.7720156311988831
4531250176.0,-0.7700849771499634
4532187648.0,-0.7699552774429321
4533125120.0,-0.7725488543510437
4534062592.0,-0.778924286365509
4535000064.0,-0.7887921929359436
4535937536.0,-0.8013469576835632
4536875008.0,-0.8182082772254944
4537812480.0,-0.8395422697067261
4538749952.0,-0.8632621169090271
4539687424.0,-0.8911597728729248
4540624896.0,-0.9237037897109985
4541562368.0,-0.957960307598114
4542499840.0,-0.9965260624885559
4543437312.0,-1.0384149551391602
4544374784.0,-1.0839506387710571
4545312256.0,-1.1332038640975952
4546250240.0,-1.1847050189971924
4547187712.0,-1.2368944883346558
4548125184.0,-1.2930656671524048
4549062656.0,-1.3505338430404663
4550000128.0,-1.4099680185317993
4550937600.0,-1.473494529724121
4551875072.0,-1.5398633480072021
4552812544.0,-1.6058863401412964
4553750016.0,-1.6736737489700317
4554687488.0,-1.74225652217865
4555624960.0,-1.8100073337554932
4556562432.0,-1.8799481391906738
4557499904.0,-1.9494041204452515
4558437376.0,-2.019300937652588
4559374848.0,-2.0893075466156006
4560312320.0,-2.157766342163086
4561249792.0,-2.2249977588653564
4562187264.0,-2.2914514541625977
4563125248.0,-2.355010747909546
4564062720.0,-2.4186129570007324
4565000192.0,-2.4799296855926514
4565937664.0,-2.543285369873047
4566875136.0,-2.4187417030334473
4567812608.0,-2.456038236618042
4568750080.0,-2.491907835006714
4569687552.0,-2.526660919189453
4570625024.0,-2.5581839084625244
4571562496.0,-2.589482069015503
4572499968.0,-2.620849370956421
4573437440.0,-2.650980234146118
4574374912.0,-2.6799116134643555
4575312384.0,-2.7095584869384766
4576249856.0,-2.739272356033325
4577187328.0,-2.774385452270508
4578124800.0,-2.80977201461792
4579062272.0,-2.846559762954712
4579999744.0,-2.882664442062378
4580937728.0,-2.919557571411133
4581875200.0,-2.9552502632141113
4582812672.0,-2.9888014793395996
4583750144.0,-3.0222527980804443
4584687616.0,-3.056687355041504
4585625088.0,-3.0912129878997803
4586562560.0,-3.1283180713653564
4587500032.0,-3.1673130989074707
4588437504.0,-3.2058379650115967
4589374976.0,-3.244724750518799
4590312448.0,-3.2833261489868164
4591249920.0,-3.322235584259033
4592187392.0,-3.3613369464874268
4593124864.0,-3.4006547927856445
4594062336.0,-3.441368341445923
4594999808.0,-3.482133150100708
4595937280.0,-3.522164821624756
4596874752.0,-3.562103271484375
4597812736.0,-3.600956439971924
4598750208.0,-3.6415133476257324
4599687680.0,-3.686408758163452
4600625152.0,-3.7381458282470703
4601562624.0,-3.7939705848693848
4602500096.0,-3.851611614227295
4603437568.0,-3.908562183380127
4604375040.0,-3.9623003005981445
4605312512.0,-4.01163387298584
4606249984.0,-4.0540924072265625
4607187456.0,-4.092109680175781
4608124928.0,-4.128491401672363
4609062400.0,-4.165005207061768
4609999872.0,-4.200862884521484
4610937344.0,-4.237086772918701
4611874816.0,-4.27371072769165
4612812288.0,-4.311974048614502
4613749760.0,-4.349532127380371
4614687744.0,-4.385239124298096
4615625216.0,-4.415645599365234
4616562688.0,-4.44190788269043
4617500160.0,-4.462112903594971
4618437632.0,-4.479640007019043
4619375104.0,-4.49199914932251
4620312576.0,-4.501456260681152
4621250048.0,-4.507929801940918
4622187520.0,-4.507474422454834
4623124992.0,-4.501716613769531
4624062464.0,-4.493333339691162
4624999936.0,-4.47885274887085
4625937408.0,-4.461434841156006
4626874880.0,-4.618575572967529
4627812352.0,-4.568216800689697
4628749824.0,-4.514051914215088
4629687296.0,-4.451496124267578
4630624768.0,-4.385054588317871
4631562752.0,-4.311095714569092
4632500224.0,-4.231811046600342
4633437696.0,-4.148101806640625
4634375168.0,-4.061117649078369
4635312640.0,-3.9696199893951416
4636250112.0,-3.874558210372925
4637187584.0,-3.773419141769409
4638125056.0,-3.668398141860962
4639062528.0,-3.5610132217407227
4640000000.0,-3.4520633220672607
4640937472.0,-3.34088397026062
4641874944.0,-3.231051445007324
4642812416.0,-3.1204538345336914
4643749888.0,-3.0108821392059326
4644687360.0,-2.901076555252075
4645624832.0,-2.795171022415161
4646562304.0,-2.6904025077819824
4647499776.0,-2.5887694358825684
4648437248.0,-2.489420175552368
4649375232.0,-2.3939807415008545
4650312704.0,-2.3028855323791504
4651250176.0,-2.213754415512085
4652187648.0,-2.129934549331665
4653125120.0,-2.0489137172698975
4654062592.0,-1.9737670421600342
4655000064.0,-1.9013816118240356
4655937536.0,-1.832310438156128
4656875008.0,-1.7687996625900269
4657812480.0,-1.7109242677688599
4658749952.0,-1.6554954051971436
4659687424.0,-1.6043673753738403
4660624896.0,-1.5576564073562622
4661562368.0,-1.516855239868164
4662499840.0,-1.4815236330032349
4663437312.0,-1.4492605924606323
4664374784.0,-1.4224237203598022
4665312256.0,-1.3983651399612427
4666250240.0,-1.3776265382766724
4667187712.0,-1.3585493564605713
4668125184.0,-1.343835473060608
4669062656.0,-1.330253005027771
4670000128.0,-1.3200007677078247
4670937600.0,-1.310638666152954
4671875072.0,-1.3031189441680908
4672812544.0,-1.295327067375183
4673750016.0,-1.2882158756256104
4674687488.0,-1.280826210975647
4675624960.0,-1.271970272064209
4676562432.0,-1.262046217918396
4677499904.0,-1.2512489557266235
4678437376.0,-1.2395790815353394
4679374848.0,-1.225072979927063
4680312320.0,-1.2098058462142944
4681249792.0,-1.1935479640960693
4682187264.0,-1.1745455265045166
4683125248.0,-1.1550127267837524
4684062720.0,-1.1349949836730957
4685000192.0,-1.1145386695861816
4685937664.0,-1.0931601524353027
4686875136.0,-1.0947141647338867
4687812608.0,-1.071162462234497
4688750080.0,-1.0444759130477905
4689687552.0,-1.0167828798294067
4690625024.0,-0.9885652661323547
4691562496.0,-0.9606831669807434
4692499968.0,-0.9304714798927307
4693437440.0,-0.9005343914031982
4694374912.0,-0.8706036806106567
4695312384.0,-0.8387439250946045
4696249856.0,-0.8057060241699219
4697187328.0,-0.7733638286590576
4698124800.0,-0.7395532131195068
4699062272.0,-0.7060223817825317
4700000256.0,-0.6724861264228821
4700937728.0,-0.6392629742622375
4701875200.0,-0.6059326529502869
4702812672.0,-0.5731166005134583
4703750144.0,-0.5419608354568481
4704687616.0,-0.5127367377281189
4705625088.0,-0.4835927188396454
4706562560.0,-0.4554436206817627
4707500032.0,-0.4297982454299927
4708437504.0,-0.40407758951187134
4709374976.0,-0.3812335431575775
4710312448.0,-0.35960644483566284
4711249920.0,-0.33995604515075684
4712187392.0,-0.3225184977054596
4713124864.0,-0.3060656785964966
4714062336.0,-0.29249438643455505
4714999808.0,-0.28093409538269043
4715937280.0,-0.27085670828819275
4716874752.0,-0.2633882164955139
4717812736.0,-0.2570277750492096
4718750208.0,-0.25380611419677734
4719687680.0,-0.2521604001522064
4720625152.0,-0.25278323888778687
4721562624.0,-0.2553086578845978
4722500096.0,-0.26023298501968384
4723437568.0,-0.2671268880367279
4724375040.0,-0.2753210961818695
4725312512.0,-0.2846457362174988
4726249984.0,-0.29536640644073486
4727187456.0,-0.30839964747428894
4728124928.0,-0.32204094529151917
4729062400.0,-0.33718499541282654
4729999872.0,-0.35296785831451416
4730937344.0,-0.3690185248851776
4731874816.0,-0.38694801926612854
4732812288.0,-0.4054069519042969
4733749760.0,-0.4234636425971985
4734687744.0,-0.4416261613368988
4735625216.0,-0.45997411012649536
4736562688.0,-0.47763264179229736
4737500160.0,-0.49439847469329834
4738437632.0,-0.5103851556777954
4739375104.0,-0.5275944471359253
4740312576.0,-0.5427367091178894
4741250048.0,-0.5566434860229492
4742187520.0,-0.5701029896736145
4743124992.0,-0.5816807150840759
4744062464.0,-0.5924202799797058
4744999936.0,-0.6018663048744202
4745937408.0,-0.6102806329727173
4746874880.0,-0.42648524045944214
4747812352.0,-0.4255255460739136
4748749824.0,-0.42516010999679565
4749687296.0,-0.42317381501197815
4750624768.0,-0.42249977588653564
4751562752.0,-0.41866475343704224
4752500224.0,-0.41543567180633545
4753437696.0,-0.4117848873138428
4754375168.0,-0.40754449367523193
4755312640.0,-0.4031998813152313
4756250112.0,-0.3978233337402344
4757187584.0,-0.39381229877471924
4758125056.0,-0.3881053924560547
4759062528.0,-0.3818364441394806
4760000000.0,-0.3750936985015869
4760937472.0,-0.3680488169193268
4761874944.0,-0.3602130711078644
4762812416.0,-0.3516690731048584
4763749888.0,-0.3417617380619049
4764687360.0,-0.3318538963794708
4765624832.0,-0.32109859585762024
4766562304.0,-0.3102740943431854
4767499776.0,-0.2989344298839569
4768437248.0,-0.2879166603088379
4769375232.0,-0.2749508321285248
4770312704.0,-0.26196107268333435
4771250176.0,-0.2473103255033493
4772187648.0,-0.23254089057445526
4773125120.0,-0.21722956001758575
4774062592.0,-0.19945351779460907
4775000064.0,-0.18246564269065857
4775937536.0,-0.16444745659828186
4776875008.0,-0.1452980786561966
4777812480.0,-0.12570515275001526
4778749952.0,-0.10596204549074173
4779687424.0,-0.08503030240535736
4780624896.0,-0.06584244221448898
4781562368.0,-0.043753817677497864
4782499840.0,-0.023790203034877777
4783437312.0,-0.00280093215405941
4784374784.0,0.018264761194586754
4785312256.0,0.03886548429727554
4786250240.0,0.059296365827322006
4787187712.0,0.077409528195858
4788125184.0,0.09595780819654465
4789062656.0,0.11269339919090271
4790000128.0,0.12868469953536987
4790937600.0,0.14279013872146606
4791875072.0,0.15636974573135376
4792812544.0,0.16743651032447815
4793750016.0,0.17655321955680847
4794687488.0,0.1825331598520279
4795624960.0,0.1868211030960083
4796562432.0,0.1879240870475769
4797499904.0,0.1869525909423828
4798437376.0,0.18300208449363708
4799374848.0,0.17727252840995789
4800312320.0,0.16761547327041626
4801249792.0,0.1553381085395813
4802187264.0,0.14303931593894958
4803125248.0,0.12506462633609772
4804062720.0,0.1071418896317482
4805000192.0,0.08567823469638824
4805937664.0,0.062218572944402695
4806875136.0,-0.21474504470825195
4807812608.0,-0.21975719928741455
4808750080.0,-0.22684615850448608
4809687552.0,-0.23359349370002747
4810625024.0,-0.2397240400314331
4811562496.0,-0.2449887990951538
4812499968.0,-0.25032278895378113
4813437440.0,-0.25481724739074707
4814374912.0,-0.2582656145095825
4815312384.0,-0.2619504928588867
4816249856.0,-0.2638372778892517
4817187328.0,-0.2665860950946808
4818124800.0,-0.2670954465866089
4819062272.0,-0.26728060841560364
4819999744.0,-0.2665710151195526
4820937728.0,-0.2649911344051361
4821875200.0,-0.2624689042568207
4822812672.0,-0.2586125135421753
4823750144.0,-0.25260409712791443
4824687616.0,-0.2475251704454422
4825625088.0,-0.240133136510849
4826562560.0,-0.23281718790531158
4827500032.0,-0.2246943861246109
4828437504.0,-0.21654167771339417
4829374976.0,-0.2066681683063507
4830312448.0,-0.19669388234615326
4831249920.0,-0.18655334413051605
4832187392.0,-0.17556944489479065
4833124864.0,-0.16452039778232574
4834062336.0,-0.15313485264778137
4834999808.0,-0.14360691606998444
4835937280.0,-0.1321057379245758
4836874752.0,-0.1228204295039177
4837812736.0,-0.11299339681863785
4838750208.0,-0.10333527624607086
4839687680.0,-0.09597204625606537
4840625152.0,-0.09024374932050705
4841562624.0,-0.08443896472454071
4842500096.0,-0.08057089895009995
4843437568.0,-0.0783315896987915
4844375040.0,-0.07715854793787003
4845312512.0,-0.07706458866596222
4846249984.0,-0.07939975708723068
4847187456.0,-0.08280642330646515
4848124928.0,-0.08741657435894012
4849062400.0,-0.0926136001944542
4849999872.0,-0.10084178298711777
4850937344.0,-0.10966658592224121
4851874816.0,-0.12122004479169846
4852812288.0,-0.13254468142986298
4853749760.0,-0.1453816443681717
4854687744.0,-0.16028685867786407
4855625216.0,-0.17458312213420868
4856562688.0,-0.18805232644081116
4857500160.0,-0.20371103286743164
4858437632.0,-0.21842265129089355
4859375104.0,-0.23274390399456024
4860312576.0,-0.24632583558559418
4861250048.0,-0.2602040469646454
4862187520.0,-0.2732846438884735
4863124992.0,-0.28437450528144836
4864062464.0,-0.295756071805954
4864999936.0,-0.3057718575000763
4865937408.0,-0.31340593099594116
4866874880.0,-0.2965766489505768
4867812352.0,-0.3032769560813904
4868749824.0,-0.30974146723747253
4869687296.0,-0.31538113951683044
4870624768.0,-0.3189268112182617
4871562752.0,-0.3223544657230377
4872500224.0,-0.32348695397377014
4873437696.0,-0.3249795734882355
4874375168.0,-0.3248199224472046
4875312640.0,-0.32456734776496887
4876250112.0,-0.32248765230178833
4877187584.0,-0.3191088140010834
4878125056.0,-0.3151741623878479
4879062528.0,-0.3101450204849243
4880000000.0,-0.30365821719169617
4880937472.0,-0.2967175543308258
4881874944.0,-0.2885587513446808
4882812416.0,-0.28088852763175964
4883749888.0,-0.2715315520763397
4884687360.0,-0.26084479689598083
4885624832.0,-0.25069573521614075
4886562304.0,-0.23928767442703247
4887499776.0,-0.22668346762657166
4888437248.0,-0.2136794477701187
4889375232.0,-0.1996201127767563
4890312704.0,-0.18568353354930878
4891250176.0,-0.17140278220176697
4892187648.0,-0.15773245692253113
4893125120.0,-0.14345842599868774
4894062592.0,-0.1297634392976761
4895000064.0,-0.1157868355512619
4895937536.0,-0.10181993991136551
4896875008.0,-0.08801014721393585
4897812480.0,-0.07475010305643082
4898749952.0,-0.06158944591879845
4899687424.0,-0.04944852367043495
4900624896.0,-0.038040727376937866
4901562368.0,-0.027380136772990227
4902499840.0,-0.018199538812041283
4903437312.0,-0.010309443809092045
4904374784.0,-0.003398198401555419
4905312256.0,0.00323429424315691
4906250240.0,0.007432026322931051
4907187712.0,0.009648189879953861
4908125184.0,0.013528636656701565
4909062656.0,0.013586859218776226
4910000128.0,0.014725828543305397
4910937600.0,0.012253990396857262
4911875072.0,0.00968044064939022
4912812544.0,0.007000218145549297
4913750016.0,0.0022424329072237015
4914687488.0,-0.004266133066266775
4915624960.0,-0.010288919322192669
4916562432.0,-0.018825888633728027
4917499904.0,-0.027633966878056526
4918437376.0,-0.03712420165538788
4919374848.0,-0.04804845526814461
4920312320.0,-0.05823663994669914
4921249792.0,-0.06982187926769257
4922187264.0,-0.0816117450594902
4923125248.0,-0.09420238435268402
4924062720.0,-0.10626516491174698
4925000192.0,-0.1194268986582756
4925937664.0,-0.1783837229013443
4926875136.0,-0.1796712577342987
4927812608.0,-0.1809113323688507
4928750080.0,-0.1816369593143463
4929687552.0,-0.1827595829963684
4930625024.0,-0.18314328789710999
4931562496.0,-0.18343429267406464
4932499968.0,-0.1833791732788086
4933437440.0,-0.1807706505060196
4934374912.0,-0.17931190133094788
4935312384.0,-0.17717665433883667
4936249856.0,-0.17368420958518982
4937187328.0,-0.1702468991279602
4938124800.0,-0.16630113124847412
4939062272.0,-0.16276109218597412
4940000256.0,-0.15639489889144897
4940937728.0,-0.1522226333618164
4941875200.0,-0.14492622017860413
4942812672.0,-0.13822947442531586
4943750144.0,-0.13168056309223175
4944687616.0,-0.12344087660312653
4945625088.0,-0.11450770497322083
4946562560.0,-0.10527989268302917
4947500032.0,-0.09528103470802307
4948437504.0,-0.08525113761425018
4949374976.0,-0.07447197288274765
4950312448.0,-0.06342077255249023
4951249920.0,-0.052138276398181915
4952187392.0,-0.04169882833957672
4953124864.0,-0.03115527518093586
4954062336.0,-0.02128230780363083
4954999808.0,-0.011299293488264084
4955937280.0,-0.0011374008608981967
4956874752.0,0.008354255929589272
4957812736.0,0.01666133664548397
4958750208.0,0.023960987105965614
4959687680.0,0.03186561539769173
4960625152.0,0.03735146299004555
4961562624.0,0.04277539625763893
4962500096.0,0.04656276851892471
4963437568.0,0.04889059066772461
4964375040.0,0.05210503563284874
4965312512.0,0.05141172185540199
4966249984.0,0.051947955042123795
4967187456.0,0.050378456711769104
4968124928.0,0.04746580868959427
4969062400.0,0.043023619800806046
4969999872.0,0.038973577320575714
4970937344.0,0.03288712352514267
4971874816.0,0.02665812335908413
4972812288.0,0.019514575600624084
4973749760.0,0.011034048162400723
4974687744.0,0.0026519736275076866
4975625216.0,-0.007726718205958605
4976562688.0,-0.01649029739201069
4977500160.0,-0.02700340375304222
4978437632.0,-0.03638550639152527
4979375104.0,-0.04689248651266098
4980312576.0,-0.05704592913389206
4981250048.0,-0.06803237646818161
4982187520.0,-0.07691323757171631
4983124992.0,-0.08737440407276154
4984062464.0,-0.09580271691083908
4984999936.0,-0.10432912409305573
4985937408.0,-0.1472264975309372
4986874880.0,-0.15813063085079193
4987812352.0,-0.16721729934215546
4988749824.0,-0.1746198832988739
4989687296.0,-0.18115876615047455
4990624768.0,-0.1873689591884613
4991562752.0,-0.19093813002109528
4992500224.0,-0.194883793592453
4993437696.0,-0.19671496748924255
4994375168.0,-0.1970032900571823
4995312640.0,-0.19632001221179962
4996250112.0,-0.19387200474739075
4997187584.0,-0.191543310880661
4998125056.0,-0.18671131134033203
4999062528.0,-0.18088370561599731
5000000000.0,-0.17408695816993713
5000937472.0,-0.1660577803850174
5001874944.0,-0.15734097361564636
5002812416.0,-0.147942915558815
5003749888.0,-0.13779613375663757
5004687360.0,-0.12712697684764862
5005624832.0,-0.11616609245538712
5006562304.0,-0.10441533476114273
5007499776.0,-0.09254560619592667
5008437248.0,-0.080097496509552
5009375232.0,-0.06797529011964798
5010312704.0,-0.05568387731909752
5011250176.0,-0.04371672868728638
5012187648.0,-0.03250552713871002
5013125120.0,-0.021370092406868935
5014062592.0,-0.010553709231317043
5015000064.0,-0.0002734959125518799
5015937536.0,0.008277400396764278
5016875008.0,0.017554249614477158
5017812480.0,0.025604495778679848
5018749952.0,0.032196518033742905
5019687424.0,0.03934119641780853
5020624896.0,0.043081022799015045
5021562368.0,0.04856190085411072
5022499840.0,0.051465343683958054
5023437312.0,0.05349576473236084
5024374784.0,0.055107634514570236
5025312256.0,0.05547584965825081
5026250240.0,0.05429384112358093
5027187712.0,0.05273427441716194
5028125184.0,0.051246192306280136
5029062656.0,0.048384830355644226
5030000128.0,0.0438045933842659
5030937600.0,0.03974009305238724
5031875072.0,0.0353265218436718
5032812544.0,0.028583314269781113
5033750016.0,0.020838387310504913
5034687488.0,0.013909591361880302
5035624960.0,0.006881795357912779
5036562432.0,-0.0006231392035260797
5037499904.0,-0.008976485580205917
5038437376.0,-0.01761622726917267
5039374848.0,-0.025813868269324303
5040312320.0,-0.035483624786138535
5041249792.0,-0.04330082982778549
5042187264.0,-0.051709044724702835
5043125248.0,-0.060089513659477234
5044062720.0,-0.06871654093265533
5045000192.0,-0.07719159126281738
5045937664.0,-0.0939783900976181
5046875136.0,-0.10212761163711548
5047812608.0,-0.11075668036937714
5048750080.0,-0.1183057576417923
5049687552.0,-0.12581738829612732
5050625024.0,-0.13175180554389954
5051562496.0,-0.13816706836223602
5052499968.0,-0.1434134989976883
5053437440.0,-0.14925336837768555
5054374912.0,-0.15214455127716064
5055312384.0,-0.1555762141942978
5056249856.0,-0.1591847985982895
5057187328.0,-0.16168086230754852
5058124800.0,-0.16370350122451782
5059062272.0,-0.1649962067604065
5059999744.0,-0.16585369408130646
5060937728.0,-0.16596436500549316
5061875200.0,-0.16530974209308624
5062812672.0,-0.16458630561828613
5063750144.0,-0.1624794900417328
5064687616.0,-0.1595306545495987
5065625088.0,-0.1560807228088379
5066562560.0,-0.15049555897712708
5067500032.0,-0.14568793773651123
5068437504.0,-0.1416141241788864
5069374976.0,-0.13538163900375366
5070312448.0,-0.1284564584493637
5071249920.0,-0.12148232758045197
5072187392.0,-0.11416631191968918
5073124864.0,-0.10808266699314117
5074062336.0,-0.10040844976902008
5074999808.0,-0.09322628378868103
5075937280.0,-0.08728311210870743
5076874752.0,-0.0800088569521904
5077812736.0,-0.07315341383218765
5078750208.0,-0.06603261083364487
5079687680.0,-0.059371769428253174
5080625152.0,-0.05355290696024895
5081562624.0,-0.04741234332323074
5082500096.0,-0.04295544698834419
5083437568.0,-0.03856844827532768
5084375040.0,-0.0347026027739048
5085312512.0,-0.03166387602686882
5086249984.0,-0.02874770201742649
5087187456.0,-0.025799065828323364
5088124928.0,-0.02417723275721073
5089062400.0,-0.022666631266474724
5089999872.0,-0.021803179755806923
5090937344.0,-0.02079777419567108
5091874816.0,-0.020438585430383682
5092812288.0,-0.019985493272542953
5093749760.0,-0.020279379561543465
5094687744.0,-0.02133304812014103
5095625216.0,-0.022089334204792976
5096562688.0,-0.023655710741877556
5097500160.0,-0.024979643523693085
5098437632.0,-0.028164219111204147
5099375104.0,-0.03104277141392231
5100312576.0,-0.034138716757297516
5101250048.0,-0.03828982263803482
5102187520.0,-0.042481642216444016
5103124992.0,-0.046469878405332565
5104062464.0,-0.05100215971469879
5104999936.0,-0.05406200885772705
5105937408.0,-0.1280660629272461
5106874880.0,-0.13461874425411224
5107812352.0,-0.13854576647281647
5108749824.0,-0.1431262493133545
5109687296.0,-0.14597396552562714
5110624768.0,-0.14975839853286743
5111562752.0,-0.152133509516716
5112500224.0,-0.15271113812923431
5113437696.0,-0.15409667789936066
5114375168.0,-0.15364225208759308
5115312640.0,-0.15281382203102112
5116250112.0,-0.15077559649944305
5117187584.0,-0.14818595349788666
5118125056.0,-0.14663755893707275
5119062528.0,-0.14234459400177002
5120000000.0,-0.138490691781044
5120937472.0,-0.13400320708751678
5121874944.0,-0.12900429964065552
5122812416.0,-0.1241336539387703
5123749888.0,-0.11894837021827698
5124687360.0,-0.11425623297691345
5125624832.0,-0.10854298621416092
5126562304.0,-0.10414160788059235
5127499776.0,-0.09875620901584625
5128437248.0,-0.09396729618310928
5129375232.0,-0.08975448459386826
5130312704.0,-0.0861545130610466
5131250176.0,-0.08064640313386917
5132187648.0,-0.07658273726701736
5133125120.0,-0.07222109287977219
5134062592.0,-0.06909827888011932
5135000064.0,-0.06503918021917343
5135937536.0,-0.06310342252254486
5136875008.0,-0.060674313455820084
5137812480.0,-0.0577724352478981
5138749952.0,-0.056765709072351456
5139687424.0,-0.055943045765161514
5140624896.0,-0.05550368130207062
5141562368.0,-0.05611471086740494
5142499840.0,-0.056677479296922684
5143437312.0,-0.05705881118774414
5144374784.0,-0.059464145451784134
5145312256.0,-0.06148061901330948
5146250240.0,-0.0646757110953331
5147187712.0,-0.06888049840927124
5148125184.0,-0.07224701344966888
5149062656.0,-0.07595448940992355
5150000128.0,-0.08048703521490097
5150937600.0,-0.08561252802610397
5151875072.0,-0.09078789502382278
5152812544.0,-0.09689989686012268
5153750016.0,-0.10287937521934509
5154687488.0,-0.11015460640192032
5155624960.0,-0.11524085700511932
5156562432.0,-0.12335275113582611
5157499904.0,-0.13085021078586578
5158437376.0,-0.13901233673095703
5159374848.0,-0.14777137339115143
5160312320.0,-0.15486586093902588
5161249792.0,-0.1638096123933792
5162187264.0,-0.1724322885274887
5163125248.0,-0.181080624461174
5164062720.0,-0.19042199850082397
5165000192.0,-0.19825951755046844
5165937664.0,-0.19850194454193115
5166875136.0,-0.20952440798282623
5167812608.0,-0.22019915282726288
5168750080.0,-0.22935517132282257
5169687552.0,-0.2378731071949005
5170625024.0,-0.24524487555027008
5171562496.0,-0.2509198784828186
5172499968.0,-0.25494396686553955
5173437440.0,-0.25820285081863403
5174374912.0,-0.25988343358039856
5175312384.0,-0.261491060256958
5176249856.0,-0.2610642910003662
5177187328.0,-0.2582748830318451
5178124800.0,-0.2560563385486603
5179062272.0,-0.2515992820262909
5180000256.0,-0.24520079791545868
5180937728.0,-0.23878607153892517
5181875200.0,-0.23105363547801971
5182812672.0,-0.22219981253147125
5183750144.0,-0.21255072951316833
5184687616.0,-0.2023131251335144
5185625088.0,-0.19113972783088684
5186562560.0,-0.1793791502714157
5187500032.0,-0.16672171652317047
5188437504.0,-0.15352244675159454
5189374976.0,-0.1410452127456665
5190312448.0,-0.12792901694774628
5191249920.0,-0.1156354621052742
5192187392.0,-0.10296418517827988
5193124864.0,-0.09005975723266602
5194062336.0,-0.07732846587896347
5194999808.0,-0.0655437484383583
5195937280.0,-0.05406951904296875
5196874752.0,-0.043079257011413574
5197812736.0,-0.032062288373708725
5198750208.0,-0.023108813911676407
5199687680.0,-0.013032113201916218
5200625152.0,-0.004407527856528759
5201562624.0,0.002057946054264903
5202500096.0,0.008811980485916138
5203437568.0,0.013654551468789577
5204375040.0,0.017262397333979607
5205312512.0,0.019120287150144577
5206249984.0,0.020254898816347122
5207187456.0,0.019549738615751266
5208124928.0,0.018152356147766113
5209062400.0,0.01589653082191944
5209999872.0,0.011704274453222752
5210937344.0,0.0059230877086520195
5211874816.0,-0.0003707546566147357
5212812288.0,-0.009295683354139328
5213749760.0,-0.018714869394898415
5214687744.0,-0.0300579946488142
5215625216.0,-0.042287420481443405
5216562688.0,-0.055374033749103546
5217500160.0,-0.06972756236791611
5218437632.0,-0.08473089337348938
5219375104.0,-0.09989336133003235
5220312576.0,-0.11618663370609283
5221250048.0,-0.13259580731391907
5222187520.0,-0.14923302829265594
5223124992.0,-0.16630211472511292
5224062464.0,-0.18327440321445465
5224999936.0,-0.2005552500486374
5225937408.0,-0.2110096663236618
5226874880.0,-0.22641173005104065
5227812352.0,-0.24021749198436737
5228749824.0,-0.25333908200263977
5229687296.0,-0.26433172821998596
5230624768.0,-0.27478957176208496
5231562752.0,-0.28365591168403625
5232500224.0,-0.29116231203079224
5233437696.0,-0.29656198620796204
5234375168.0,-0.29910752177238464
5235312640.0,-0.3005007803440094
5236250112.0,-0.30218344926834106
5237187584.0,-0.29913321137428284
5238125056.0,-0.2953015863895416
5239062528.0,-0.28996631503105164
5240000000.0,-0.28040027618408203
5240937472.0,-0.27083519101142883
5241874944.0,-0.2598867118358612
5242812416.0,-0.24668870866298676
5243749888.0,-0.2333456575870514
5244687360.0,-0.21868641674518585
5245624832.0,-0.20264030992984772
5246562304.0,-0.18530696630477905
5247499776.0,-0.16743765771389008
5248437248.0,-0.1506892591714859
5249375232.0,-0.13437314331531525
5250312704.0,-0.11525638401508331
5251250176.0,-0.09743789583444595
5252187648.0,-0.08052971959114075
5253125120.0,-0.06270747631788254
5254062592.0,-0.04735599830746651
5255000064.0,-0.03151361271739006
5255937536.0,-0.016486460343003273
5256875008.0,-0.0032778752502053976
5257812480.0,0.008326751179993153
5258749952.0,0.019339410588145256
5259687424.0,0.02819417417049408
5260624896.0,0.037144698202610016
5261562368.0,0.042651332914829254
5262499840.0,0.04813159629702568
5263437312.0,0.0522746816277504
5264374784.0,0.05395892634987831
5265312256.0,0.055187467485666275
5266250240.0,0.05440538376569748
5267187712.0,0.05261455103754997
5268125184.0,0.04820692539215088
5269062656.0,0.04354119673371315
5270000128.0,0.036687128245830536
5270937600.0,0.028424378484487534
5271875072.0,0.020014239475131035
5272812544.0,0.008807945996522903
5273750016.0,-0.001978112617507577
5274687488.0,-0.015184922143816948
5275624960.0,-0.028624333441257477
5276562432.0,-0.04043370485305786
5277499904.0,-0.05495432764291763
5278437376.0,-0.06855136901140213
5279374848.0,-0.08297467231750488
5280312320.0,-0.0968833863735199
5281249792.0,-0.11139632016420364
5282187264.0,-0.12619757652282715
5283125248.0,-0.14066442847251892
5284062720.0,-0.1558019369840622
5285000192.0,-0.17132686078548431
5285937664.0,-0.19840870797634125
5286875136.0,-0.21347326040267944
5287812608.0,-0.2271381914615631
5288750080.0,-0.2423737645149231
5289687552.0,-0.25685036182403564
5290625024.0,-0.27038562297821045
5291562496.0,-0.28234630823135376
5292499968.0,-0.2972679138183594
5293437440.0,-0.3105376958847046
5294374912.0,-0.3231559693813324
5295312384.0,-0.33476442098617554
5296249856.0,-0.3447742462158203
5297187328.0,-0.35265257954597473
5298124800.0,-0.3600695729255676
5299062272.0,-0.3662183880805969
5299999744.0,-0.3702215850353241
5300937728.0,-0.37312567234039307
5301875200.0,-0.37454402446746826
5302812672.0,-0.3745952844619751
5303750144.0,-0.37272465229034424
5304687616.0,-0.36985382437705994
5305625088.0,-0.36541664600372314
5306562560.0,-0.35760611295700073
5307500032.0,-0.3496159315109253
5308437504.0,-0.33884352445602417
5309374976.0,-0.3282091021537781
5310312448.0,-0.31661105155944824
5311249920.0,-0.3045111894607544
5312187392.0,-0.29017871618270874
5313124864.0,-0.2749941945075989
5314062336.0,-0.2600361704826355
5314999808.0,-0.2442304790019989
5315937280.0,-0.22741703689098358
5316874752.0,-0.2092529684305191
5317812736.0,-0.1923433244228363
5318750208.0,-0.1745261400938034
5319687680.0,-0.15541529655456543
5320625152.0,-0.13740544021129608
5321562624.0,-0.11958248168230057
5322500096.0,-0.10105348378419876
5323437568.0,-0.08334510773420334
5324375040.0,-0.06581275165081024
5325312512.0,-0.04971717298030853
5326249984.0,-0.03430609032511711
5327187456.0,-0.019295059144496918
5328124928.0,-0.006598121952265501
5329062400.0,0.006018455605953932
5329999872.0,0.01754532940685749
5330937344.0,0.027219681069254875
5331874816.0,0.037941183894872665
5332812288.0,0.04190390557050705
5333749760.0,0.0456191748380661
5334687744.0,0.0467502623796463
5335625216.0,0.045971985906362534
5336562688.0,0.04283244535326958
5337500160.0,0.038349658250808716
5338437632.0,0.03165654465556145
5339375104.0,0.0229205209761858
5340312576.0,0.01246654987335205
5341250048.0,-0.00020310265244916081
5342187520.0,-0.014427325688302517
5343124992.0,-0.03132038563489914
5344062464.0,-0.049444530159235
5344999936.0,-0.0690627172589302
5345937408.0,-0.3492889404296875
5346874880.0,-0.36363285779953003
5347812352.0,-0.3775298595428467
5348749824.0,-0.39070940017700195
5349687296.0,-0.40324532985687256
5350624768.0,-0.4151347875595093
5351562752.0,-0.42624109983444214
5352500224.0,-0.4359649121761322
5353437696.0,-0.44452589750289917
5354375168.0,-0.45157578587532043
5355312640.0,-0.45677536725997925
5356250112.0,-0.46145913004875183
5357187584.0,-0.46417713165283203
5358125056.0,-0.46447882056236267
5359062528.0,-0.4622518718242645
5360000000.0,-0.4588668942451477
5360937472.0,-0.4533197283744812
5361874944.0,-0.4473930299282074
5362812416.0,-0.4385251998901367
5363749888.0,-0.4291549623012543
5364687360.0,-0.41743722558021545
5365624832.0,-0.4057145416736603
5366562304.0,-0.3916495144367218
5367499776.0,-0.3780438303947449
5368437248.0,-0.36265358328819275
5369375232.0,-0.3461494445800781
5370312704.0,-0.3285265564918518
5371250176.0,-0.31048694252967834
5372187648.0,-0.2923406958580017
5373125120.0,-0.27288153767585754
5374062592.0,-0.25491130352020264
5375000064.0,-0.23599152266979218
5375937536.0,-0.21745340526103973
5376875008.0,-0.2001066505908966
5377812480.0,-0.18218764662742615
5378749952.0,-0.16595879197120667
5379687424.0,-0.14983472228050232
5380624896.0,-0.13400161266326904
5381562368.0,-0.12044933438301086
5382499840.0,-0.10857018828392029
5383437312.0,-0.09540242701768875
5384374784.0,-0.08368805795907974
5385312256.0,-0.07262454926967621
5386250240.0,-0.06490594148635864
5387187712.0,-0.057690344750881195
5388125184.0,-0.05314522609114647
5389062656.0,-0.05165994167327881
5390000128.0,-0.05004655942320824
5390937600.0,-0.05259600654244423
5391875072.0,-0.05647273734211922
5392812544.0,-0.06358889490365982
5393750016.0,-0.07186569273471832
5394687488.0,-0.08221442252397537
5395624960.0,-0.0944708064198494
5396562432.0,-0.11006267368793488
5397499904.0,-0.12529496848583221
5398437376.0,-0.14413735270500183
5399374848.0,-0.16348519921302795
5400312320.0,-0.18417493999004364
5401249792.0,-0.2045496106147766
5402187264.0,-0.22658076882362366
5403125248.0,-0.24840430915355682
5404062720.0,-0.26969364285469055
5405000192.0,-0.2911241352558136
5405937664.0,-0.3331620693206787
5406875136.0,-0.3493245840072632
5407812608.0,-0.3626927137374878
5408750080.0,-0.37514734268188477
5409687552.0,-0.38474124670028687
5410625024.0,-0.3921353220939636
5411562496.0,-0.3989545702934265
5412499968.0,-0.40240705013275146
5413437440.0,-0.40434733033180237
5414374912.0,-0.4022342562675476
5415312384.0,-0.39815840125083923
5416249856.0,-0.3922217786312103
5417187328.0,-0.38443535566329956
5418124800.0,-0.3728923797607422
5419062272.0,-0.36042946577072144
5420000256.0,-0.3463002145290375
5420937728.0,-0.32973796129226685
5421875200.0,-0.3121568262577057
5422812672.0,-0.2931484580039978
5423750144.0,-0.2725665867328644
5424687616.0,-0.25150614976882935
5425625088.0,-0.2298557162284851
5426562560.0,-0.2081564962863922
5427500032.0,-0.1863345056772232
5428437504.0,-0.16469648480415344
5429374976.0,-0.1443789303302765
5430312448.0,-0.12444178760051727
5431249920.0,-0.10493922233581543
5432187392.0,-0.08687643706798553
5433124864.0,-0.06993700563907623
5434062336.0,-0.05557135492563248
5434999808.0,-0.042245052754879
5435937280.0,-0.031614672392606735
5436874752.0,-0.02311399206519127
5437812736.0,-0.015375849790871143
5438750208.0,-0.0117355240508914
5439687680.0,-0.00964436586946249
5440625152.0,-0.01088192779570818
5441562624.0,-0.013558600097894669
5442500096.0,-0.019499994814395905
5443437568.0,-0.026773417368531227
5444375040.0,-0.03807033970952034
5445312512.0,-0.05006646737456322
5446249984.0,-0.06513318419456482
5447187456.0,-0.08291251212358475
5448124928.0,-0.10227314382791519
5449062400.0,-0.12348079681396484
5449999872.0,-0.1457633376121521
5450937344.0,-0.17074266076087952
5451874816.0,-0.1968078464269638
5452812288.0,-0.2240287810564041
5453749760.0,-0.25107434391975403
5454687744.0,-0.2798920273780823
5455625216.0,-0.30754318833351135
5456562688.0,-0.3355558216571808
5457500160.0,-0.3648248016834259
5458437632.0,-0.3927614092826843
5459375104.0,-0.4187934994697571
5460312576.0,-0.4438028335571289
5461250048.0,-0.4666115343570709
5462187520.0,-0.4892219305038452
5463124992.0,-0.5073466300964355
5464062464.0,-0.5258241891860962
5464999936.0,-0.5399367213249207
5465937408.0,-0.46334919333457947
5466874880.0,-0.4778408706188202
5467812352.0,-0.4903506934642792
5468749824.0,-0.5013402104377747
5469687296.0,-0.5094664096832275
5470624768.0,-0.5147156715393066
5471562752.0,-0.5180067420005798
5472500224.0,-0.5168969631195068
5473437696.0,-0.5140998363494873
5474375168.0,-0.5082069039344788
5475312640.0,-0.500781238079071
5476250112.0,-0.49031561613082886
5477187584.0,-0.4768725037574768
5478125056.0,-0.4606114625930786
5479062528.0,-0.4441356062889099
5480000000.0,-0.42545440793037415
5480937472.0,-0.40544021129608154
5481874944.0,-0.38464653491973877
5482812416.0,-0.36322495341300964
5483749888.0,-0.34057217836380005
5484687360.0,-0.3190876245498657
5485624832.0,-0.29810887575149536
5486562304.0,-0.27695518732070923
5487499776.0,-0.2563565671443939
5488437248.0,-0.23729518055915833
5489375232.0,-0.21937616169452667
5490312704.0,-0.2020406424999237
5491250176.0,-0.1879589855670929
5492187648.0,-0.17430324852466583
5493125120.0,-0.16321603953838348
5494062592.0,-0.15347443521022797
5495000064.0,-0.14657223224639893
5495937536.0,-0.14119373261928558
5496875008.0,-0.13898734748363495
5497812480.0,-0.13924595713615417
5498749952.0,-0.14206239581108093
5499687424.0,-0.14633306860923767
5500624896.0,-0.15469595789909363
5501562368.0,-0.16367430984973907
5502499840.0,-0.1763932704925537
5503437312.0,-0.1905091255903244
5504374784.0,-0.2066894769668579
5505312256.0,-0.22603455185890198
5506250240.0,-0.24905191361904144
5507187712.0,-0.27274471521377563
5508125184.0,-0.2987770140171051
5509062656.0,-0.3265698552131653
5510000128.0,-0.35654833912849426
5510937600.0,-0.3885863125324249
5511875072.0,-0.42163732647895813
5512812544.0,-0.4549387991428375
5513750016.0,-0.48934152722358704
5514687488.0,-0.5233688354492188
5515624960.0,-0.5572282075881958
5516562432.0,-0.5916563272476196
5517499904.0,-0.6245810389518738
5518437376.0,-0.6568459272384644
5519374848.0,-0.6897801160812378
5520312320.0,-0.7197979092597961
5521249792.0,-0.7509799599647522
5522187264.0,-0.7814015746116638
5523125248.0,-0.8095356822013855
5524062720.0,-0.8378151059150696
5525000192.0,-0.8663886189460754
5525937664.0,-0.7303463816642761
5526875136.0,-0.742064893245697
5527812608.0,-0.7568320035934448
5528750080.0,-0.7706252336502075
5529687552.0,-0.7877172827720642
5530625024.0,-0.8053488731384277
5531562496.0,-0.8241788744926453
5532499968.0,-0.8441586494445801
5533437440.0,-0.8664191365242004
5534374912.0,-0.8888280391693115
5535312384.0,-0.913006067276001
5536249856.0,-0.9369723796844482
5537187328.0,-0.9599921107292175
5538124800.0,-0.9835445284843445
5539062272.0,-1.0040441751480103
5539999744.0,-1.0228192806243896
5540937728.0,-1.0399916172027588
5541875200.0,-1.0531898736953735
5542812672.0,-1.0651392936706543
5543750144.0,-1.0723528861999512
5544687616.0,-1.0774611234664917
5545625088.0,-1.0773035287857056
5546562560.0,-1.0748313665390015
5547500032.0,-1.0678355693817139
5548437504.0,-1.0570411682128906
5549374976.0,-1.0413589477539062
5550312448.0,-1.0238838195800781
5551249920.0,-1.0006449222564697
5552187392.0,-0.9752388596534729
5553124864.0,-0.9471081495285034
5554062336.0,-0.9172061681747437
5554999808.0,-0.8858967423439026
5555937280.0,-0.8543749451637268
5556874752.0,-0.8220221996307373
5557812736.0,-0.7908574938774109
5558750208.0,-0.7602956891059875
5559687680.0,-0.7311817407608032
5560625152.0,-0.7033166289329529
5561562624.0,-0.6767454743385315
5562500096.0,-0.6520272493362427
5563437568.0,-0.6292901635169983
5564375040.0,-0.6094840168952942
5565312512.0,-0.592553973197937
5566249984.0,-0.5756813883781433
5567187456.0,-0.5633869767189026
5568124928.0,-0.5513678789138794
5569062400.0,-0.539446234703064
5569999872.0,-0.5274913907051086
5570937344.0,-0.5158798694610596
5571874816.0,-0.5038744807243347
5572812288.0,-0.4924543499946594
5573749760.0,-0.48275357484817505
5574687744.0,-0.4746416509151459
5575625216.0,-0.46682846546173096
5576562688.0,-0.46070173382759094
5577500160.0,-0.4560564458370209
5578437632.0,-0.45368245244026184
5579375104.0,-0.45183664560317993
5580312576.0,-0.45106011629104614
5581250048.0,-0.450878769159317
5582187520.0,-0.45147109031677246
5583124992.0,-0.45370128750801086
5584062464.0,-0.455909788608551
5584999936.0,-0.45808205008506775
5585937408.0,-0.43292197585105896
5586874880.0,-0.4230073392391205
5587812352.0,-0.4107535183429718
5588749824.0,-0.3980759084224701
5589687296.0,-0.38381144404411316
5590624768.0,-0.36811563372612
5591562752.0,-0.3518509566783905
5592500224.0,-0.3337421715259552
5593437696.0,-0.31584984064102173
5594375168.0,-0.29822707176208496
5595312640.0,-0.27987605333328247
5596250112.0,-0.2598715126514435
5597187584.0,-0.23983882367610931
5598125056.0,-0.22174927592277527
5599062528.0,-0.20209863781929016
5600000000.0,-0.18417814373970032
5600937472.0,-0.1663053184747696
5601874944.0,-0.14956878125667572
5602812416.0,-0.1330413669347763
5603749888.0,-0.11869345605373383
5604687360.0,-0.10497608035802841
5605624832.0,-0.09396889060735703
5606562304.0,-0.0832362249493599
5607499776.0,-0.07460092753171921
5608437248.0,-0.06722326576709747
5609375232.0,-0.06222216784954071
5610312704.0,-0.05971936136484146
5611250176.0,-0.05752037465572357
5612187648.0,-0.05900555104017258
5613125120.0,-0.06027882918715477
5614062592.0,-0.06354323774576187
5615000064.0,-0.06949430704116821
5615937536.0,-0.07587705552577972
5616875008.0,-0.08419576287269592
5617812480.0,-0.09400780498981476
5618749952.0,-0.10552675276994705
5619687424.0,-0.11694733053445816
5620624896.0,-0.12978364527225494
5621562368.0,-0.14387568831443787
5622499840.0,-0.15758688747882843
5623437312.0,-0.17191380262374878
5624374784.0,-0.18526597321033478
5625312256.0,-0.19963134825229645
5626250240.0,-0.21349403262138367
5627187712.0,-0.22664214670658112
5628125184.0,-0.23874330520629883
5629062656.0,-0.2515951097011566
5630000128.0,-0.26216232776641846
5630937600.0,-0.2706316411495209
5631875072.0,-0.27936145663261414
5632812544.0,-0.2859666347503662
5633750016.0,-0.2909993827342987
5634687488.0,-0.29384833574295044
5635624960.0,-0.29629892110824585
5636562432.0,-0.29529881477355957
5637499904.0,-0.2930217981338501
5638437376.0,-0.2889905571937561
5639374848.0,-0.28416508436203003
5640312320.0,-0.2772371768951416
5641249792.0,-0.26825183629989624
5642187264.0,-0.26059719920158386
5643125248.0,-0.2494143843650818
5644062720.0,-0.23725484311580658
5645000192.0,-0.22490395605564117
5645937664.0,-0.19515439867973328
5646875136.0,-0.19747835397720337
5647812608.0,-0.19925005733966827
5648750080.0,-0.1993945688009262
5649687552.0,-0.19760118424892426
5650625024.0,-0.19612103700637817
5651562496.0,-0.19232968986034393
5652499968.0,-0.18714816868305206
5653437440.0,-0.18113501369953156
5654374912.0,-0.17494601011276245
5655312384.0,-0.1674153059720993
5656249856.0,-0.1603969931602478
5657187328.0,-0.1516711562871933
5658124800.0,-0.1431647092103958
5659062272.0,-0.13582296669483185
5660000256.0,-0.127254456281662
5660937728.0,-0.12022248655557632
5661875200.0,-0.11380890756845474
5662812672.0,-0.1073552593588829
5663750144.0,-0.10230836272239685
5664687616.0,-0.09773355722427368
5665625088.0,-0.09555389732122421
5666562560.0,-0.09269490092992783
5667500032.0,-0.0911465659737587
5668437504.0,-0.09098508954048157
5669374976.0,-0.09261773526668549
5670312448.0,-0.09475170820951462
5671249920.0,-0.09840097278356552
5672187392.0,-0.10214830935001373
5673124864.0,-0.1075223758816719
5674062336.0,-0.1137724220752716
5674999808.0,-0.1219739094376564
5675937280.0,-0.1287999004125595
5676874752.0,-0.13701458275318146
5677812736.0,-0.1453099101781845
5678750208.0,-0.15519317984580994
5679687680.0,-0.16315166652202606
5680625152.0,-0.17238417267799377
5681562624.0,-0.1805019974708557
5682500096.0,-0.1902654469013214
5683437568.0,-0.1993851363658905
5684375040.0,-0.2062021940946579
5685312512.0,-0.21463468670845032
5686249984.0,-0.2214355766773224
5687187456.0,-0.22732387483119965
5688124928.0,-0.23270900547504425
5689062400.0,-0.23735563457012177
5689999872.0,-0.24162724614143372
5690937344.0,-0.24603569507598877
5691874816.0,-0.24952340126037598
5692812288.0,-0.25370028614997864
5693749760.0,-0.2568857669830322
5694687744.0,-0.26077333092689514
5695625216.0,-0.26360511779785156
5696562688.0,-0.2664240300655365
5697500160.0,-0.2702397108078003
5698437632.0,-0.27495288848876953
5699375104.0,-0.27942419052124023
5700312576.0,-0.2847077548503876
5701250048.0,-0.2916707992553711
5702187520.0,-0.29919686913490295
5703124992.0,-0.30815309286117554
5704062464.0,-0.3178561329841614
5704999936.0,-0.32894185185432434
5705937408.0,-0.22037848830223083
5706874880.0,-0.24027442932128906
5707812352.0,-0.25996869802474976
5708749824.0,-0.2802965044975281
5709687296.0,-0.3004573881626129
5710624768.0,-0.3197740614414215
5711562752.0,-0.3365095853805542
5712500224.0,-0.3521622121334076
5713437696.0,-0.36420971155166626
5714375168.0,-0.3742167353630066
5715312640.0,-0.3792002201080322
5716250112.0,-0.3812199532985687
5717187584.0,-0.37857532501220703
5718125056.0,-0.3718429505825043
5719062528.0,-0.3607960045337677
5720000000.0,-0.34500646591186523
5720937472.0,-0.3246683180332184
5721874944.0,-0.3004360795021057
5722812416.0,-0.27443626523017883
5723749888.0,-0.24347884953022003
5724687360.0,-0.20854492485523224
5725624832.0,-0.17205515503883362
5726562304.0,-0.1323140263557434
5727499776.0,-0.09192021936178207
5728437248.0,-0.05072963982820511
5729375232.0,-0.010361624881625175
5730312704.0,0.02939453348517418
5731250176.0,0.06637262552976608
5732187648.0,0.10206402093172073
5733125120.0,0.13485804200172424
5734062592.0,0.1625642627477646
5735000064.0,0.1859937459230423
5735937536.0,0.20473453402519226
5736875008.0,0.21909314393997192
5737812480.0,0.22930236160755157
5738749952.0,0.2351120263338089
5739687424.0,0.23606711626052856
5740624896.0,0.23331038653850555
5741562368.0,0.22807182371616364
5742499840.0,0.2192806601524353
5743437312.0,0.20823609828948975
5744374784.0,0.19485220313072205
5745312256.0,0.18137381970882416
5746250240.0,0.16691891849040985
5747187712.0,0.15143032371997833
5748125184.0,0.1365659087896347
5749062656.0,0.12153453379869461
5750000128.0,0.10777074843645096
5750937600.0,0.09438207000494003
5751875072.0,0.08099354803562164
5752812544.0,0.07028309255838394
5753750016.0,0.059007056057453156
5754687488.0,0.0493440255522728
5755624960.0,0.03565017133951187
5756562432.0,0.01525756437331438
5757499904.0,-0.006706132087856531
5758437376.0,-0.031807269901037216
5759374848.0,-0.05970749258995056
5760312320.0,-0.08836156129837036
5761249792.0,-0.11891394853591919
5762187264.0,-0.14919091761112213
5763125248.0,-0.18158113956451416
5764062720.0,-0.21179671585559845
5765000192.0,-0.24224884808063507
5765937664.0,-0.1770053505897522
5766875136.0,-0.1851477324962616
5767812608.0,-0.1924159675836563
5768750080.0,-0.20116350054740906
5769687552.0,-0.20826196670532227
5770625024.0,-0.21756033599376678
5771562496.0,-0.226597398519516
5772499968.0,-0.2360629141330719
5773437440.0,-0.24556322395801544
5774374912.0,-0.25543051958084106
5775312384.0,-0.2660217583179474
5776249856.0,-0.2769584059715271
5777187328.0,-0.28760671615600586
5778124800.0,-0.29974931478500366
5779062272.0,-0.31179267168045044
5779999744.0,-0.32280170917510986
5780937728.0,-0.33390432596206665
5781875200.0,-0.3454309105873108
5782812672.0,-0.35492900013923645
5783750144.0,-0.36449894309043884
5784687616.0,-0.37379714846611023
5785625088.0,-0.38274532556533813
5786562560.0,-0.39190253615379333
5787500032.0,-0.3992779552936554
5788437504.0,-0.4064590036869049
5789374976.0,-0.41162005066871643
5790312448.0,-0.4159242510795593
5791249920.0,-0.4189276695251465
5792187392.0,-0.4214108884334564
5793124864.0,-0.4228469729423523
5794062336.0,-0.4218164086341858
5794999808.0,-0.42135486006736755
5795937280.0,-0.4187220335006714
5796874752.0,-0.4133630394935608
5797812736.0,-0.4079301953315735
5798750208.0,-0.3997192680835724
5799687680.0,-0.39127233624458313
5800625152.0,-0.38055184483528137
5801562624.0,-0.3678933382034302
5802500096.0,-0.35456904768943787
5803437568.0,-0.339097797870636
5804375040.0,-0.3222184479236603
5805312512.0,-0.3036258816719055
5806249984.0,-0.2858934998512268
5807187456.0,-0.2660001516342163
5808124928.0,-0.24720735847949982
5809062400.0,-0.22803613543510437
5809999872.0,-0.20857177674770355
5810937344.0,-0.18861611187458038
5811874816.0,-0.16995075345039368
5812812288.0,-0.1510646492242813
5813749760.0,-0.13420380651950836
5814687744.0,-0.11732321232557297
5815625216.0,-0.10268165916204453
5816562688.0,-0.08893395960330963
5817500160.0,-0.07632405310869217
5818437632.0,-0.06472869217395782
5819375104.0,-0.055909764021635056
5820312576.0,-0.04726816341280937
5821250048.0,-0.04190748184919357
5822187520.0,-0.038235221058130264
5823124992.0,-0.03624183312058449
5824062464.0,-0.03569839149713516
5824999936.0,-0.03622822090983391
5825937408.0,-0.23051658272743225
5826874880.0,-0.23240649700164795
5827812352.0,-0.2345699667930603
5828749824.0,-0.23628903925418854
5829687296.0,-0.23823443055152893
5830624768.0,-0.24151737987995148
5831562752.0,-0.24245738983154297
5832500224.0,-0.24524803459644318
5833437696.0,-0.2474914938211441
5834375168.0,-0.25095170736312866
5835312640.0,-0.2535584568977356
5836250112.0,-0.2566183805465698
5837187584.0,-0.25849807262420654
5838125056.0,-0.26163461804389954
5839062528.0,-0.2646792531013489
5840000000.0,-0.2701758146286011
5840937472.0,-0.2758219838142395
5841874944.0,-0.2802909314632416
5842812416.0,-0.28582191467285156
5843749888.0,-0.29196301102638245
5844687360.0,-0.29864561557769775
5845624832.0,-0.3045381009578705
5846562304.0,-0.31026697158813477
5847499776.0,-0.3159569203853607
5848437248.0,-0.3219006359577179
5849375232.0,-0.3267252743244171
5850312704.0,-0.3310163617134094
5851250176.0,-0.3358650207519531
5852187648.0,-0.3398483097553253
5853125120.0,-0.3434635102748871
5854062592.0,-0.3454882800579071
5855000064.0,-0.34762218594551086
5855937536.0,-0.3493680953979492
5856875008.0,-0.3497529625892639
5857812480.0,-0.34956690669059753
5858749952.0,-0.3495625853538513
5859687424.0,-0.34836602210998535
5860624896.0,-0.3465794026851654
5861562368.0,-0.3447510004043579
5862499840.0,-0.3432304263114929
5863437312.0,-0.34000059962272644
5864374784.0,-0.3374711871147156
5865312256.0,-0.33550557494163513
5866250240.0,-0.33289769291877747
5867187712.0,-0.32981348037719727
5868125184.0,-0.32678040862083435
5869062656.0,-0.32374370098114014
5870000128.0,-0.31984758377075195
5870937600.0,-0.3184923529624939
5871875072.0,-0.3148488700389862
5872812544.0,-0.3131827116012573
5873750016.0,-0.31279435753822327
5874687488.0,-0.31230056285858154
5875624960.0,-0.31318947672843933
5876562432.0,-0.3134661018848419
5877499904.0,-0.3156520128250122
5878437376.0,-0.31904223561286926
5879374848.0,-0.32263419032096863
5880312320.0,-0.32608893513679504
5881249792.0,-0.33154287934303284
5882187264.0,-0.33637797832489014
5883125248.0,-0.33931103348731995
5884062720.0,-0.34454822540283203
5885000192.0,-0.3497482240200043
5885937664.0,-0.36336177587509155
5886875136.0,-0.3689666986465454
5887812608.0,-0.373514860868454
5888750080.0,-0.37810295820236206
5889687552.0,-0.38199132680892944
5890625024.0,-0.38450244069099426
5891562496.0,-0.3873527944087982
5892499968.0,-0.3886387348175049
5893437440.0,-0.3913027346134186
5894374912.0,-0.39232683181762695
5895312384.0,-0.39215773344039917
5896249856.0,-0.3929320275783539
5897187328.0,-0.3937382102012634
5898124800.0,-0.39344677329063416
5899062272.0,-0.39337101578712463
5900000256.0,-0.3930867910385132
5900937728.0,-0.391513466835022
5901875200.0,-0.3911232054233551
5902812672.0,-0.3899107575416565
5903750144.0,-0.38901954889297485
5904687616.0,-0.38722410798072815
5905625088.0,-0.38528797030448914
5906562560.0,-0.38431516289711
5907500032.0,-0.38412904739379883
5908437504.0,-0.3846689760684967
5909374976.0,-0.38459256291389465
5910312448.0,-0.38549521565437317
5911249920.0,-0.3867146670818329
5912187392.0,-0.38671040534973145
5913124864.0,-0.38843467831611633
5914062336.0,-0.3898366093635559
5914999808.0,-0.39243996143341064
5915937280.0,-0.39598384499549866
5916874752.0,-0.39972788095474243
5917812736.0,-0.40459689497947693
5918750208.0,-0.41055914759635925
5919687680.0,-0.4173375368118286
5920625152.0,-0.42386743426322937
5921562624.0,-0.4314337968826294
5922500096.0,-0.43991827964782715
5923437568.0,-0.44866830110549927
5924375040.0,-0.45760321617126465
5925312512.0,-0.4676017463207245
5926249984.0,-0.47722965478897095
5927187456.0,-0.48837199807167053
5928124928.0,-0.4985751211643219
5929062400.0,-0.5091338753700256
5929999872.0,-0.5209409594535828
5930937344.0,-0.5314164757728577
5931874816.0,-0.5423482060432434
5932812288.0,-0.552800178527832
5933749760.0,-0.5626711845397949
5934687744.0,-0.5725769996643066
5935625216.0,-0.582573413848877
5936562688.0,-0.5920456051826477
5937500160.0,-0.6010427474975586
5938437632.0,-0.6088046431541443
5939375104.0,-0.6166492104530334
5940312576.0,-0.6227129697799683
5941250048.0,-0.6290000677108765
5942187520.0,-0.6337922811508179
5943124992.0,-0.6365317106246948
5944062464.0,-0.6384077668190002
5944999936.0,-0.6390379071235657
5945937408.0,-0.4214586913585663
5946874880.0,-0.4365924298763275
5947812352.0,-0.45404529571533203
5948749824.0,-0.4690631628036499
5949687296.0,-0.484715074300766
5950624768.0,-0.49990642070770264
5951562752.0,-0.5135706663131714
5952500224.0,-0.5269791483879089
5953437696.0,-0.5377650260925293
5954375168.0,-0.5474326610565186
5955312640.0,-0.5564888119697571
5956250112.0,-0.5636758208274841
5957187584.0,-0.5679410099983215
5958125056.0,-0.5727545022964478
5959062528.0,-0.5755029916763306
5960000000.0,-0.5764383673667908
5960937472.0,-0.5756218433380127
5961874944.0,-0.5733253955841064
5962812416.0,-0.5701982975006104
5963749888.0,-0.5655486583709717
5964687360.0,-0.5582367777824402
5965624832.0,-0.5502719283103943
5966562304.0,-0.5412670373916626
5967499776.0,-0.5322427153587341
5968437248.0,-0.5210645794868469
5969375232.0,-0.5092771053314209
5970312704.0,-0.496879518032074
5971250176.0,-0.4869391918182373
5972187648.0,-0.4764040410518646
5973125120.0,-0.46653515100479126
5974062592.0,-0.4575527310371399
5975000064.0,-0.44889089465141296
5975937536.0,-0.44137945771217346
5976875008.0,-0.43378502130508423
5977812480.0,-0.42862311005592346
5978749952.0,-0.4218530058860779
5979687424.0,-0.41786593198776245
5980624896.0,-0.4136965274810791
5981562368.0,-0.411604642868042
5982499840.0,-0.4114324748516083
5983437312.0,-0.41051772236824036
5984374784.0,-0.41122183203697205
5985312256.0,-0.4128449857234955
5986250240.0,-0.4146454632282257
5987187712.0,-0.41838687658309937
5988125184.0,-0.42185741662979126
5989062656.0,-0.4267277717590332
5990000128.0,-0.432179719209671
5990937600.0,-0.4360288083553314
5991875072.0,-0.4408687949180603
5992812544.0,-0.4439277648925781
5993750016.0,-0.4494597017765045
5994687488.0,-0.4523560702800751
5995624960.0,-0.45609673857688904
5996562432.0,-0.46035900712013245
5997499904.0,-0.4644317030906677
5998437376.0,-0.46829384565353394
5999374848.0,-0.4726373851299286
6000312320.0,-0.4757963716983795
6001249792.0,-0.47876250743865967
6002187264.0,-0.4826512932777405
6003125248.0,-0.4869770407676697
6004062720.0,-0.48971518874168396
6005000192.0,-0.38851141929626465
6005937664.0,-0.39789682626724243
6006875136.0,-0.4077095091342926
6007812608.0,-0.41953280568122864
6008750080.0,-0.4326516389846802
6009687552.0,-0.4463441073894501
6010625024.0,-0.46048682928085327
6011562496.0,-0.4764942228794098
6012499968.0,-0.4934176206588745
6013437440.0,-0.5100816488265991
6014374912.0,-0.525969922542572
6015312384.0,-0.5434592366218567
6016249856.0,-0.5610945224761963
6017187328.0,-0.5788515210151672
6018124800.0,-0.5963901281356812
6019062272.0,-0.6136656403541565
6019999744.0,-0.6315327882766724
6020937728.0,-0.6480461359024048
6021875200.0,-0.6632011532783508
6022812672.0,-0.6768518686294556
6023750144.0,-0.6894564628601074
6024687616.0,-0.7004401683807373
6025625088.0,-0.7099117040634155
6026562560.0,-0.7177969217300415
6027500032.0,-0.7238497138023376
6028437504.0,-0.729057252407074
6029374976.0,-0.72989422082901
6030312448.0,-0.7300681471824646
6031249920.0,-0.7267278432846069
6032187392.0,-0.7220675945281982
6033124864.0,-0.714202344417572
6034062336.0,-0.7051690220832825
6034999808.0,-0.6955567598342896
6035937280.0,-0.6821591258049011
6036874752.0,-0.6694663763046265
6037812736.0,-0.6543097496032715
6038750208.0,-0.637920081615448
6039687680.0,-0.6197823882102966
6040625152.0,-0.6025618314743042
6041562624.0,-0.5835499167442322
6042500096.0,-0.5650308132171631
6043437568.0,-0.5481762886047363
6044375040.0,-0.5307563543319702
6045312512.0,-0.5145293474197388
6046249984.0,-0.49846524000167847
6047187456.0,-0.48407337069511414
6048124928.0,-0.4698541760444641
6049062400.0,-0.4567510783672333
6049999872.0,-0.44456902146339417
6050937344.0,-0.4343629479408264
6051874816.0,-0.42487770318984985
6052812288.0,-0.4171179533004761
6053749760.0,-0.40986326336860657
6054687744.0,-0.40465086698532104
6055625216.0,-0.39957112073898315
6056562688.0,-0.39741480350494385
6057500160.0,-0.39472484588623047
6058437632.0,-0.3933454155921936
6059375104.0,-0.39286690950393677
6060312576.0,-0.39352646470069885
6061250048.0,-0.39456906914711
6062187520.0,-0.39784857630729675
6063124992.0,-0.40149760246276855
6064062464.0,-0.40570348501205444
6064999936.0,-0.4047366976737976
6065937408.0,-0.40945205092430115
6066874880.0,-0.4160398840904236
6067812352.0,-0.4232085347175598
6068749824.0,-0.4306401014328003
6069687296.0,-0.43688535690307617
6070624768.0,-0.4457293748855591
6071562752.0,-0.4538838565349579
6072500224.0,-0.4629307985305786
6073437696.0,-0.47266310453414917
6074375168.0,-0.4819417893886566
6075312640.0,-0.4928421378135681
6076250112.0,-0.5026992559432983
6077187584.0,-0.5126361846923828
6078125056.0,-0.5232406854629517
6079062528.0,-0.5323206186294556
6080000000.0,-0.5428895950317383
6080937472.0,-0.552139401435852
6081874944.0,-0.5626970529556274
6082812416.0,-0.5703067779541016
6083749888.0,-0.5774009227752686
6084687360.0,-0.5835709571838379
6085624832.0,-0.5879577398300171
6086562304.0,-0.5910465121269226
6087499776.0,-0.5935434103012085
6088437248.0,-0.5947563052177429
6089375232.0,-0.5938485860824585
6090312704.0,-0.5939149856567383
6091250176.0,-0.5913995504379272
6092187648.0,-0.5895533561706543
6093125120.0,-0.5853808522224426
6094062592.0,-0.5796496272087097
6095000064.0,-0.5722382068634033
6095937536.0,-0.5650346875190735
6096875008.0,-0.5561462640762329
6097812480.0,-0.5467427968978882
6098749952.0,-0.5377116799354553
6099687424.0,-0.5276122093200684
6100624896.0,-0.5172213315963745
6101562368.0,-0.5064252018928528
6102499840.0,-0.49599316716194153
6103437312.0,-0.48479172587394714
6104374784.0,-0.4744804799556732
6105312256.0,-0.4658227562904358
6106250240.0,-0.4568144679069519
6107187712.0,-0.4477180242538452
6108125184.0,-0.4405834376811981
6109062656.0,-0.43285098671913147
6110000128.0,-0.4264835715293884
6110937600.0,-0.41968539357185364
6111875072.0,-0.41221344470977783
6112812544.0,-0.4067448079586029
6113750016.0,-0.4013964831829071
6114687488.0,-0.3971276879310608
6115624960.0,-0.39376941323280334
6116562432.0,-0.39015993475914
6117499904.0,-0.38778379559516907
6118437376.0,-0.38494637608528137
6119374848.0,-0.38450750708580017
6120312320.0,-0.38332170248031616
6121249792.0,-0.38216719031333923
6122187264.0,-0.381084680557251
6123125248.0,-0.38306719064712524
6124062720.0,-0.3843131363391876
6125000192.0,-0.577580988407135
6125937664.0,-0.5880062580108643
6126875136.0,-0.5982240438461304
6127812608.0,-0.6087890863418579
6128750080.0,-0.6181246042251587
6129687552.0,-0.6260882019996643
6130625024.0,-0.6334306597709656
6131562496.0,-0.6407504081726074
6132499968.0,-0.6457642912864685
6133437440.0,-0.6492347717285156
6134374912.0,-0.6520625948905945
6135312384.0,-0.6547213196754456
6136249856.0,-0.6567484140396118
6137187328.0,-0.6571929454803467
6138124800.0,-0.6571447849273682
6139062272.0,-0.6578298211097717
6140000256.0,-0.6572117209434509
6140937728.0,-0.6562561392784119
6141875200.0,-0.6547166109085083
6142812672.0,-0.6525046229362488
6143750144.0,-0.6499669551849365
6144687616.0,-0.6467486023902893
6145625088.0,-0.6430834531784058
6146562560.0,-0.6389104127883911
6147500032.0,-0.634432852268219
6148437504.0,-0.6301820278167725
6149374976.0,-0.6261454224586487
6150312448.0,-0.6228760480880737
6151249920.0,-0.6202228665351868
6152187392.0,-0.6181551218032837
6153124864.0,-0.6164329051971436
6154062336.0,-0.6158260703086853
6154999808.0,-0.6158335208892822
6155937280.0,-0.6152100563049316
6156874752.0,-0.6152492165565491
6157812736.0,-0.6154743432998657
6158750208.0,-0.6175625324249268
6159687680.0,-0.6192992329597473
6160625152.0,-0.6216890215873718
6161562624.0,-0.6239827275276184
6162500096.0,-0.6263800263404846
6163437568.0,-0.6309987306594849
6164375040.0,-0.6355502605438232
6165312512.0,-0.6405251026153564
6166249984.0,-0.6472001671791077
6167187456.0,-0.6530821919441223
6168124928.0,-0.6612876057624817
6169062400.0,-0.6692713499069214
6169999872.0,-0.6775222420692444
6170937344.0,-0.6861056685447693
6171874816.0,-0.6943567991256714
6172812288.0,-0.7018603086471558
6173749760.0,-0.7095070481300354
6174687744.0,-0.7164584398269653
6175625216.0,-0.7242724895477295
6176562688.0,-0.7306972742080688
6177500160.0,-0.737739622592926
6178437632.0,-0.7460028529167175
6179375104.0,-0.7526067495346069
6180312576.0,-0.7604336142539978
6181250048.0,-0.7677801847457886
6182187520.0,-0.7742931246757507
6183124992.0,-0.7812106013298035
6184062464.0,-0.7879148125648499
6184999936.0,-0.6292279958724976
6185937408.0,-0.6486660838127136
6186874880.0,-0.6689640283584595
6187812352.0,-0.6886548399925232
6188749824.0,-0.7089680433273315
6189687296.0,-0.726750910282135
6190624768.0,-0.7460131645202637
6191562752.0,-0.7625219225883484
6192500224.0,-0.7796624898910522
6193437696.0,-0.7960906624794006
6194375168.0,-0.8108434677124023
6195312640.0,-0.8269360661506653
6196250112.0,-0.8411229848861694
6197187584.0,-0.8537960648536682
6198125056.0,-0.8650392889976501
6199062528.0,-0.8755148649215698
6200000000.0,-0.8831762671470642
6200937472.0,-0.8885844945907593
6201874944.0,-0.8927779197692871
6202812416.0,-0.894059956073761
6203749888.0,-0.8941565155982971
6204687360.0,-0.8914023041725159
6205624832.0,-0.8870882987976074
6206562304.0,-0.8817816972732544
6207499776.0,-0.8744811415672302
6208437248.0,-0.8663856983184814
6209375232.0,-0.8572320342063904
6210312704.0,-0.8458827137947083
6211250176.0,-0.8356270790100098
6212187648.0,-0.822733461856842
6213125120.0,-0.8096808791160583
6214062592.0,-0.7969088554382324
6215000064.0,-0.7828732132911682
6215937536.0,-0.7692798972129822
6216875008.0,-0.7554569244384766
6217812480.0,-0.7409966588020325
6218749952.0,-0.7276201844215393
6219687424.0,-0.7132934331893921
6220624896.0,-0.7002460956573486
6221562368.0,-0.6879032850265503
6222499840.0,-0.6744135022163391
6223437312.0,-0.6625299453735352
6224374784.0,-0.6508663892745972
6225312256.0,-0.6398497223854065
6226250240.0,-0.6296088695526123
6227187712.0,-0.6190523505210876
6228125184.0,-0.6109615564346313
6229062656.0,-0.6035302877426147
6230000128.0,-0.597970187664032
6230937600.0,-0.5950129628181458
6231875072.0,-0.5927836298942566
6232812544.0,-0.5942932963371277
6233750016.0,-0.5969056487083435
6234687488.0,-0.5998439788818359
6235624960.0,-0.6035194993019104
6236562432.0,-0.609323263168335
6237499904.0,-0.6154698729515076
6238437376.0,-0.6227021813392639
6239374848.0,-0.6304913759231567
6240312320.0,-0.6405249834060669
6241249792.0,-0.6489822268486023
6242187264.0,-0.6590729355812073
6243125248.0,-0.670039713382721
6244062720.0,-0.6800982356071472
6245000192.0,-0.6881082057952881
6245937664.0,-0.7004424333572388
6246875136.0,-0.7150814533233643
6247812608.0,-0.7297943234443665
6248750080.0,-0.7450928688049316
6249687552.0,-0.7602167725563049
6250625024.0,-0.7757509350776672
6251562496.0,-0.7911966443061829
6252499968.0,-0.8050785660743713
6253437440.0,-0.8185265064239502
6254374912.0,-0.8302056193351746
6255312384.0,-0.8423678278923035
6256249856.0,-0.8532535433769226
6257187328.0,-0.8628633618354797
6258124800.0,-0.8722901344299316
6259062272.0,-0.8803870677947998
6259999744.0,-0.8869829773902893
6260937728.0,-0.8935404419898987
6261875200.0,-0.8983281850814819
6262812672.0,-0.9016319513320923
6263750144.0,-0.9027882814407349
6264687616.0,-0.9042972326278687
6265625088.0,-0.9050605893135071
6266562560.0,-0.904558539390564
6267500032.0,-0.9036016464233398
6268437504.0,-0.9030081629753113
6269374976.0,-0.9032230973243713
6270312448.0,-0.9001366496086121
6271249920.0,-0.8973586559295654
6272187392.0,-0.8940553069114685
6273124864.0,-0.8897475004196167
6274062336.0,-0.8845242261886597
6274999808.0,-0.8811183571815491
6275937280.0,-0.87788987159729
6276874752.0,-0.8733869194984436
6277812736.0,-0.8708926439285278
6278750208.0,-0.8661760091781616
6279687680.0,-0.8622848391532898
6280625152.0,-0.8579874634742737
6281562624.0,-0.8542517423629761
6282500096.0,-0.8515691757202148
6283437568.0,-0.849372148513794
6284375040.0,-0.8487396240234375
6285312512.0,-0.8484377861022949
6286249984.0,-0.8494420647621155
6287187456.0,-0.8511887192726135
6288124928.0,-0.8534734845161438
6289062400.0,-0.8559463620185852
6289999872.0,-0.858613908290863
6290937344.0,-0.8619739413261414
6291874816.0,-0.8648792505264282
6292812288.0,-0.8680822253227234
6293749760.0,-0.8730061650276184
6294687744.0,-0.8797990679740906
6295625216.0,-0.8855872750282288
6296562688.0,-0.8915192484855652
6297500160.0,-0.8988701105117798
6298437632.0,-0.9086750745773315
6299375104.0,-0.9186677932739258
6300312576.0,-0.9279137849807739
6301250048.0,-0.9394205808639526
6302187520.0,-0.949776828289032
6303124992.0,-0.960715651512146
6304062464.0,-0.9715187549591064
6304999936.0,-0.997894823551178
6305937408.0,-1.0069620609283447
6306874880.0,-1.0157777070999146
6307812352.0,-1.0248960256576538
6308749824.0,-1.0341882705688477
6309687296.0,-1.0431462526321411
6310624768.0,-1.051668405532837
6311562752.0,-1.0613030195236206
6312500224.0,-1.0699650049209595
6313437696.0,-1.0794000625610352
6314375168.0,-1.0883610248565674
6315312640.0,-1.099353313446045
6316250112.0,-1.1103450059890747
6317187584.0,-1.1210886240005493
6318125056.0,-1.1331889629364014
6319062528.0,-1.145362377166748
6320000000.0,-1.1563692092895508
6320937472.0,-1.1673918962478638
6321874944.0,-1.1787300109863281
6322812416.0,-1.1897755861282349
6323749888.0,-1.20148766040802
6324687360.0,-1.2135881185531616
6325624832.0,-1.2237958908081055
6326562304.0,-1.2334650754928589
6327499776.0,-1.243332028388977
6328437248.0,-1.2531232833862305
6329375232.0,-1.2619937658309937
6330312704.0,-1.2688742876052856
6331250176.0,-1.2768625020980835
6332187648.0,-1.2808020114898682
6333125120.0,-1.2868282794952393
6334062592.0,-1.288589596748352
6335000064.0,-1.2904052734375
6335937536.0,-1.291632890701294
6336875008.0,-1.2910711765289307
6337812480.0,-1.2898290157318115
6338749952.0,-1.2883508205413818
6339687424.0,-1.2840747833251953
6340624896.0,-1.2787185907363892
6341562368.0,-1.272505521774292
6342499840.0,-1.2645995616912842
6343437312.0,-1.2537442445755005
6344374784.0,-1.2424159049987793
6345312256.0,-1.2300281524658203
6346250240.0,-1.218121886253357
6347187712.0,-1.2043144702911377
6348125184.0,-1.1926430463790894
6349062656.0,-1.180094838142395
6350000128.0,-1.166743278503418
6350937600.0,-1.1536839008331299
6351875072.0,-1.1415659189224243
6352812544.0,-1.1277995109558105
6353750016.0,-1.1143854856491089
6354687488.0,-1.1028722524642944
6355624960.0,-1.0898088216781616
6356562432.0,-1.0778700113296509
6357499904.0,-1.0653014183044434
6358437376.0,-1.0558973550796509
6359374848.0,-1.0459983348846436
6360312320.0,-1.0355792045593262
6361249792.0,-1.0259968042373657
6362187264.0,-1.0182993412017822
6363125248.0,-1.0127090215682983
6364062720.0,-1.0102540254592896
6365000192.0,-1.3790236711502075
6365937664.0,-1.3933979272842407
6366875136.0,-1.4081566333770752
6367812608.0,-1.4227755069732666
6368750080.0,-1.4371843338012695
6369687552.0,-1.451363444328308
6370625024.0,-1.4653091430664062
6371562496.0,-1.477675199508667
6372499968.0,-1.49154794216156
6373437440.0,-1.5032974481582642
6374374912.0,-1.5147675275802612
6375312384.0,-1.5253880023956299
6376249856.0,-1.5341616868972778
6377187328.0,-1.5424206256866455
6378124800.0,-1.5492172241210938
6379062272.0,-1.5547056198120117
6380000256.0,-1.5585545301437378
6380937728.0,-1.5610218048095703
6381875200.0,-1.5628271102905273
6382812672.0,-1.5636329650878906
6383750144.0,-1.5634809732437134
6384687616.0,-1.562788724899292
6385625088.0,-1.561689019203186
6386562560.0,-1.56028413772583
6387500032.0,-1.5568379163742065
6388437504.0,-1.55287504196167
6389374976.0,-1.5488635301589966
6390312448.0,-1.54338538646698
6391249920.0,-1.5357741117477417
6392187392.0,-1.5279631614685059
6393124864.0,-1.5193125009536743
6394062336.0,-1.5110379457473755
6394999808.0,-1.5014475584030151
6395937280.0,-1.4911881685256958
6396874752.0,-1.4805490970611572
6397812736.0,-1.4712860584259033
6398750208.0,-1.4631283283233643
6399687680.0,-1.4559780359268188
6400625152.0,-1.4490138292312622
6401562624.0,-1.4427322149276733
6402500096.0,-1.4369008541107178
6403437568.0,-1.4319905042648315
6404375040.0,-1.4289658069610596
6405312512.0,-1.4289263486862183
6406249984.0,-1.4301766157150269
6407187456.0,-1.4334402084350586
6408124928.0,-1.4392837285995483
6409062400.0,-1.4460523128509521
6409999872.0,-1.4549604654312134
6410937344.0,-1.4646621942520142
6411874816.0,-1.4754092693328857
6412812288.0,-1.4899128675460815
6413749760.0,-1.5058910846710205
6414687744.0,-1.5252574682235718
6415625216.0,-1.5455595254898071
6416562688.0,-1.5676863193511963
6417500160.0,-1.5902587175369263
6418437632.0,-1.614676833152771
6419375104.0,-1.6414108276367188
6420312576.0,-1.6658833026885986
6421250048.0,-1.6923390626907349
6422187520.0,-1.7194424867630005
6423124992.0,-1.7481807470321655
6424062464.0,-1.7764198780059814
6424999936.0,-1.8073797225952148
6425937408.0,-1.8371028900146484
6426874880.0,-1.8664472103118896
6427812352.0,-1.897402048110962
6428749824.0,-1.9283219575881958
6429687296.0,-1.9611622095108032
6430624768.0,-1.9922974109649658
6431562752.0,-2.0226476192474365
6432500224.0,-2.053598403930664
6433437696.0,-2.08166766166687
6434375168.0,-2.1089072227478027
6435312640.0,-2.1357340812683105
6436250112.0,-2.161618709564209
6437187584.0,-2.1845831871032715
6438125056.0,-2.2061567306518555
6439062528.0,-2.2269299030303955
6440000000.0,-2.245438814163208
6440937472.0,-2.263343095779419
6441874944.0,-2.2806763648986816
6442812416.0,-2.294609308242798
6443749888.0,-2.311560869216919
6444687360.0,-2.3252201080322266
6445624832.0,-2.3373613357543945
6446562304.0,-2.347743034362793
6447499776.0,-2.3550143241882324
6448437248.0,-2.3605692386627197
6449375232.0,-2.3617520332336426
6450312704.0,-2.3624260425567627
6451250176.0,-2.3627285957336426
6452187648.0,-2.361121892929077
6453125120.0,-2.3597748279571533
6454062592.0,-2.3579235076904297
6455000064.0,-2.354957342147827
6455937536.0,-2.3510780334472656
6456875008.0,-2.3472342491149902
6457812480.0,-2.3442440032958984
6458749952.0,-2.3407912254333496
6459687424.0,-2.3378963470458984
6460624896.0,-2.3344132900238037
6461562368.0,-2.332306385040283
6462499840.0,-2.3287675380706787
6463437312.0,-2.3274922370910645
6464374784.0,-2.3262858390808105
6465312256.0,-2.3263728618621826
6466250240.0,-2.3272106647491455
6467187712.0,-2.327399730682373
6468125184.0,-2.330411195755005
6469062656.0,-2.3323895931243896
6470000128.0,-2.337179660797119
6470937600.0,-2.343229293823242
6471875072.0,-2.350518226623535
6472812544.0,-2.3579342365264893
6473750016.0,-2.366598129272461
6474687488.0,-2.3773107528686523
6475624960.0,-2.390202283859253
6476562432.0,-2.40628719329834
6477499904.0,-2.425492286682129
6478437376.0,-2.4479660987854004
6479374848.0,-2.474146842956543
6480312320.0,-2.502596855163574
6481249792.0,-2.53340220451355
6482187264.0,-2.5670909881591797
6483125248.0,-2.60111927986145
6484062720.0,-2.635251522064209
6485000192.0,-2.735307455062866
6485937664.0,-2.7591845989227295
6486875136.0,-2.784135580062866
6487812608.0,-2.809568405151367
6488750080.0,-2.838017225265503
6489687552.0,-2.86841082572937
6490625024.0,-2.8990206718444824
6491562496.0,-2.930527925491333
6492499968.0,-2.9594411849975586
6493437440.0,-2.9892516136169434
6494374912.0,-3.0214691162109375
6495312384.0,-3.0511295795440674
6496249856.0,-3.08310866355896
6497187328.0,-3.1135826110839844
6498124800.0,-3.143496513366699
6499062272.0,-3.1737139225006104
6499999744.0,-3.2014665603637695
6500937728.0,-3.228351593017578
6501875200.0,-3.255401372909546
6502812672.0,-3.280768394470215
6503750144.0,-3.3057374954223633
6504687616.0,-3.3309779167175293
6505625088.0,-3.3538806438446045
6506562560.0,-3.3767483234405518
6507500032.0,-3.3999271392822266
6508437504.0,-3.424974203109741
6509374976.0,-3.4504101276397705
6510312448.0,-3.4768030643463135
6511249920.0,-3.5039498805999756
6512187392.0,-3.532482862472534
6513124864.0,-3.5615031719207764
6514062336.0,-3.590573310852051
6514999808.0,-3.6216564178466797
6515937280.0,-3.6519975662231445
6516874752.0,-3.68435001373291
6517812736.0,-3.717913866043091
6518750208.0,-3.753748655319214
6519687680.0,-3.7896316051483154
6520625152.0,-3.827394485473633
6521562624.0,-3.8629262447357178
6522500096.0,-3.9009878635406494
6523437568.0,-3.9383597373962402
6524375040.0,-3.977163791656494
6525312512.0,-4.017624855041504
6526249984.0,-4.057420253753662
6527187456.0,-4.096329212188721
6528124928.0,-4.135684013366699
6529062400.0,-4.177562713623047
6529999872.0,-4.220335006713867
6530937344.0,-4.261993408203125
6531874816.0,-4.305588722229004
6532812288.0,-4.348209857940674
6533749760.0,-4.391503810882568
6534687744.0,-4.436620235443115
6535625216.0,-4.48219108581543
6536562688.0,-4.526777267456055
6537500160.0,-4.575733661651611
6538437632.0,-4.623037815093994
6539375104.0,-4.671990394592285
6540312576.0,-4.72295618057251
6541250048.0,-4.7717485427856445
6542187520.0,-4.8203206062316895
6543124992.0,-4.866949081420898
6544062464.0,-4.91222620010376
6544999936.0,-4.947377681732178
6545937408.0,-4.993453502655029
6546874880.0,-5.037971019744873
6547812352.0,-5.084256172180176
6548749824.0,-5.133081912994385
6549687296.0,-5.182594299316406
6550624768.0,-5.233432292938232
6551562752.0,-5.28411340713501
6552500224.0,-5.335759162902832
6553437696.0,-5.386862277984619
6554375168.0,-5.4342360496521
6555312640.0,-5.48233699798584
6556250112.0,-5.527572154998779
6557187584.0,-5.570586204528809
6558125056.0,-5.613227367401123
6559062528.0,-5.656327247619629
6560000000.0,-5.703275203704834
6560937472.0,-5.75346565246582
6561874944.0,-5.809178352355957
6562812416.0,-5.865380764007568
6563749888.0,-5.9230546951293945
6564687360.0,-5.984256267547607
6565624832.0,-6.041083335876465
6566562304.0,-6.097665309906006
6567499776.0,-6.155245780944824
6568437248.0,-6.213307857513428
6569375232.0,-6.275801181793213
6570312704.0,-6.340532302856445
6571250176.0,-6.406766414642334
6572187648.0,-6.476923942565918
6573125120.0,-6.550875186920166
6574062592.0,-6.628054141998291
6575000064.0,-6.710233211517334
6575937536.0,-6.7914862632751465
6576875008.0,-6.874563217163086
6577812480.0,-6.963715076446533
6578749952.0,-7.054245948791504
6579687424.0,-7.149820804595947
6580624896.0,-7.248879909515381
6581562368.0,-7.347604751586914
6582499840.0,-7.439690113067627
6583437312.0,-7.5262885093688965
6584374784.0,-7.608128547668457
6585312256.0,-7.6877241134643555
6586250240.0,-7.766635894775391
6587187712.0,-7.847109317779541
6588125184.0,-7.930840492248535
6589062656.0,-8.017521858215332
6590000128.0,-8.107178688049316
6590937600.0,-8.201166152954102
6591875072.0,-8.297849655151367
6592812544.0,-8.392848014831543
6593750016.0,-8.491357803344727
6594687488.0,-8.591408729553223
6595624960.0,-8.690855979919434
6596562432.0,-8.796591758728027
6597499904.0,-8.902180671691895
6598437376.0,-9.010114669799805
6599374848.0,-9.121587753295898
6600312320.0,-9.236915588378906
6601249792.0,-9.351302146911621
6602187264.0,-9.468669891357422
6603125248.0,-9.590749740600586
6604062720.0,-9.710992813110352
6605000192.0,-9.822639465332031
6605937664.0,-9.930965423583984
6606875136.0,-10.03537368774414
6607812608.0,-10.13759708404541
6608750080.0,-10.238163948059082
6609687552.0,-10.3416109085083
6610625024.0,-10.446722984313965
6611562496.0,-10.55211353302002
6612499968.0,-10.649399757385254
6613437440.0,-10.739087104797363
6614374912.0,-10.824186325073242
6615312384.0,-10.900792121887207
6616249856.0,-10.98234748840332
6617187328.0,-11.061330795288086
6618124800.0,-11.143044471740723
6619062272.0,-11.22208309173584
6620000256.0,-11.298439979553223
6620937728.0,-11.365208625793457
6621875200.0,-11.427420616149902
6622812672.0,-11.482515335083008
6623750144.0,-11.531299591064453
6624687616.0,-11.574019432067871
6625625088.0,-11.609554290771484
6626562560.0,-11.633039474487305
6627500032.0,-11.646631240844727
6628437504.0,-11.646678924560547
6629374976.0,-11.639555931091309
6630312448.0,-11.6286039352417
6631249920.0,-11.610934257507324
6632187392.0,-11.60013484954834
6633124864.0,-11.589643478393555
6634062336.0,-11.582307815551758
6634999808.0,-11.580683708190918
6635937280.0,-11.580853462219238
6636874752.0,-11.58065414428711
6637812736.0,-11.580889701843262
6638750208.0,-11.568623542785645
6639687680.0,-11.550069808959961
6640625152.0,-11.520245552062988
6641562624.0,-11.478342056274414
6642500096.0,-11.425274848937988
6643437568.0,-11.370955467224121
6644375040.0,-11.311305046081543
6645312512.0,-11.246969223022461
6646249984.0,-11.177614212036133
6647187456.0,-11.105412483215332
6648124928.0,-11.032268524169922
6649062400.0,-10.953457832336426
6649999872.0,-10.877472877502441
6650937344.0,-10.799042701721191
6651874816.0,-10.726079940795898
6652812288.0,-10.650212287902832
6653749760.0,-10.5732421875
6654687744.0,-10.488924026489258
6655625216.0,-10.396241188049316
6656562688.0,-10.293904304504395
6657500160.0,-10.190330505371094
6658437632.0,-10.082708358764648
6659375104.0,-9.974417686462402
6660312576.0,-9.863434791564941
6661250048.0,-9.75295352935791
6662187520.0,-9.64832878112793
6663124992.0,-9.547256469726562
6664062464.0,-9.44754695892334
6664999936.0,-9.332195281982422
6665937408.0,-9.231094360351562
6666874880.0,-9.127488136291504
6667812352.0,-9.020662307739258
6668749824.0,-8.914273262023926
6669687296.0,-8.805290222167969
6670624768.0,-8.697653770446777
6671562752.0,-8.588678359985352
6672500224.0,-8.483284950256348
6673437696.0,-8.377307891845703
6674375168.0,-8.27583122253418
6675312640.0,-8.174833297729492
6676250112.0,-8.076395988464355
6677187584.0,-7.976891040802002
6678125056.0,-7.875450611114502
6679062528.0,-7.778332710266113
6680000000.0,-7.682194709777832
6680937472.0,-7.586548805236816
6681874944.0,-7.495738983154297
6682812416.0,-7.407660007476807
6683749888.0,-7.323503017425537
6684687360.0,-7.236729145050049
6685624832.0,-7.155384063720703
6686562304.0,-7.0788726806640625
6687499776.0,-7.009652137756348
6688437248.0,-6.942370414733887
6689375232.0,-6.878521919250488
6690312704.0,-6.814062595367432
6691250176.0,-6.7500176429748535
6692187648.0,-6.686834812164307
6693125120.0,-6.624327182769775
6694062592.0,-6.563711166381836
6695000064.0,-6.5024733543396
6695937536.0,-6.442551136016846
6696875008.0,-6.386294841766357
6697812480.0,-6.331035614013672
6698749952.0,-6.273850440979004
6699687424.0,-6.218181133270264
6700624896.0,-6.160652160644531
6701562368.0,-6.101033687591553
6702499840.0,-6.044537544250488
6703437312.0,-5.98878288269043
6704374784.0,-5.936733245849609
6705312256.0,-5.883805274963379
6706250240.0,-5.831063270568848
6707187712.0,-5.7777252197265625
6708125184.0,-5.722336769104004
6709062656.0,-5.665571689605713
6710000128.0,-5.606309413909912
6710937600.0,-5.546494007110596
6711875072.0,-5.484057426452637
6712812544.0,-5.41963005065918
6713750016.0,-5.354174613952637
6714687488.0,-5.289122581481934
6715624960.0,-5.22389554977417
6716562432.0,-5.158850193023682
6717499904.0,-5.093141555786133
6718437376.0,-5.028544902801514
6719374848.0,-4.963788032531738
6720312320.0,-4.898547649383545
6721249792.0,-4.836198329925537
6722187264.0,-4.773793697357178
6723125248.0,-4.710988998413086
6724062720.0,-4.645140647888184
6725000192.0,-4.362933158874512
6725937664.0,-4.290294647216797
6726875136.0,-4.219669342041016
6727812608.0,-4.149255275726318
6728750080.0,-4.082998275756836
6729687552.0,-4.0218610763549805
6730625024.0,-3.962674617767334
6731562496.0,-3.90582537651062
6732499968.0,-3.8535940647125244
6733437440.0,-3.8027193546295166
6734374912.0,-3.753201723098755
6735312384.0,-3.7037353515625
6736249856.0,-3.654179096221924
6737187328.0,-3.6060879230499268
6738124800.0,-3.5591259002685547
6739062272.0,-3.516430616378784
6739999744.0,-3.474198818206787
6740937728.0,-3.436292886734009
6741875200.0,-3.3996150493621826
6742812672.0,-3.3668406009674072
6743750144.0,-3.335845947265625
6744687616.0,-3.3072032928466797
6745625088.0,-3.281472682952881
6746562560.0,-3.25766658782959
6747500032.0,-3.2345356941223145
6748437504.0,-3.211634397506714
6749374976.0,-3.1908881664276123
6750312448.0,-3.169654130935669
6751249920.0,-3.1515355110168457
6752187392.0,-3.133302688598633
6753124864.0,-3.115243673324585
6754062336.0,-3.1010074615478516
6754999808.0,-3.0850799083709717
6755937280.0,-3.0693912506103516
6756874752.0,-3.0526838302612305
6757812736.0,-3.0372543334960938
6758750208.0,-3.020670175552368
6759687680.0,-3.003660202026367
6760625152.0,-2.985842227935791
6761562624.0,-2.96777606010437
6762500096.0,-2.9477198123931885
6763437568.0,-2.9277682304382324
6764375040.0,-2.90816593170166
6765312512.0,-2.887544870376587
6766249984.0,-2.86556077003479
6767187456.0,-2.841491937637329
6768124928.0,-2.817035436630249
6769062400.0,-2.790644407272339
6769999872.0,-2.7617015838623047
6770937344.0,-2.731454849243164
6771874816.0,-2.70033860206604
6772812288.0,-2.666269302368164
6773749760.0,-2.6332294940948486
6774687744.0,-2.6020967960357666
6775625216.0,-2.569432497024536
6776562688.0,-2.537302255630493
6777500160.0,-2.504852056503296
6778437632.0,-2.475511312484741
6779375104.0,-2.44620418548584
6780312576.0,-2.415926933288574
6781250048.0,-2.385211706161499
6782187520.0,-2.354396343231201
6783124992.0,-2.3246212005615234
6784062464.0,-2.2946810722351074
6784999936.0,-2.271394968032837
6785937408.0,-2.2367868423461914
6786874880.0,-2.203134298324585
6787812352.0,-2.170539140701294
6788749824.0,-2.1398239135742188
6789687296.0,-2.1105732917785645
6790624768.0,-2.081615686416626
6791562752.0,-2.0541560649871826
6792500224.0,-2.0268616676330566
6793437696.0,-2.001420736312866
6794375168.0,-1.9778515100479126
6795312640.0,-1.9559279680252075
6796250112.0,-1.9337310791015625
6797187584.0,-1.9145033359527588
6798125056.0,-1.8950334787368774
6799062528.0,-1.8785560131072998
6800000000.0,-1.8637570142745972
6800937472.0,-1.849089503288269
6801874944.0,-1.835465908050537
6802812416.0,-1.8219019174575806
6803749888.0,-1.8101108074188232
6804687360.0,-1.7998032569885254
6805624832.0,-1.788465142250061
6806562304.0,-1.777490496635437
6807499776.0,-1.7660629749298096
6808437248.0,-1.75539231300354
6809375232.0,-1.7444030046463013
6810312704.0,-1.7340800762176514
6811250176.0,-1.723154902458191
6812187648.0,-1.712707281112671
6813125120.0,-1.7013685703277588
6814062592.0,-1.690811276435852
6815000064.0,-1.67788565158844
6815937536.0,-1.6656773090362549
6816875008.0,-1.652750015258789
6817812480.0,-1.6383163928985596
6818749952.0,-1.6242636442184448
6819687424.0,-1.605908989906311
6820624896.0,-1.5896583795547485
6821562368.0,-1.571254014968872
6822499840.0,-1.552014946937561
6823437312.0,-1.5317481756210327
6824374784.0,-1.511332631111145
6825312256.0,-1.4897019863128662
6826250240.0,-1.4683842658996582
6827187712.0,-1.4470443725585938
6828125184.0,-1.4251819849014282
6829062656.0,-1.4032899141311646
6830000128.0,-1.380259394645691
6830937600.0,-1.3569138050079346
6831875072.0,-1.3327751159667969
6832812544.0,-1.309071660041809
6833750016.0,-1.2855085134506226
6834687488.0,-1.2629384994506836
6835624960.0,-1.2408156394958496
6836562432.0,-1.2192667722702026
6837499904.0,-1.1985410451889038
6838437376.0,-1.179863452911377
6839374848.0,-1.1617447137832642
6840312320.0,-1.1447420120239258
6841249792.0,-1.129093885421753
6842187264.0,-1.1160900592803955
6843125248.0,-1.1041908264160156
6844062720.0,-1.0942363739013672
6845000192.0,-1.0588582754135132
6845937664.0,-1.0512917041778564
6846875136.0,-1.0438131093978882
6847812608.0,-1.03800368309021
6848750080.0,-1.0330406427383423
6849687552.0,-1.029315710067749
6850625024.0,-1.0262689590454102
6851562496.0,-1.0249580144882202
6852499968.0,-1.0257437229156494
6853437440.0,-1.0264264345169067
6854374912.0,-1.0284180641174316
6855312384.0,-1.030656099319458
6856249856.0,-1.032913327217102
6857187328.0,-1.0380547046661377
6858124800.0,-1.0444296598434448
6859062272.0,-1.0498690605163574
6860000256.0,-1.0568150281906128
6860937728.0,-1.065369963645935
6861875200.0,-1.0737812519073486
6862812672.0,-1.08307945728302
6863750144.0,-1.0930020809173584
6864687616.0,-1.1028773784637451
6865625088.0,-1.113013744354248
6866562560.0,-1.1230491399765015
6867500032.0,-1.1336687803268433
6868437504.0,-1.144726037979126
6869374976.0,-1.1545662879943848
6870312448.0,-1.164265751838684
6871249920.0,-1.1722521781921387
6872187392.0,-1.1792137622833252
6873124864.0,-1.1846067905426025
6874062336.0,-1.1879831552505493
6874999808.0,-1.1906288862228394
6875937280.0,-1.19215726852417
6876874752.0,-1.1892929077148438
6877812736.0,-1.1848137378692627
6878750208.0,-1.179072618484497
6879687680.0,-1.1697407960891724
6880625152.0,-1.1567739248275757
6881562624.0,-1.1412729024887085
6882500096.0,-1.1253323554992676
6883437568.0,-1.106435775756836
6884375040.0,-1.0868096351623535
6885312512.0,-1.0655537843704224
6886249984.0,-1.042725920677185
6887187456.0,-1.0186235904693604
6888124928.0,-0.9938373565673828
6889062400.0,-0.96590256690979
6889999872.0,-0.938485860824585
6890937344.0,-0.9095522165298462
6891874816.0,-0.880372166633606
6892812288.0,-0.8496562838554382
6893749760.0,-0.8193143606185913
6894687744.0,-0.7888843417167664
6895625216.0,-0.759706974029541
6896562688.0,-0.7295174598693848
6897500160.0,-0.6997570991516113
6898437632.0,-0.6711879372596741
6899375104.0,-0.6448372602462769
6900312576.0,-0.6172828674316406
6901250048.0,-0.5913130044937134
6902187520.0,-0.5660343170166016
6903124992.0,-0.5428209900856018
6904062464.0,-0.5198538303375244
6904999936.0,-0.48431238532066345
6905937408.0,-0.48140430450439453
6906874880.0,-0.477019339799881
6907812352.0,-0.47670719027519226
6908749824.0,-0.4766232669353485
6909687296.0,-0.47722330689430237
6910624768.0,-0.48013100028038025
6911562752.0,-0.483501136302948
6912500224.0,-0.4878943860530853
6913437696.0,-0.4918905794620514
6914375168.0,-0.49891355633735657
6915312640.0,-0.5064193606376648
6916250112.0,-0.5129013657569885
6917187584.0,-0.5207740068435669
6918125056.0,-0.5289884209632874
6919062528.0,-0.5370126366615295
6920000000.0,-0.5463060736656189
6920937472.0,-0.5560085773468018
6921874944.0,-0.5657607913017273
6922812416.0,-0.5750564932823181
6923749888.0,-0.5838655233383179
6924687360.0,-0.5931761860847473
6925624832.0,-0.6022207736968994
6926562304.0,-0.6090885400772095
6927499776.0,-0.6165536642074585
6928437248.0,-0.6239081025123596
6929375232.0,-0.6311823129653931
6930312704.0,-0.6373506784439087
6931250176.0,-0.646478533744812
6932187648.0,-0.6557059288024902
6933125120.0,-0.6626541018486023
6934062592.0,-0.6687189340591431
6935000064.0,-0.6740334033966064
6935937536.0,-0.6799176931381226
6936875008.0,-0.6844330430030823
6937812480.0,-0.6882848739624023
6938749952.0,-0.6918050050735474
6939687424.0,-0.6941484212875366
6940624896.0,-0.6962363123893738
6941562368.0,-0.696345865726471
6942499840.0,-0.6951611042022705
6943437312.0,-0.6943531632423401
6944374784.0,-0.6932195425033569
6945312256.0,-0.6903109550476074
6946250240.0,-0.6850374937057495
6947187712.0,-0.6807169914245605
6948125184.0,-0.674138605594635
6949062656.0,-0.667565643787384
6950000128.0,-0.6595010757446289
6950937600.0,-0.6515039801597595
6951875072.0,-0.6412771940231323
6952812544.0,-0.6322531700134277
6953750016.0,-0.6220715641975403
6954687488.0,-0.611446738243103
6955624960.0,-0.5981197953224182
6956562432.0,-0.5870071649551392
6957499904.0,-0.5757887959480286
6958437376.0,-0.5631927847862244
6959374848.0,-0.5498578548431396
6960312320.0,-0.5351247191429138
6961249792.0,-0.5205594897270203
6962187264.0,-0.5053813457489014
6963125248.0,-0.490983784198761
6964062720.0,-0.4752531945705414
6965000192.0,-0.39609333872795105
6965937664.0,-0.3882906138896942
6966875136.0,-0.37890002131462097
6967812608.0,-0.3722374737262726
6968750080.0,-0.36558714509010315
6969687552.0,-0.3588247299194336
6970625024.0,-0.3523199260234833
6971562496.0,-0.3468047082424164
6972499968.0,-0.34187638759613037
6973437440.0,-0.3367079794406891
6974374912.0,-0.33376193046569824
6975312384.0,-0.33028551936149597
6976249856.0,-0.3291642665863037
6977187328.0,-0.3278333246707916
6978124800.0,-0.32739102840423584
6979062272.0,-0.3272836208343506
6979999744.0,-0.32975512742996216
6980937728.0,-0.33215707540512085
6981875200.0,-0.33424922823905945
6982812672.0,-0.33751192688941956
6983750144.0,-0.34106311202049255
6984687616.0,-0.34610146284103394
6985625088.0,-0.3533051609992981
6986562560.0,-0.3606902062892914
6987500032.0,-0.3696354925632477
6988437504.0,-0.37919339537620544
6989374976.0,-0.389872282743454
6990312448.0,-0.4009053707122803
6991249920.0,-0.41339823603630066
6992187392.0,-0.4247341752052307
6993124864.0,-0.43753325939178467
6994062336.0,-0.45017528533935547
6994999808.0,-0.4634453356266022
6995937280.0,-0.4763953685760498
6996874752.0,-0.4893043041229248
6997812736.0,-0.5015038847923279
6998750208.0,-0.5139957666397095
6999687680.0,-0.5254806280136108
7000625152.0,-0.5349419713020325
7001562624.0,-0.5441380739212036
7002500096.0,-0.552288293838501
7003437568.0,-0.5592610239982605
7004375040.0,-0.5641065835952759
7005312512.0,-0.5681881308555603
7006249984.0,-0.571452796459198
7007187456.0,-0.5731855630874634
7008124928.0,-0.5726953744888306
7009062400.0,-0.5723068118095398
7009999872.0,-0.5709076523780823
7010937344.0,-0.5677095055580139
7011874816.0,-0.5636475682258606
7012812288.0,-0.5575473308563232
7013749760.0,-0.5526662468910217
7014687744.0,-0.5446333289146423
7015625216.0,-0.5372727513313293
7016562688.0,-0.5286787748336792
7017500160.0,-0.5206701159477234
7018437632.0,-0.5114291906356812
7019375104.0,-0.5038414597511292
7020312576.0,-0.49348247051239014
7021250048.0,-0.4851236939430237
7022187520.0,-0.47547975182533264
7023124992.0,-0.4667924642562866
7024062464.0,-0.4579329788684845
7024999936.0,-0.430671751499176
7025937408.0,-0.4230673015117645
7026874880.0,-0.4159969091415405
7027812352.0,-0.41039830446243286
7028749824.0,-0.40607473254203796
7029687296.0,-0.40172863006591797
7030624768.0,-0.3990432918071747
7031562752.0,-0.39827844500541687
7032500224.0,-0.3981611132621765
7033437696.0,-0.39882269501686096
7034375168.0,-0.40200886130332947
7035312640.0,-0.40541237592697144
7036250112.0,-0.41059020161628723
7037187584.0,-0.4173344671726227
7038125056.0,-0.42441436648368835
7039062528.0,-0.4318336546421051
7040000000.0,-0.44125086069107056
7040937472.0,-0.45041653513908386
7041874944.0,-0.45992806553840637
7042812416.0,-0.4702846109867096
7043749888.0,-0.4781726002693176
7044687360.0,-0.48623624444007874
7045624832.0,-0.49480876326560974
7046562304.0,-0.5009999871253967
7047499776.0,-0.5073874592781067
7048437248.0,-0.5117118954658508
7049375232.0,-0.5148647427558899
7050312704.0,-0.5172789096832275
7051250176.0,-0.5174791812896729
7052187648.0,-0.5161076784133911
7053125120.0,-0.5129492878913879
7054062592.0,-0.5072855949401855
7055000064.0,-0.5010784864425659
7055937536.0,-0.491967111825943
7056875008.0,-0.4815163314342499
7057812480.0,-0.46904587745666504
7058749952.0,-0.45345547795295715
7059687424.0,-0.4372757077217102
7060624896.0,-0.41912606358528137
7061562368.0,-0.399910569190979
7062499840.0,-0.3794099688529968
7063437312.0,-0.359559565782547
7064374784.0,-0.33785632252693176
7065312256.0,-0.3159627616405487
7066250240.0,-0.2952231466770172
7067187712.0,-0.27471622824668884
7068125184.0,-0.25397151708602905
7069062656.0,-0.23354843258857727
7070000128.0,-0.21479596197605133
7070937600.0,-0.1960086226463318
7071875072.0,-0.17924128472805023
7072812544.0,-0.16324180364608765
7073750016.0,-0.1495559811592102
7074687488.0,-0.13558626174926758
7075624960.0,-0.1254921406507492
7076562432.0,-0.11589222401380539
7077499904.0,-0.10960466414690018
7078437376.0,-0.10341140627861023
7079374848.0,-0.1015656515955925
7080312320.0,-0.10165230929851532
7081249792.0,-0.1036967858672142
7082187264.0,-0.10837622731924057
7083125248.0,-0.11587704718112946
7084062720.0,-0.12430845201015472
7085000192.0,-0.2803540825843811
7085937664.0,-0.29230064153671265
7086875136.0,-0.3062540590763092
7087812608.0,-0.32126978039741516
7088750080.0,-0.3389802873134613
7089687552.0,-0.35758575797080994
7090625024.0,-0.3789146840572357
7091562496.0,-0.40248388051986694
7092499968.0,-0.4265725016593933
7093437440.0,-0.45277807116508484
7094374912.0,-0.4821476936340332
7095312384.0,-0.5122735500335693
7096249856.0,-0.5425196886062622
7097187328.0,-0.5750150084495544
7098124800.0,-0.6084029078483582
7099062272.0,-0.6409773826599121
7100000256.0,-0.6740691065788269
7100937728.0,-0.7073017954826355
7101875200.0,-0.7400661706924438
7102812672.0,-0.7714405655860901
7103750144.0,-0.8012678623199463
7104687616.0,-0.8289412260055542
7105625088.0,-0.854550838470459
7106562560.0,-0.876100480556488
7107500032.0,-0.8941828608512878
7108437504.0,-0.9100344777107239
7109374976.0,-0.9225916266441345
7110312448.0,-0.9306532740592957
7111249920.0,-0.9351443648338318
7112187392.0,-0.9373365044593811
7113124864.0,-0.9346680045127869
7114062336.0,-0.9263087511062622
7114999808.0,-0.9171819686889648
7115937280.0,-0.9023433923721313
7116874752.0,-0.8836668133735657
7117812736.0,-0.8624597191810608
7118750208.0,-0.8375207185745239
7119687680.0,-0.8095735311508179
7120625152.0,-0.7795339822769165
7121562624.0,-0.7480919361114502
7122500096.0,-0.7150424122810364
7123437568.0,-0.6803715229034424
7124375040.0,-0.6452947854995728
7125312512.0,-0.609383761882782
7126249984.0,-0.5721625685691833
7127187456.0,-0.5359827280044556
7128124928.0,-0.49977219104766846
7129062400.0,-0.4632832705974579
7129999872.0,-0.4282993674278259
7130937344.0,-0.3945680558681488
7131874816.0,-0.3622872531414032
7132812288.0,-0.33052363991737366
7133749760.0,-0.30108973383903503
7134687744.0,-0.27344512939453125
7135625216.0,-0.24839507043361664
7136562688.0,-0.22512252628803253
7137500160.0,-0.2035282999277115
7138437632.0,-0.18545183539390564
7139375104.0,-0.1682511866092682
7140312576.0,-0.15368586778640747
7141250048.0,-0.14067701995372772
7142187520.0,-0.12964367866516113
7143124992.0,-0.11907991766929626
7144062464.0,-0.21485258638858795
7144999936.0,-0.21529747545719147
7145937408.0,-0.21612432599067688
7146874880.0,-0.2178928554058075
7147812352.0,-0.22035151720046997
7148749824.0,-0.22294363379478455
7149687296.0,-0.22745472192764282
7150624768.0,-0.23382514715194702
7151562752.0,-0.240790456533432
7152500224.0,-0.24940107762813568
7153437696.0,-0.2600429654121399
7154375168.0,-0.2731055021286011
7155312640.0,-0.2885817885398865
7156250112.0,-0.30619707703590393
7157187584.0,-0.32719704508781433
7158125056.0,-0.3500494956970215
7159062528.0,-0.37569722533226013
7160000000.0,-0.40324342250823975
7160937472.0,-0.43012887239456177
7161874944.0,-0.4533182382583618
7162812416.0,-0.47398707270622253
7163749888.0,-0.4902726113796234
7164687360.0,-0.5037352442741394
7165624832.0,-0.5144364833831787
7166562304.0,-0.5211108922958374
7167499776.0,-0.5262038707733154
7168437248.0,-0.5299303531646729
7169375232.0,-0.5331506729125977
7170312704.0,-0.5343964695930481
7171250176.0,-0.5366742610931396
7172187648.0,-0.5392546653747559
7173125120.0,-0.5427744388580322
7174062592.0,-0.5487011075019836
7175000064.0,-0.5559576749801636
7175937536.0,-0.5656521320343018
7176875008.0,-0.5779415369033813
7177812480.0,-0.5926191210746765
7178749952.0,-0.6095988154411316
7179687424.0,-0.6271610856056213
7180624896.0,-0.646838366985321
7181562368.0,-0.6672244071960449
7182499840.0,-0.6881062388420105
7183437312.0,-0.7086500525474548
7184374784.0,-0.7279247045516968
7185312256.0,-0.7451710104942322
7186250240.0,-0.7608823776245117
7187187712.0,-0.7727981805801392
7188125184.0,-0.7829589247703552
7189062656.0,-0.788857638835907
7190000128.0,-0.7923122644424438
7190937600.0,-0.7910134196281433
7191875072.0,-0.7860906720161438
7192812544.0,-0.7780922651290894
7193750016.0,-0.7662335634231567
7194687488.0,-0.7497312426567078
7195624960.0,-0.731401264667511
7196562432.0,-0.7091434597969055
7197499904.0,-0.6837009191513062
7198437376.0,-0.6586975455284119
7199374848.0,-0.6317713260650635
7200312320.0,-0.6037723422050476
7201249792.0,-0.5764887928962708
7202187264.0,-0.5503203868865967
7203125248.0,-0.5257639288902283
7204062720.0,-0.6503994464874268
7205000192.0,-0.643466055393219
7205937664.0,-0.6374735832214355
7206875136.0,-0.6350303888320923
7207812608.0,-0.6353684067726135
7208750080.0,-0.6359912753105164
7209687552.0,-0.6416657567024231
7210625024.0,-0.6497089266777039
7211562496.0,-0.6608014106750488
7212499968.0,-0.6750346422195435
7213437440.0,-0.6928613185882568
7214374912.0,-0.7108197212219238
7215312384.0,-0.7313840985298157
7216249856.0,-0.7513899207115173
7217187328.0,-0.7723257541656494
7218124800.0,-0.7942656874656677
7219062272.0,-0.8156333565711975
7219999744.0,-0.8368132710456848
7220937728.0,-0.8575102686882019
7221875200.0,-0.876885175704956
7222812672.0,-0.8947039842605591
7223750144.0,-0.9107047915458679
7224687616.0,-0.925132155418396
7225625088.0,-0.9366803169250488
7226562560.0,-0.9479807615280151
7227500032.0,-0.9558912515640259
7228437504.0,-0.963561475276947
7229374976.0,-0.9670339226722717
7230312448.0,-0.9705464839935303
7231249920.0,-0.9703475832939148
7232187392.0,-0.9681247472763062
7233124864.0,-0.9656600952148438
7234062336.0,-0.9614766836166382
7234999808.0,-0.9570048451423645
7235937280.0,-0.9504302144050598
7236874752.0,-0.9455599188804626
7237812736.0,-0.939607560634613
7238750208.0,-0.9337897300720215
7239687680.0,-0.9273131489753723
7240625152.0,-0.9207652807235718
7241562624.0,-0.9156969785690308
7242500096.0,-0.9116384387016296
7243437568.0,-0.9080820679664612
7244375040.0,-0.90608149766922
7245312512.0,-0.9062483906745911
7246249984.0,-0.9075564742088318
7247187456.0,-0.9104509949684143
7248124928.0,-0.9147748947143555
7249062400.0,-0.9219226837158203
7249999872.0,-0.9302513599395752
7250937344.0,-0.9415906071662903
7251874816.0,-0.9526603817939758
7252812288.0,-0.9654902815818787
7253749760.0,-0.9797462821006775
7254687744.0,-0.9956250786781311
7255625216.0,-1.0116862058639526
7256562688.0,-1.027956485748291
7257500160.0,-1.0454860925674438
7258437632.0,-1.0632961988449097
7259375104.0,-1.080041527748108
7260312576.0,-1.098878026008606
7261250048.0,-1.116067886352539
7262187520.0,-1.1309897899627686
7263124992.0,-1.1468020677566528
7264062464.0,-1.1775773763656616
7264999936.0,-1.1927040815353394
7265937408.0,-1.20758855342865
7266874880.0,-1.2228866815567017
7267812352.0,-1.2372618913650513
7268749824.0,-1.2516714334487915
7269687296.0,-1.263926386833191
7270624768.0,-1.2767019271850586
7271562752.0,-1.2864773273468018
7272500224.0,-1.2962915897369385
7273437696.0,-1.3046311140060425
7274375168.0,-1.3127648830413818
7275312640.0,-1.3183026313781738
7276250112.0,-1.3204342126846313
7277187584.0,-1.3234180212020874
7278125056.0,-1.3239552974700928
7279062528.0,-1.3206183910369873
7280000000.0,-1.3153719902038574
7280937472.0,-1.308793544769287
7281874944.0,-1.2978137731552124
7282812416.0,-1.2856440544128418
7283749888.0,-1.2728931903839111
7284687360.0,-1.2561357021331787
7285624832.0,-1.2368303537368774
7286562304.0,-1.2165858745574951
7287499776.0,-1.1951618194580078
7288437248.0,-1.172194004058838
7289375232.0,-1.1465858221054077
7290312704.0,-1.1207536458969116
7291250176.0,-1.0926278829574585
7292187648.0,-1.06364905834198
7293125120.0,-1.0336092710494995
7294062592.0,-1.0010044574737549
7295000064.0,-0.968512237071991
7295937536.0,-0.9338492155075073
7296875008.0,-0.8980146050453186
7297812480.0,-0.862926185131073
7298749952.0,-0.8260848522186279
7299687424.0,-0.7900372743606567
7300624896.0,-0.7536557912826538
7301562368.0,-0.718048095703125
7302499840.0,-0.6832956671714783
7303437312.0,-0.64846271276474
7304374784.0,-0.6139998435974121
7305312256.0,-0.581803560256958
7306250240.0,-0.5496402978897095
7307187712.0,-0.5181733965873718
7308125184.0,-0.4873935878276825
7309062656.0,-0.45862093567848206
7310000128.0,-0.4305872619152069
7310937600.0,-0.40448999404907227
7311875072.0,-0.37920841574668884
7312812544.0,-0.3572416305541992
7313750016.0,-0.33954137563705444
7314687488.0,-0.3218989968299866
7315624960.0,-0.3076755106449127
7316562432.0,-0.29358866810798645
7317499904.0,-0.28133711218833923
7318437376.0,-0.27154821157455444
7319374848.0,-0.2639239728450775
7320312320.0,-0.2572292983531952
7321249792.0,-0.25297510623931885
7322187264.0,-0.25068795680999756
7323125248.0,-0.24987559020519257
7324062720.0,-0.40822675824165344
7325000192.0,-0.40594565868377686
7325937664.0,-0.4051194489002228
7326875136.0,-0.4053909182548523
7327812608.0,-0.4077951908111572
7328750080.0,-0.41178280115127563
7329687552.0,-0.4160976707935333
7330625024.0,-0.4235483407974243
7331562496.0,-0.4323505461215973
7332499968.0,-0.44202399253845215
7333437440.0,-0.4524945020675659
7334374912.0,-0.46292582154273987
7335312384.0,-0.47436079382896423
7336249856.0,-0.48640769720077515
7337187328.0,-0.49827146530151367
7338124800.0,-0.5086206793785095
7339062272.0,-0.5179029107093811
7340000256.0,-0.5288769006729126
7340937728.0,-0.5369260907173157
7341875200.0,-0.5433509349822998
7342812672.0,-0.5507075190544128
7343750144.0,-0.5569770336151123
7344687616.0,-0.5593960285186768
7345625088.0,-0.563613772392273
7346562560.0,-0.563827395439148
7347500032.0,-0.5644288063049316
7348437504.0,-0.5619442462921143
7349374976.0,-0.559159517288208
7350312448.0,-0.553914487361908
7351249920.0,-0.5477616190910339
7352187392.0,-0.5400524139404297
7353124864.0,-0.5315093994140625
7354062336.0,-0.5225131511688232
7354999808.0,-0.5105908513069153
7355937280.0,-0.498863160610199
7356874752.0,-0.48731422424316406
7357812736.0,-0.4740169048309326
7358750208.0,-0.4614124298095703
7359687680.0,-0.4469911456108093
7360625152.0,-0.4323471784591675
7361562624.0,-0.4168502986431122
7362500096.0,-0.402351438999176
7363437568.0,-0.3861962556838989
7364375040.0,-0.3677038550376892
7365312512.0,-0.34965309500694275
7366249984.0,-0.3298909366130829
7367187456.0,-0.3111201226711273
7368124928.0,-0.29254892468452454
7369062400.0,-0.2727588415145874
7369999872.0,-0.2544507086277008
7370937344.0,-0.23574885725975037
7371874816.0,-0.21673817932605743
7372812288.0,-0.1986815631389618
7373749760.0,-0.17897824943065643
7374687744.0,-0.1587749868631363
7375625216.0,-0.139409139752388
7376562688.0,-0.11966308951377869
7377500160.0,-0.09835969656705856
7378437632.0,-0.0781455934047699
7379375104.0,-0.05742144584655762
7380312576.0,-0.03512249514460564
7381250048.0,-0.012921907007694244
7382187520.0,0.00882789958268404
7383124992.0,0.030708208680152893
7384062464.0,0.04273323342204094
7384999936.0,0.05074980854988098
7385937408.0,0.05694133788347244
7386874880.0,0.06343814730644226
7387812352.0,0.06835153698921204
7388749824.0,0.0729525089263916
7389687296.0,0.07821140438318253
7390624768.0,0.08341114968061447
7391562752.0,0.08907613903284073
7392500224.0,0.09323915839195251
7393437696.0,0.09716258198022842
7394375168.0,0.10422678291797638
7395312640.0,0.10907220840454102
7396250112.0,0.11532800644636154
7397187584.0,0.12170231342315674
7398125056.0,0.12877744436264038
7399062528.0,0.13567429780960083
7400000000.0,0.1423439234495163
7400937472.0,0.1499183475971222
7401874944.0,0.15714403986930847
7402812416.0,0.16367049515247345
7403749888.0,0.17121823132038116
7404687360.0,0.17722515761852264
7405624832.0,0.18135589361190796
7406562304.0,0.18501923978328705
7407499776.0,0.18644773960113525
7408437248.0,0.18838949501514435
7409375232.0,0.18583384156227112
7410312704.0,0.18181076645851135
7411250176.0,0.17629563808441162
7412187648.0,0.16643500328063965
7413125120.0,0.1558266133069992
7414062592.0,0.14186595380306244
7415000064.0,0.12566208839416504
7415937536.0,0.10724111646413803
7416875008.0,0.08666686713695526
7417812480.0,0.06545186787843704
7418749952.0,0.04125557839870453
7419687424.0,0.017149684950709343
7420624896.0,-0.009028760716319084
7421562368.0,-0.03480866178870201
7422499840.0,-0.060830987989902496
7423437312.0,-0.08692963421344757
7424374784.0,-0.1120595708489418
7425312256.0,-0.1352887749671936
7426250240.0,-0.1589730829000473
7427187712.0,-0.18115127086639404
7428125184.0,-0.2021067589521408
7429062656.0,-0.22175490856170654
7430000128.0,-0.2389792650938034
7430937600.0,-0.25596800446510315
7431875072.0,-0.27022606134414673
7432812544.0,-0.2825881540775299
7433750016.0,-0.29424941539764404
7434687488.0,-0.3042702078819275
7435624960.0,-0.31432899832725525
7436562432.0,-0.32213371992111206
7437499904.0,-0.3284623324871063
7438437376.0,-0.33487972617149353
7439374848.0,-0.3409580886363983
7440312320.0,-0.3428000211715698
7441249792.0,-0.34406161308288574
7442187264.0,-0.34475234150886536
7443125248.0,-0.3438548445701599
7444062720.0,-0.1246223896741867
7445000192.0,-0.10647345334291458
7445937664.0,-0.09199613332748413
7446875136.0,-0.07789763063192368
7447812608.0,-0.06691514700651169
7448750080.0,-0.058729562908411026
7449687552.0,-0.05100441351532936
7450625024.0,-0.04550984501838684
7451562496.0,-0.04190554469823837
7452499968.0,-0.039345234632492065
7453437440.0,-0.03637058660387993
7454374912.0,-0.03527425602078438
7455312384.0,-0.03203316405415535
7456249856.0,-0.029699040576815605
7457187328.0,-0.027292393147945404
7458124800.0,-0.023643050342798233
7459062272.0,-0.018552735447883606
7459999744.0,-0.0140577033162117
7460937728.0,-0.007443171460181475
7461875200.0,-0.0006301779649220407
7462812672.0,0.008174643851816654
7463750144.0,0.01658712700009346
7464687616.0,0.02748209796845913
7465625088.0,0.03769678249955177
7466562560.0,0.049000341445207596
7467500032.0,0.059835124760866165
7468437504.0,0.0719076469540596
7469374976.0,0.08314066380262375
7470312448.0,0.09580373018980026
7471249920.0,0.10747671872377396
7472187392.0,0.11929122358560562
7473124864.0,0.13159796595573425
7474062336.0,0.1419147253036499
7474999808.0,0.15248142182826996
7475937280.0,0.16103872656822205
7476874752.0,0.16924168169498444
7477812736.0,0.17651890218257904
7478750208.0,0.18257781863212585
7479687680.0,0.18700699508190155
7480625152.0,0.1912103146314621
7481562624.0,0.19228678941726685
7482500096.0,0.1932208091020584
7483437568.0,0.1927219033241272
7484375040.0,0.18956713378429413
7485312512.0,0.18462611734867096
7486249984.0,0.18004530668258667
7487187456.0,0.17221441864967346
7488124928.0,0.1630125343799591
7489062400.0,0.15347737073898315
7489999872.0,0.14160114526748657
7490937344.0,0.1284022182226181
7491874816.0,0.11177103221416473
7492812288.0,0.09494908899068832
7493749760.0,0.076399065554142
7494687744.0,0.05839594453573227
7495625216.0,0.03898417577147484
7496562688.0,0.020168552175164223
7497500160.0,0.0010602319380268455
7498437632.0,-0.01767166517674923
7499375104.0,-0.03625119477510452
7500312576.0,-0.05535319447517395
7501250048.0,-0.07189208269119263
7502187520.0,-0.08790173381567001
7503124992.0,-0.1038520410656929
7504062464.0,-0.08713246881961823
7504999936.0,-0.09678662568330765
7505937408.0,-0.10658065229654312
7506874880.0,-0.11742395907640457
7507812352.0,-0.12694834172725677
7508749824.0,-0.13550953567028046
7509687296.0,-0.14451533555984497
7510624768.0,-0.15321364998817444
7511562752.0,-0.16045822203159332
7512500224.0,-0.16632315516471863
7513437696.0,-0.1729155033826828
7514375168.0,-0.17791658639907837
7515312640.0,-0.18262065947055817
7516250112.0,-0.18608543276786804
7517187584.0,-0.19003479182720184
7518125056.0,-0.19341470301151276
7519062528.0,-0.19614121317863464
7520000000.0,-0.1967075765132904
7520937472.0,-0.1969798505306244
7521874944.0,-0.19560091197490692
7522812416.0,-0.19355005025863647
7523749888.0,-0.19055870175361633
7524687360.0,-0.18544073402881622
7525624832.0,-0.18061362206935883
7526562304.0,-0.17529234290122986
7527499776.0,-0.1672414392232895
7528437248.0,-0.1579960733652115
7529375232.0,-0.1498526781797409
7530312704.0,-0.13903549313545227
7531250176.0,-0.1287698596715927
7532187648.0,-0.11612758785486221
7533125120.0,-0.10330264270305634
7534062592.0,-0.08947878330945969
7535000064.0,-0.07487697899341583
7535937536.0,-0.060814712196588516
7536875008.0,-0.04441433399915695
7537812480.0,-0.028659969568252563
7538749952.0,-0.011411157436668873
7539687424.0,0.006445223931223154
7540624896.0,0.023977868258953094
7541562368.0,0.04150499776005745
7542499840.0,0.061650533229112625
7543437312.0,0.08208178728818893
7544374784.0,0.10239004343748093
7545312256.0,0.12363483756780624
7546250240.0,0.1441018283367157
7547187712.0,0.16514365375041962
7548125184.0,0.18597468733787537
7549062656.0,0.20586137473583221
7550000128.0,0.22702869772911072
7550937600.0,0.24659721553325653
7551875072.0,0.26538243889808655
7552812544.0,0.2840525507926941
7553750016.0,0.30214565992355347
7554687488.0,0.3190750181674957
7555624960.0,0.3354751467704773
7556562432.0,0.3497034013271332
7557499904.0,0.36388665437698364
7558437376.0,0.37518882751464844
7559374848.0,0.3852934241294861
7560312320.0,0.3942364752292633
7561249792.0,0.402285635471344
7562187264.0,0.40618106722831726
7563125248.0,0.4098176956176758
7564062720.0,0.18987570703029633
7565000192.0,0.18916356563568115
7565937664.0,0.18766295909881592
7566875136.0,0.18438620865345
7567812608.0,0.18232953548431396
7568750080.0,0.18009045720100403
7569687552.0,0.17607708275318146
7570625024.0,0.1714993715286255
7571562496.0,0.164865642786026
7572499968.0,0.15753088891506195
7573437440.0,0.15006797015666962
7574374912.0,0.14079035818576813
7575312384.0,0.12932103872299194
7576249856.0,0.11892774701118469
7577187328.0,0.1059919074177742
7578124800.0,0.0918734148144722
7579062272.0,0.0774475559592247
7580000256.0,0.062263958156108856
7580937728.0,0.04568737745285034
7581875200.0,0.028687408193945885
7582812672.0,0.010723451152443886
7583750144.0,-0.008063784800469875
7584687616.0,-0.02646694891154766
7585625088.0,-0.0453464537858963
7586562560.0,-0.06520029157400131
7587500032.0,-0.08470738679170609
7588437504.0,-0.10555089265108109
7589374976.0,-0.1250210404396057
7590312448.0,-0.14520834386348724
7591249920.0,-0.16473789513111115
7592187392.0,-0.18420127034187317
7593124864.0,-0.20262186229228973
7594062336.0,-0.2184857875108719
7594999808.0,-0.23611527681350708
7595937280.0,-0.2524276375770569
7596874752.0,-0.2659171521663666
7597812736.0,-0.2794557809829712
7598750208.0,-0.29103392362594604
7599687680.0,-0.30092692375183105
7600625152.0,-0.3091666102409363
7601562624.0,-0.3164604604244232
7602500096.0,-0.32143354415893555
7603437568.0,-0.3247315287590027
7604375040.0,-0.3266459107398987
7605312512.0,-0.32551097869873047
7606249984.0,-0.3236366808414459
7607187456.0,-0.31900063157081604
7608124928.0,-0.31220975518226624
7609062400.0,-0.3044973909854889
7609999872.0,-0.2930355370044708
7610937344.0,-0.2813897728919983
7611874816.0,-0.26742544770240784
7612812288.0,-0.25143563747406006
7613749760.0,-0.2325669825077057
7614687744.0,-0.21251200139522552
7615625216.0,-0.1903710663318634
7616562688.0,-0.16811472177505493
7617500160.0,-0.1448919028043747
7618437632.0,-0.1181139200925827
7619375104.0,-0.09157867729663849
7620312576.0,-0.06441934406757355
7621250048.0,-0.03518998995423317
7622187520.0,-0.0075352988205850124
7623124992.0,0.02110566943883896
7624062464.0,0.048652533441782
7624999936.0,0.07582535594701767
7625937408.0,0.10357368737459183
7626874880.0,0.1301598995923996
7627812352.0,0.15377360582351685
7628749824.0,0.17861691117286682
7629687296.0,0.20093607902526855
7630624768.0,0.22156104445457458
7631562752.0,0.24111762642860413
7632500224.0,0.258951336145401
7633437696.0,0.27494028210639954
7634375168.0,0.2886212170124054
7635312640.0,0.3001479506492615
7636250112.0,0.3101288974285126
7637187584.0,0.3176877200603485
7638125056.0,0.32431909441947937
7639062528.0,0.327692449092865
7640000000.0,0.3296697437763214
7640937472.0,0.32855480909347534
7641874944.0,0.3267921507358551
7642812416.0,0.3228510916233063
7643749888.0,0.3164028823375702
7644687360.0,0.3096320927143097
7645624832.0,0.30109432339668274
7646562304.0,0.2904074490070343
7647499776.0,0.27878114581108093
7648437248.0,0.26490023732185364
7649375232.0,0.2503906190395355
7650312704.0,0.23381011188030243
7651250176.0,0.2160312831401825
7652187648.0,0.19672341644763947
7653125120.0,0.17629383504390717
7654062592.0,0.1544725000858307
7655000064.0,0.13217277824878693
7655937536.0,0.10833676159381866
7656875008.0,0.08355727791786194
7657812480.0,0.05793007090687752
7658749952.0,0.03223448991775513
7659687424.0,0.00528115127235651
7660624896.0,-0.020915716886520386
7661562368.0,-0.04736074060201645
7662499840.0,-0.07482027262449265
7663437312.0,-0.10040577501058578
7664374784.0,-0.12630702555179596
7665312256.0,-0.15125690400600433
7666250240.0,-0.17596553266048431
7667187712.0,-0.1993638128042221
7668125184.0,-0.21981632709503174
7669062656.0,-0.24137574434280396
7670000128.0,-0.25935667753219604
7670937600.0,-0.2768695056438446
7671875072.0,-0.29220855236053467
7672812544.0,-0.3067091703414917
7673750016.0,-0.31727856397628784
7674687488.0,-0.32585689425468445
7675624960.0,-0.3336794376373291
7676562432.0,-0.33751025795936584
7677499904.0,-0.33852311968803406
7678437376.0,-0.33786091208457947
7679374848.0,-0.33453622460365295
7680312320.0,-0.32882410287857056
7681249792.0,-0.3207088112831116
7682187264.0,-0.31031689047813416
7683125248.0,-0.2978093922138214
7684062720.0,-0.2745402753353119
7685000192.0,-0.2649093270301819
7685937664.0,-0.2543520927429199
7686875136.0,-0.24022448062896729
7687812608.0,-0.2249634861946106
7688750080.0,-0.20905868709087372
7689687552.0,-0.19240738451480865
7690625024.0,-0.17312327027320862
7691562496.0,-0.15472738444805145
7692499968.0,-0.13517358899116516
7693437440.0,-0.11521141231060028
7694374912.0,-0.09496520459651947
7695312384.0,-0.07766930013895035
7696249856.0,-0.05977921187877655
7697187328.0,-0.040738511830568314
7698124800.0,-0.022992609068751335
7699062272.0,-0.007096543908119202
7699999744.0,0.011129727587103844
7700937728.0,0.02701692469418049
7701875200.0,0.044328562915325165
7702812672.0,0.058635976165533066
7703750144.0,0.07314646244049072
7704687616.0,0.08684675395488739
7705625088.0,0.10044822841882706
7706562560.0,0.11389404535293579
7707500032.0,0.12418932467699051
7708437504.0,0.13516055047512054
7709374976.0,0.14426369965076447
7710312448.0,0.15367978811264038
7711249920.0,0.1626022607088089
7712187392.0,0.1718038022518158
7713124864.0,0.17941895127296448
7714062336.0,0.18722477555274963
7714999808.0,0.1937127262353897
7715937280.0,0.20019324123859406
7716874752.0,0.20642615854740143
7717812736.0,0.21220578253269196
7718750208.0,0.21722906827926636
7719687680.0,0.2223738133907318
7720625152.0,0.22577741742134094
7721562624.0,0.228837788105011
7722500096.0,0.23069976270198822
7723437568.0,0.23193810880184174
7724375040.0,0.2330588400363922
7725312512.0,0.23428308963775635
7726249984.0,0.23289144039154053
7727187456.0,0.2312176376581192
7728124928.0,0.22945310175418854
7729062400.0,0.22476568818092346
7729999872.0,0.22066637873649597
7730937344.0,0.21469669044017792
7731874816.0,0.2070103883743286
7732812288.0,0.19849497079849243
7733749760.0,0.18879102170467377
7734687744.0,0.1762481927871704
7735625216.0,0.16372519731521606
7736562688.0,0.1500382274389267
7737500160.0,0.13245274126529694
7738437632.0,0.11588230729103088
7739375104.0,0.0967932790517807
7740312576.0,0.07569669187068939
7741250048.0,0.0535314567387104
7742187520.0,0.03008853830397129
7743124992.0,0.006585906725376844
7744062464.0,-0.03316503390669823
7744999936.0,-0.037513598799705505
7745937408.0,-0.04158395901322365
7746874880.0,-0.046954698860645294
7747812352.0,-0.0544876791536808
7748749824.0,-0.062224846333265305
7749687296.0,-0.07261998951435089
7750624768.0,-0.08437912911176682
7751562752.0,-0.09610547870397568
7752500224.0,-0.11021611094474792
7753437696.0,-0.12521816790103912
7754375168.0,-0.14132936298847198
7755312640.0,-0.15775886178016663
7756250112.0,-0.1757698357105255
7757187584.0,-0.1944776028394699
7758125056.0,-0.21365848183631897
7759062528.0,-0.2324286550283432
7760000000.0,-0.25144925713539124
7760937472.0,-0.2712906002998352
7761874944.0,-0.2899397611618042
7762812416.0,-0.3086836338043213
7763749888.0,-0.32621410489082336
7764687360.0,-0.34300580620765686
7765624832.0,-0.3604116141796112
7766562304.0,-0.3739005923271179
7767499776.0,-0.3877533972263336
7768437248.0,-0.3996490240097046
7769375232.0,-0.4095563292503357
7770312704.0,-0.4176805019378662
7771250176.0,-0.42478087544441223
7772187648.0,-0.4298805594444275
7773125120.0,-0.4323582649230957
7774062592.0,-0.4327014684677124
7775000064.0,-0.4314574599266052
7775937536.0,-0.4273538589477539
7776875008.0,-0.4204457104206085
7777812480.0,-0.41202306747436523
7778749952.0,-0.4007927179336548
7779687424.0,-0.38506701588630676
7780624896.0,-0.36829787492752075
7781562368.0,-0.35041549801826477
7782499840.0,-0.3289651870727539
7783437312.0,-0.30596357583999634
7784374784.0,-0.2804282605648041
7785312256.0,-0.2530529499053955
7786250240.0,-0.22601322829723358
7787187712.0,-0.19657966494560242
7788125184.0,-0.1655728816986084
7789062656.0,-0.132155179977417
7790000128.0,-0.0985269695520401
7790937600.0,-0.0656750276684761
7791875072.0,-0.030365658923983574
7792812544.0,0.002820853376761079
7793750016.0,0.036253951489925385
7794687488.0,0.06931663304567337
7795624960.0,0.10328160226345062
7796562432.0,0.1352384388446808
7797499904.0,0.16515742242336273
7798437376.0,0.19397179782390594
7799374848.0,0.22252553701400757
7800312320.0,0.24758902192115784
7801249792.0,0.27251294255256653
7802187264.0,0.2932867407798767
7803125248.0,0.3128196597099304
7804062720.0,0.14362458884716034
7805000192.0,0.15546083450317383
7805937664.0,0.16551049053668976
7806875136.0,0.17560867965221405
7807812608.0,0.1819024384021759
7808750080.0,0.18763601779937744
7809687552.0,0.19033722579479218
7810625024.0,0.1922328621149063
7811562496.0,0.1921108216047287
7812499968.0,0.18903867900371552
7813437440.0,0.18433324992656708
7814374912.0,0.1753033548593521
7815312384.0,0.1659059375524521
7816249856.0,0.15343813598155975
7817187328.0,0.13833653926849365
7818124800.0,0.1221279427409172
7819062272.0,0.10253133624792099
7820000256.0,0.08176914602518082
7820937728.0,0.05926469340920448
7821875200.0,0.03517762944102287
7822812672.0,0.01136084459722042
7823750144.0,-0.014105884358286858
7824687616.0,-0.04073713347315788
7825625088.0,-0.06774016469717026
7826562560.0,-0.09507111459970474
7827500032.0,-0.12301608920097351
7828437504.0,-0.1516691893339157
7829374976.0,-0.17925941944122314
7830312448.0,-0.2070995271205902
7831249920.0,-0.23587900400161743
7832187392.0,-0.26276323199272156
7833124864.0,-0.28937262296676636
7834062336.0,-0.3147900700569153
7834999808.0,-0.3395979404449463
7835937280.0,-0.36184000968933105
7836874752.0,-0.3836345672607422
7837812736.0,-0.40371403098106384
7838750208.0,-0.42234188318252563
7839687680.0,-0.43866053223609924
7840625152.0,-0.4527386724948883
7841562624.0,-0.46519267559051514
7842500096.0,-0.47606635093688965
7843437568.0,-0.48326900601387024
7844375040.0,-0.48903584480285645
7845312512.0,-0.4950653612613678
7846249984.0,-0.4960686266422272
7847187456.0,-0.49515461921691895
7848124928.0,-0.4912942051887512
7849062400.0,-0.48475006222724915
7849999872.0,-0.4752877950668335
7850937344.0,-0.46608585119247437
7851874816.0,-0.454377144575119
7852812288.0,-0.44232377409935
7853749760.0,-0.42828169465065
7854687744.0,-0.41384413838386536
7855625216.0,-0.3987051546573639
7856562688.0,-0.3822396695613861
7857500160.0,-0.3651380240917206
7858437632.0,-0.3468734323978424
7859375104.0,-0.32975730299949646
7860312576.0,-0.31172817945480347
7861250048.0,-0.29258108139038086
7862187520.0,-0.2731664478778839
7863124992.0,-0.25510725378990173
7864062464.0,-0.2367200255393982
7864999936.0,-0.2189180850982666
7865937408.0,-0.20026086270809174
7866874880.0,-0.18238085508346558
7867812352.0,-0.16454674303531647
7868749824.0,-0.14592202007770538
7869687296.0,-0.12855568528175354
7870624768.0,-0.11005564779043198
7871562752.0,-0.0927671566605568
7872500224.0,-0.0753445029258728
7873437696.0,-0.05758599564433098
7874375168.0,-0.04076371341943741
7875312640.0,-0.025023717433214188
7876250112.0,-0.009990723803639412
7877187584.0,0.0031893558334559202
7878125056.0,0.015765564516186714
7879062528.0,0.02522079460322857
7880000000.0,0.033315833657979965
7880937472.0,0.03984607011079788
7881874944.0,0.04393906146287918
7882812416.0,0.045386433601379395
7883749888.0,0.04502550885081291
7884687360.0,0.041073426604270935
7885624832.0,0.035198379307985306
7886562304.0,0.02675943449139595
7887499776.0,0.016156384721398354
7888437248.0,0.0022669981699436903
7889375232.0,-0.014111160300672054
7890312704.0,-0.032449375838041306
7891250176.0,-0.05318872258067131
7892187648.0,-0.07604742795228958
7893125120.0,-0.09968110918998718
7894062592.0,-0.12396039068698883
7895000064.0,-0.1505478322505951
7895937536.0,-0.17656300961971283
7896875008.0,-0.2053367793560028
7897812480.0,-0.2337009459733963
7898749952.0,-0.26145872473716736
7899687424.0,-0.2896200120449066
7900624896.0,-0.3183377683162689
7901562368.0,-0.34648314118385315
7902499840.0,-0.3738600015640259
7903437312.0,-0.39919334650039673
7904374784.0,-0.4239545166492462
7905312256.0,-0.4482305943965912
7906250240.0,-0.47117435932159424
7907187712.0,-0.4928603768348694
7908125184.0,-0.5141945481300354
7909062656.0,-0.5343062877655029
7910000128.0,-0.5529768466949463
7910937600.0,-0.5717113614082336
7911875072.0,-0.5898904204368591
7912812544.0,-0.6070519089698792
7913750016.0,-0.6249634027481079
7914687488.0,-0.6421160101890564
7915624960.0,-0.6608911752700806
7916562432.0,-0.6783460378646851
7917499904.0,-0.696611225605011
7918437376.0,-0.7158067226409912
7919374848.0,-0.7349549531936646
7920312320.0,-0.7546042203903198
7921249792.0,-0.7744714617729187
7922187264.0,-0.7942246198654175
7923125248.0,-0.8146111965179443
7924062720.0,-0.8543644547462463
7925000192.0,-0.8590373396873474
7925937664.0,-0.8629270792007446
7926875136.0,-0.8674889206886292
7927812608.0,-0.870589554309845
7928750080.0,-0.8742433786392212
7929687552.0,-0.8777612447738647
7930625024.0,-0.8817594647407532
7931562496.0,-0.8850021362304688
7932499968.0,-0.8859585523605347
7933437440.0,-0.8887920379638672
7934374912.0,-0.8899930715560913
7935312384.0,-0.8904147744178772
7936249856.0,-0.8889820575714111
7937187328.0,-0.8885114789009094
7938124800.0,-0.8857835531234741
7939062272.0,-0.8816041946411133
7939999744.0,-0.8762178421020508
7940937728.0,-0.8701431155204773
7941875200.0,-0.8621334433555603
7942812672.0,-0.8528763055801392
7943750144.0,-0.8423992991447449
7944687616.0,-0.8311180472373962
7945625088.0,-0.8183521628379822
7946562560.0,-0.8029727935791016
7947500032.0,-0.7866597771644592
7948437504.0,-0.7684503793716431
7949374976.0,-0.7480136752128601
7950312448.0,-0.7273903489112854
7951249920.0,-0.7054747939109802
7952187392.0,-0.681709885597229
7953124864.0,-0.6583952307701111
7954062336.0,-0.6325204968452454
7954999808.0,-0.6064093708992004
7955937280.0,-0.5801781415939331
7956874752.0,-0.5522629618644714
7957812736.0,-0.5236970782279968
7958750208.0,-0.49676713347435
7959687680.0,-0.46760863065719604
7960625152.0,-0.44002771377563477
7961562624.0,-0.4114402234554291
7962500096.0,-0.3844228684902191
7963437568.0,-0.3568226993083954
7964375040.0,-0.33017870783805847
7965312512.0,-0.303548127412796
7966249984.0,-0.27902477979660034
7967187456.0,-0.25479885935783386
7968124928.0,-0.23215176165103912
7969062400.0,-0.21145877242088318
7969999872.0,-0.19302602112293243
7970937344.0,-0.17498189210891724
7971874816.0,-0.1597491353750229
7972812288.0,-0.14557375013828278
7973749760.0,-0.1333802342414856
7974687744.0,-0.12378949671983719
7975625216.0,-0.11661548912525177
7976562688.0,-0.11137889325618744
7977500160.0,-0.10861564427614212
7978437632.0,-0.1077885627746582
7979375104.0,-0.10844853520393372
7980312576.0,-0.1104683056473732
7981250048.0,-0.11525516957044601
7982187520.0,-0.12050808221101761
7983124992.0,-0.128489688038826
7984062464.0,-0.24971480667591095
7984999936.0,-0.25051379203796387
7985937408.0,-0.25322669744491577
7986874880.0,-0.2560892701148987
7987812352.0,-0.26045477390289307
7988749824.0,-0.2646663784980774
7989687296.0,-0.2698952555656433
7990624768.0,-0.27676016092300415
7991562752.0,-0.28356701135635376
7992500224.0,-0.29079851508140564
7993437696.0,-0.29914286732673645
7994375168.0,-0.3089030683040619
7995312640.0,-0.3181251883506775
7996250112.0,-0.3287338316440582
7997187584.0,-0.33846479654312134
7998125056.0,-0.3495568633079529
7999062528.0,-0.35924437642097473
8000000000.0,-0.36700257658958435
