Frequency (Hz),Measurement
2000000000.0,0.17184534668922424
2000937472.0,0.16446805000305176
2001874944.0,0.15889959037303925
2002812544.0,0.15436263382434845
2003750016.0,0.14893998205661774
2004687488.0,0.14351215958595276
2005624960.0,0.13765071332454681
2006562560.0,0.13082191348075867
2007500032.0,0.12457608431577682
2008437504.0,0.11814344674348831
2009374976.0,0.11122030019760132
2010312448.0,0.10428841412067413
2011250048.0,0.09753119945526123
2012187520.0,0.09073852002620697
2013124992.0,0.08389091491699219
2014062464.0,0.07729905843734741
2015000064.0,0.07090561836957932
2015937536.0,0.06418965011835098
2016875008.0,0.05696588009595871
2017812480.0,0.051201097667217255
2018749952.0,0.04506536200642586
2019687552.0,0.03985177353024483
2020625024.0,0.03481427952647209
2021562496.0,0.030931461602449417
2022499968.0,0.027403449639678
2023437440.0,0.023582855239510536
2024375040.0,0.021342191845178604
2025312512.0,0.020335132256150246
2026249984.0,0.019375847652554512
2027187456.0,0.019465530291199684
2028125056.0,0.020729107782244682
2029062528.0,0.022089242935180664
2030000000.0,0.02546004205942154
2030937472.0,0.029576202854514122
2031874944.0,0.034065037965774536
2032812544.0,0.03969541937112808
2033750016.0,0.045407917350530624
2034687488.0,0.051693402230739594
2035624960.0,0.05862452834844589
2036562560.0,0.06704048067331314
2037500032.0,0.07560613751411438
2038437504.0,0.08425186574459076
2039374976.0,0.09337668120861053
2040312448.0,0.10244982689619064
2041250048.0,0.11177133023738861
2042187520.0,0.11989845335483551
2043124992.0,0.12874507904052734
2044062464.0,0.1368149220943451
2044999936.0,0.14430439472198486
2045937536.0,0.14993605017662048
2046875008.0,0.15634062886238098
2047812480.0,0.16045723855495453
2048749952.0,0.16993235051631927
2049687552.0,0.16544422507286072
2050625024.0,0.16020384430885315
2051562496.0,0.1541350781917572
2052499968.0,0.14765240252017975
2053437440.0,0.14149342477321625
2054375040.0,0.13426709175109863
2055312512.0,0.1266288161277771
2056249984.0,0.11924275755882263
2057187456.0,0.11128992587327957
2058125056.0,0.1042017862200737
2059062528.0,0.09653744846582413
2060000000.0,0.08916671574115753
2060937472.0,0.08184412866830826
2061874944.0,0.0751594826579094
2062812544.0,0.06920287758111954
2063750016.0,0.06278996914625168
2064687488.0,0.05680745095014572
2065624960.0,0.05151356756687164
2066562560.0,0.04683678224682808
2067500032.0,0.04177611693739891
2068437504.0,0.036886025220155716
2069374976.0,0.03370630741119385
2070312448.0,0.029683871194720268
2071250048.0,0.02602553740143776
2072187520.0,0.02333543263375759
2073124992.0,0.02059135027229786
2074062464.0,0.018151381984353065
2075000064.0,0.016212210059165955
2075937536.0,0.014152307994663715
2076875008.0,0.013433236628770828
2077812480.0,0.012098737061023712
2078749952.0,0.012459888122975826
2079687552.0,0.011859769932925701
2080625024.0,0.013768606819212437
2081562496.0,0.01489237230271101
2082499968.0,0.016135072335600853
2083437440.0,0.018111439421772957
2084375040.0,0.020959142595529556
2085312512.0,0.024006513878703117
2086249984.0,0.02798481471836567
2087187456.0,0.0317850299179554
2088125056.0,0.036289993673563004
2089062528.0,0.04190678521990776
2090000000.0,0.04808743670582771
2090937472.0,0.05428893119096756
2091874944.0,0.06056635454297066
2092812544.0,0.06832729279994965
2093750016.0,0.07667019963264465
2094687488.0,0.08517199009656906
2095624960.0,0.09371291100978851
2096562560.0,0.10391172021627426
2097500032.0,0.11443442851305008
2098437504.0,0.12564687430858612
2099374976.0,0.13693806529045105
2100312448.0,0.1493411362171173
2101250048.0,0.1620674878358841
2102187520.0,0.17414844036102295
2103124992.0,0.1873592734336853
2104062464.0,0.20055773854255676
2104999936.0,0.21318764984607697
2105937536.0,0.22615261375904083
2106875008.0,0.2388976514339447
2107812480.0,0.251018226146698
2108749952.0,0.28903064131736755
2109687552.0,0.2961350083351135
2110625024.0,0.3028682470321655
2111562496.0,0.3094601035118103
2112499968.0,0.31443580985069275
2113437440.0,0.31788748502731323
2114375040.0,0.3198820948600769
2115312512.0,0.31912583112716675
2116249984.0,0.31751832365989685
2117187456.0,0.3130273222923279
2118125056.0,0.3051825761795044
2119062528.0,0.2950763702392578
2120000000.0,0.28134894371032715
2120937472.0,0.26561105251312256
2121874944.0,0.24687880277633667
2122812544.0,0.22538892924785614
2123750016.0,0.20237287878990173
2124687488.0,0.17763039469718933
2125624960.0,0.15161724388599396
2126562560.0,0.12476415187120438
2127500032.0,0.098280169069767
2128437504.0,0.07103171199560165
2129374976.0,0.04488131031394005
2130312448.0,0.020398488268256187
2131250048.0,-0.003376286244019866
2132187520.0,-0.024338074028491974
2133124992.0,-0.043574243783950806
2134062464.0,-0.059673137962818146
2135000064.0,-0.0737043172121048
2135937536.0,-0.0844423770904541
2136875008.0,-0.09206652641296387
2137812480.0,-0.09718182682991028
2138749952.0,-0.09871004521846771
2139687552.0,-0.09804179519414902
2140625024.0,-0.09360510110855103
2141562496.0,-0.0880352258682251
2142499968.0,-0.07934902608394623
2143437440.0,-0.07021526992321014
2144375040.0,-0.05803767964243889
2145312512.0,-0.04620334506034851
2146249984.0,-0.03106018900871277
2147187456.0,-0.016295038163661957
2148124928.0,-0.0007232108036987484
2149062400.0,0.014562452211976051
2150000128.0,0.030045269057154655
2150937600.0,0.0454164557158947
2151875072.0,0.06066293269395828
2152812544.0,0.07402032613754272
2153750016.0,0.08777153491973877
2154687488.0,0.10061588883399963
2155624960.0,0.11258979141712189
2156562432.0,0.12323520332574844
2157499904.0,0.13367368280887604
2158437376.0,0.1434251070022583
2159375104.0,0.1527830958366394
2160312576.0,0.16124191880226135
2161250048.0,0.16981208324432373
2162187520.0,0.17714813351631165
2163124992.0,0.18582384288311005
2164062464.0,0.19297195971012115
2164999936.0,0.19962415099143982
2165937408.0,0.20669572055339813
2166874880.0,0.21414528787136078
2167812608.0,0.22004836797714233
2168750080.0,0.24406059086322784
2169687552.0,0.25387105345726013
2170625024.0,0.2643362581729889
2171562496.0,0.2735874652862549
2172499968.0,0.281933456659317
2173437440.0,0.289859414100647
2174374912.0,0.2969750463962555
2175312384.0,0.30382686853408813
2176250112.0,0.30892863869667053
2177187584.0,0.3129015266895294
2178125056.0,0.3150748610496521
2179062528.0,0.3154720962047577
2180000000.0,0.31415846943855286
2180937472.0,0.3111407160758972
2181874944.0,0.30514517426490784
2182812416.0,0.2987659275531769
2183749888.0,0.28888875246047974
2184687616.0,0.2789945602416992
2185625088.0,0.26547446846961975
2186562560.0,0.2510753571987152
2187500032.0,0.23576997220516205
2188437504.0,0.21825198829174042
2189374976.0,0.19945301115512848
2190312448.0,0.18050426244735718
2191249920.0,0.16044023633003235
2192187392.0,0.14010180532932281
2193125120.0,0.12002585083246231
2194062592.0,0.10006045550107956
2195000064.0,0.08055553585290909
2195937536.0,0.06213240697979927
2196875008.0,0.04434562101960182
2197812480.0,0.02776879444718361
2198749952.0,0.01245081890374422
2199687424.0,-0.0008975945529527962
2200624896.0,-0.01220728550106287
2201562624.0,-0.021334733814001083
2202500096.0,-0.0280170775949955
2203437568.0,-0.033211950212717056
2204375040.0,-0.03579883649945259
2205312512.0,-0.036402858793735504
2206249984.0,-0.034251850098371506
2207187456.0,-0.029999639838933945
2208124928.0,-0.024867521598935127
2209062400.0,-0.016154956072568893
2209999872.0,-0.006743337959051132
2210937600.0,0.005160206463187933
2211875072.0,0.01833290606737137
2212812544.0,0.032777637243270874
2213750016.0,0.04792863875627518
2214687488.0,0.06450336426496506
2215624960.0,0.08116636425256729
2216562432.0,0.09887243062257767
2217499904.0,0.11606384068727493
2218437376.0,0.13352596759796143
2219375104.0,0.15001174807548523
2220312576.0,0.16730919480323792
2221250048.0,0.1840287148952484
2222187520.0,0.19865109026432037
2223124992.0,0.21260634064674377
2224062464.0,0.22386720776557922
2224999936.0,0.23486363887786865
2225937408.0,0.24428825080394745
2226874880.0,0.2520960867404938
2227812608.0,0.2585082948207855
2228750080.0,0.22952085733413696
2229687552.0,0.23460854589939117
2230625024.0,0.23883427679538727
2231562496.0,0.24116164445877075
2232499968.0,0.24238276481628418
2233437440.0,0.24194562435150146
2234374912.0,0.23911096155643463
2235312384.0,0.23473846912384033
2236250112.0,0.2289179265499115
2237187584.0,0.2196977287530899
2238125056.0,0.20996026694774628
2239062528.0,0.19753235578536987
2240000000.0,0.18286915123462677
2240937472.0,0.16712628304958344
2241874944.0,0.14945274591445923
2242812416.0,0.1310422718524933
2243749888.0,0.11124477535486221
2244687616.0,0.09013666957616806
2245625088.0,0.06937924027442932
2246562560.0,0.04868976026773453
2247500032.0,0.027195893228054047
2248437504.0,0.007392978295683861
2249374976.0,-0.012555299326777458
2250312448.0,-0.03017118200659752
2251249920.0,-0.04686252027750015
2252187392.0,-0.060888051986694336
2253125120.0,-0.07399653643369675
2254062592.0,-0.08465441316366196
2255000064.0,-0.09256839007139206
2255937536.0,-0.09858550131320953
2256875008.0,-0.10094738751649857
2257812480.0,-0.10191325098276138
2258749952.0,-0.10040021687746048
2259687424.0,-0.09581335633993149
2260624896.0,-0.08993156999349594
2261562624.0,-0.08188310265541077
2262500096.0,-0.07090616971254349
2263437568.0,-0.0575949028134346
2264375040.0,-0.04418636113405228
2265312512.0,-0.029781145974993706
2266249984.0,-0.01485498622059822
2267187456.0,0.002702603815123439
2268124928.0,0.019531795755028725
2269062400.0,0.03608589619398117
2270000128.0,0.053828924894332886
2270937600.0,0.07124234735965729
2271875072.0,0.08871495723724365
2272812544.0,0.10587003082036972
2273750016.0,0.12124187499284744
2274687488.0,0.1379604935646057
2275624960.0,0.15297767519950867
2276562432.0,0.16835540533065796
2277499904.0,0.18064545094966888
2278437376.0,0.19342783093452454
2279375104.0,0.20355400443077087
2280312576.0,0.21407122910022736
2281250048.0,0.22274693846702576
2282187520.0,0.23074722290039062
2283124992.0,0.23797346651554108
2284062464.0,0.2438928484916687
2284999936.0,0.24976569414138794
2285937408.0,0.25582459568977356
2286874880.0,0.25957751274108887
2287812608.0,0.26399487257003784
2288750080.0,0.27486512064933777
2289687552.0,0.2828381359577179
2290625024.0,0.2908937931060791
2291562496.0,0.29912179708480835
2292499968.0,0.3062990605831146
2293437440.0,0.313551127910614
2294374912.0,0.3201485574245453
2295312384.0,0.3261280655860901
2296250112.0,0.33058056235313416
2297187584.0,0.33424609899520874
2298125056.0,0.33661651611328125
2299062528.0,0.33786794543266296
2300000000.0,0.335845410823822
2300937472.0,0.33236685395240784
2301874944.0,0.3265504539012909
2302812416.0,0.31821298599243164
2303749888.0,0.30719974637031555
2304687616.0,0.2930668294429779
2305625088.0,0.2775375545024872
2306562560.0,0.2584576904773712
2307500032.0,0.23772215843200684
2308437504.0,0.21363873779773712
2309374976.0,0.18945510685443878
2310312448.0,0.16248221695423126
2311249920.0,0.13501302897930145
2312187392.0,0.10540036112070084
2313125120.0,0.07642161846160889
2314062592.0,0.047126252204179764
2315000064.0,0.019170785322785378
2315937536.0,-0.008901051245629787
2316875008.0,-0.033986665308475494
2317812480.0,-0.05806589871644974
2318749952.0,-0.08004793524742126
2319687424.0,-0.10004767775535583
2320624896.0,-0.11639056354761124
2321562624.0,-0.1314307153224945
2322500096.0,-0.1444806158542633
2323437568.0,-0.15547752380371094
2324375040.0,-0.1640491485595703
2325312512.0,-0.17035816609859467
2326249984.0,-0.17542138695716858
2327187456.0,-0.17787954211235046
2328124928.0,-0.17823554575443268
2329062400.0,-0.1783144474029541
2329999872.0,-0.175827294588089
2330937600.0,-0.17162421345710754
2331875072.0,-0.1663997620344162
2332812544.0,-0.1590569168329239
2333750016.0,-0.15036967396736145
2334687488.0,-0.1385607123374939
2335624960.0,-0.1273297220468521
2336562432.0,-0.11346728354692459
2337499904.0,-0.09712868183851242
2338437376.0,-0.08148369193077087
2339375104.0,-0.06161860376596451
2340312576.0,-0.04119691997766495
2341250048.0,-0.0197453536093235
2342187520.0,0.0035385736264288425
2343124992.0,0.027287842705845833
2344062464.0,0.05335215479135513
2344999936.0,0.07852422446012497
2345937408.0,0.10473431646823883
2346874880.0,0.13105180859565735
2347812608.0,0.15640577673912048
2348750080.0,0.20824123919010162
2349687552.0,0.22331349551677704
2350625024.0,0.23633243143558502
2351562496.0,0.24609637260437012
2352499968.0,0.25195810198783875
2353437440.0,0.2549495995044708
2354374912.0,0.2549440264701843
2355312384.0,0.25046998262405396
2356250112.0,0.24316537380218506
2357187584.0,0.23275312781333923
2358125056.0,0.2191065102815628
2359062528.0,0.20225635170936584
2360000000.0,0.1826191395521164
2360937472.0,0.1604069173336029
2361874944.0,0.1370410919189453
2362812416.0,0.1120392307639122
2363749888.0,0.08549144119024277
2364687616.0,0.05795762687921524
2365625088.0,0.0305949617177248
2366562560.0,0.002700114157050848
2367500032.0,-0.024622319266200066
2368437504.0,-0.051788099110126495
2369374976.0,-0.0776047483086586
2370312448.0,-0.10349033027887344
2371249920.0,-0.12590068578720093
2372187392.0,-0.1471065878868103
2373125120.0,-0.16637536883354187
2374062592.0,-0.18392439186573029
2375000064.0,-0.19801078736782074
2375937536.0,-0.20923197269439697
2376875008.0,-0.21860526502132416
2377812480.0,-0.2244536131620407
2378749952.0,-0.22721056640148163
2379687424.0,-0.2280266284942627
2380624896.0,-0.2272525429725647
2381562624.0,-0.222398579120636
2382500096.0,-0.21653328835964203
2383437568.0,-0.20800837874412537
2384375040.0,-0.19748929142951965
2385312512.0,-0.18549159169197083
2386249984.0,-0.17237265408039093
2387187456.0,-0.15799571573734283
2388124928.0,-0.1425357609987259
2389062400.0,-0.12685619294643402
2390000128.0,-0.11048060655593872
2390937600.0,-0.09356892108917236
2391875072.0,-0.07780536264181137
2392812544.0,-0.06224019080400467
2393750016.0,-0.04810982570052147
2394687488.0,-0.033357884734869
2395624960.0,-0.02084178477525711
2396562432.0,-0.009750653989613056
2397499904.0,0.0015971785178408027
2398437376.0,0.010860723443329334
2399375104.0,0.01914103887975216
2400312576.0,0.02706058882176876
2401250048.0,0.032268594950437546
2402187520.0,0.037419453263282776
2403124992.0,0.040882036089897156
2404062464.0,0.04372464120388031
2404999936.0,0.04512481018900871
2405937408.0,0.04441063106060028
2406874880.0,0.04318500682711601
2407812608.0,0.041647735983133316
2408750080.0,0.039705630391836166
2409687552.0,0.04375871643424034
2410625024.0,0.04768051207065582
2411562496.0,0.047529321163892746
2412499968.0,0.04612679407000542
2413437440.0,0.04338329657912254
2414374912.0,0.036850787699222565
2415312384.0,0.028787871822714806
2416250112.0,0.019141124561429024
2417187584.0,0.00598568981513381
2418125056.0,-0.007019005250185728
2419062528.0,-0.023328443989157677
2420000000.0,-0.04031599313020706
2420937472.0,-0.05912497639656067
2421874944.0,-0.07920052856206894
2422812416.0,-0.09965135157108307
2423749888.0,-0.12127364426851273
2424687616.0,-0.14300106465816498
2425625088.0,-0.16460436582565308
2426562560.0,-0.18668369948863983
2427500032.0,-0.20766684412956238
2428437504.0,-0.22940337657928467
2429374976.0,-0.24971649050712585
2430312448.0,-0.2695552110671997
2431249920.0,-0.28800949454307556
2432187392.0,-0.3050154149532318
2433125120.0,-0.3213593065738678
2434062592.0,-0.3364669978618622
2435000064.0,-0.3493203818798065
2435937536.0,-0.36128365993499756
2436875008.0,-0.3717688322067261
2437812480.0,-0.3814457058906555
2438749952.0,-0.39083170890808105
2439687424.0,-0.3984900712966919
2440624896.0,-0.40248221158981323
2441562624.0,-0.4080379605293274
2442500096.0,-0.40969711542129517
2443437568.0,-0.41064462065696716
2444375040.0,-0.41171273589134216
2445312512.0,-0.41096460819244385
2446249984.0,-0.40810921788215637
2447187456.0,-0.40512704849243164
2448124928.0,-0.40099215507507324
2449062400.0,-0.39519405364990234
2449999872.0,-0.3896969258785248
2450937600.0,-0.3822670578956604
2451875072.0,-0.37497034668922424
2452812544.0,-0.3685002326965332
2453750016.0,-0.36219850182533264
2454687488.0,-0.3549480736255646
2455624960.0,-0.3492763042449951
2456562432.0,-0.34311413764953613
2457499904.0,-0.33750295639038086
2458437376.0,-0.3305920660495758
2459375104.0,-0.32667529582977295
2460312576.0,-0.3219556510448456
2461250048.0,-0.318969190120697
2462187520.0,-0.31783899664878845
2463124992.0,-0.31783103942871094
2464062464.0,-0.3196357488632202
2464999936.0,-0.3215765058994293
2465937408.0,-0.3267129361629486
2466874880.0,-0.33321407437324524
2467812608.0,-0.34226658940315247
2468750080.0,-0.4281157851219177
2469687552.0,-0.4485701322555542
2470625024.0,-0.4714219868183136
2471562496.0,-0.49702608585357666
2472499968.0,-0.5260908603668213
2473437440.0,-0.5583927631378174
2474374912.0,-0.5940017700195312
2475312384.0,-0.6322835087776184
2476250112.0,-0.6744676828384399
2477187584.0,-0.7214376926422119
2478125056.0,-0.7719287276268005
2479062528.0,-0.8255547881126404
2480000000.0,-0.8813042640686035
2480937472.0,-0.9399635195732117
2481874944.0,-1.0009243488311768
2482812416.0,-1.0649969577789307
2483749888.0,-1.1330108642578125
2484687616.0,-1.2044345140457153
2485625088.0,-1.2803456783294678
2486562560.0,-1.358818769454956
2487500032.0,-1.4403903484344482
2488437504.0,-1.5265189409255981
2489374976.0,-1.616104006767273
2490312448.0,-1.7097804546356201
2491249920.0,-1.8081536293029785
2492187392.0,-1.9099786281585693
2493125120.0,-2.016289234161377
2494062592.0,-2.1269853115081787
2495000064.0,-2.242466688156128
2495937536.0,-2.362781524658203
2496875008.0,-2.4897661209106445
2497812480.0,-2.6242868900299072
2498749952.0,-2.765333890914917
2499687424.0,-2.9152369499206543
2500624896.0,-3.0754363536834717
2501562624.0,-3.2474894523620605
2502500096.0,-3.431303024291992
2503437568.0,-3.6271040439605713
2504375040.0,-3.837080717086792
2505312512.0,-4.064566612243652
2506249984.0,-4.309779644012451
2507187456.0,-4.573897361755371
2508124928.0,-4.856549263000488
2509062400.0,-5.15893030166626
2510000128.0,-5.482485294342041
2510937600.0,-5.823812007904053
2511875072.0,-6.17666482925415
2512812544.0,-6.534228324890137
2513750016.0,-6.88476037979126
2514687488.0,-7.216142654418945
2515624960.0,-7.513128280639648
2516562432.0,-7.761867046356201
2517499904.0,-7.94282341003418
2518437376.0,-8.03974723815918
2519375104.0,-8.04875659942627
2520312576.0,-7.967124938964844
2521250048.0,-7.798310279846191
2522187520.0,-7.546793460845947
2523124992.0,-7.231311798095703
2524062464.0,-6.871072292327881
2524999936.0,-6.486541271209717
2525937408.0,-6.089025497436523
2526874880.0,-5.688642978668213
2527812608.0,-5.297432899475098
2528750080.0,-4.916393756866455
2529687552.0,-4.560793876647949
2530625024.0,-4.227402687072754
2531562496.0,-3.9123198986053467
2532499968.0,-3.6181886196136475
2533437440.0,-3.3446669578552246
2534374912.0,-3.093151330947876
2535312384.0,-2.8628382682800293
2536250112.0,-2.654189109802246
2537187584.0,-2.4625017642974854
2538125056.0,-2.290590286254883
2539062528.0,-2.133491039276123
2540000000.0,-1.9893715381622314
2540937472.0,-1.858624815940857
2541874944.0,-1.7394365072250366
2542812416.0,-1.6310838460922241
2543749888.0,-1.5326390266418457
2544687616.0,-1.4438337087631226
2545625088.0,-1.3645938634872437
2546562560.0,-1.2937828302383423
2547500032.0,-1.2295124530792236
2548437504.0,-1.1721458435058594
2549374976.0,-1.1202352046966553
2550312448.0,-1.0741991996765137
2551249920.0,-1.031794548034668
2552187392.0,-0.9952841997146606
2553125120.0,-0.9619928598403931
2554062592.0,-0.9325644969940186
2555000064.0,-0.9058775901794434
2555937536.0,-0.8806230425834656
2556875008.0,-0.8587322235107422
2557812480.0,-0.8369491696357727
2558749952.0,-0.8172488808631897
2559687424.0,-0.7979058623313904
2560624896.0,-0.7793518304824829
2561562624.0,-0.7611464858055115
2562500096.0,-0.7427802681922913
2563437568.0,-0.7232426404953003
2564375040.0,-0.7035959362983704
2565312512.0,-0.6837138533592224
2566249984.0,-0.6641787886619568
2567187456.0,-0.6429006457328796
2568124928.0,-0.6212296485900879
2569062400.0,-0.5993425846099854
2569999872.0,-0.5760505795478821
2570937600.0,-0.5515937805175781
2571875072.0,-0.5257839560508728
2572812544.0,-0.4990823268890381
2573750016.0,-0.4715418219566345
2574687488.0,-0.44334250688552856
2575624960.0,-0.41403111815452576
2576562432.0,-0.38355380296707153
2577499904.0,-0.3532028794288635
2578437376.0,-0.32175877690315247
2579375104.0,-0.2910922169685364
2580312576.0,-0.26028937101364136
2581250048.0,-0.2288520634174347
2582187520.0,-0.1983654797077179
2583124992.0,-0.16813771426677704
2584062464.0,-0.140145942568779
2584999936.0,-0.11235885322093964
2585937408.0,-0.08508600294589996
2586874880.0,-0.06084664911031723
2587812608.0,-0.0382068008184433
2588750080.0,-0.013118382543325424
2589687552.0,0.0007889105472713709
2590625024.0,0.01431237906217575
2591562496.0,0.024496929720044136
2592499968.0,0.03271659091114998
2593437440.0,0.03991936147212982
2594374912.0,0.044015198945999146
2595312384.0,0.04578971490263939
2596250112.0,0.04702296853065491
2597187584.0,0.04596283659338951
2598125056.0,0.042411282658576965
2599062528.0,0.037514906376600266
2600000000.0,0.031388286501169205
2600937472.0,0.023859664797782898
2601874944.0,0.014956949278712273
2602812416.0,0.004813074134290218
2603749888.0,-0.006816796027123928
2604687616.0,-0.01857648603618145
2605625088.0,-0.031349606812000275
2606562560.0,-0.045348428189754486
2607500032.0,-0.05894474312663078
2608437504.0,-0.07224921882152557
2609374976.0,-0.08640193194150925
2610312448.0,-0.0997135192155838
2611249920.0,-0.11422513425350189
2612187392.0,-0.1259002536535263
2613125120.0,-0.1384088099002838
2614062592.0,-0.14984236657619476
2615000064.0,-0.1600717455148697
2615937536.0,-0.16981197893619537
2616875008.0,-0.17875990271568298
2617812480.0,-0.18629290163516998
2618749952.0,-0.192392498254776
2619687424.0,-0.19764474034309387
2620624896.0,-0.20105421543121338
2621562624.0,-0.20279784500598907
2622500096.0,-0.20336602628231049
2623437568.0,-0.20189207792282104
2624375040.0,-0.19978336989879608
2625312512.0,-0.19455070793628693
2626249984.0,-0.1889764368534088
2627187456.0,-0.18182158470153809
2628124928.0,-0.17289096117019653
2629062400.0,-0.16204392910003662
2630000128.0,-0.1505008190870285
2630937600.0,-0.13727954030036926
2631875072.0,-0.12332436442375183
2632812544.0,-0.10753986984491348
2633750016.0,-0.09104406088590622
2634687488.0,-0.07497921586036682
2635624960.0,-0.056426893919706345
2636562432.0,-0.03785056993365288
2637499904.0,-0.019413365051150322
2638437376.0,-0.0009172704885713756
2639375104.0,0.01920054294168949
2640312576.0,0.037417925894260406
2641250048.0,0.05656762793660164
2642187520.0,0.07522799074649811
2643124992.0,0.09290282428264618
2644062464.0,0.11118276417255402
2644999936.0,0.12727202475070953
2645937408.0,0.14240263402462006
2646874880.0,0.15700361132621765
2647812608.0,0.1809454709291458
2648750080.0,0.1949823498725891
2649687552.0,0.20609316229820251
2650625024.0,0.21547678112983704
2651562496.0,0.22239752113819122
2652499968.0,0.22649677097797394
2653437440.0,0.22894325852394104
2654374912.0,0.22842003405094147
2655312384.0,0.22434966266155243
2656250112.0,0.21803760528564453
2657187584.0,0.21050399541854858
2658125056.0,0.19937914609909058
2659062528.0,0.18744972348213196
2660000000.0,0.17296457290649414
2660937472.0,0.15666916966438293
2661874944.0,0.1389753222465515
2662812416.0,0.12027610093355179
2663749888.0,0.10030005872249603
2664687616.0,0.07986242324113846
2665625088.0,0.0587654747068882
2666562560.0,0.03679850697517395
2667500032.0,0.01627231203019619
2668437504.0,-0.005217159632593393
2669374976.0,-0.025612637400627136
2670312448.0,-0.04550136625766754
2671249920.0,-0.06374777853488922
2672187392.0,-0.08179796487092972
2673125120.0,-0.09857137501239777
2674062592.0,-0.11260852962732315
2675000064.0,-0.12513278424739838
2675937536.0,-0.13563324511051178
2676875008.0,-0.14541569352149963
2677812480.0,-0.15156051516532898
2678749952.0,-0.15576371550559998
2679687424.0,-0.15841500461101532
2680624896.0,-0.1590718924999237
2681562624.0,-0.156989187002182
2682500096.0,-0.15415439009666443
2683437568.0,-0.1470286101102829
2684375040.0,-0.13884872198104858
2685312512.0,-0.12916915118694305
2686249984.0,-0.11873214691877365
2687187456.0,-0.10439497977495193
2688124928.0,-0.08836060017347336
2689062400.0,-0.07235676795244217
2689999872.0,-0.055469874292612076
2690937600.0,-0.03792103752493858
2691875072.0,-0.01842387579381466
2692812544.0,-0.00010911781282629818
2693750016.0,0.019487623125314713
2694687488.0,0.040811024606227875
2695624960.0,0.05986516550183296
2696562432.0,0.07850141078233719
2697499904.0,0.09814080595970154
2698437376.0,0.11617263406515121
2699375104.0,0.13400688767433167
2700312576.0,0.15039274096488953
2701250048.0,0.1656402349472046
2702187520.0,0.1798269897699356
2703124992.0,0.19302892684936523
2704062464.0,0.20456042885780334
2704999936.0,0.21448427438735962
2705937408.0,0.2229696810245514
2706874880.0,0.22999514639377594
2707812608.0,0.24800457060337067
2708750080.0,0.2517900764942169
2709687552.0,0.2532123923301697
2710625024.0,0.25430968403816223
2711562496.0,0.2542460560798645
2712499968.0,0.2519533634185791
2713437440.0,0.24846793711185455
2714374912.0,0.24380740523338318
2715312384.0,0.23690266907215118
2716250112.0,0.22957584261894226
2717187584.0,0.22063365578651428
2718125056.0,0.21055689454078674
2719062528.0,0.1991697996854782
2720000000.0,0.18628108501434326
2720937472.0,0.17142364382743835
2721874944.0,0.1566103845834732
2722812416.0,0.14045405387878418
2723749888.0,0.12193343043327332
2724687616.0,0.10404825210571289
2725625088.0,0.08471561968326569
2726562560.0,0.06573700159788132
2727500032.0,0.04568280279636383
2728437504.0,0.024990692734718323
2729374976.0,0.00419581588357687
2730312448.0,-0.016783270984888077
2731249920.0,-0.03688466176390648
2732187392.0,-0.056565552949905396
2733125120.0,-0.07661706954240799
2734062592.0,-0.09441353380680084
2735000064.0,-0.1115284413099289
2735937536.0,-0.12813973426818848
2736875008.0,-0.14268910884857178
2737812480.0,-0.15526974201202393
2738749952.0,-0.16728945076465607
2739687424.0,-0.17656801640987396
2740624896.0,-0.1833564192056656
2741562624.0,-0.1873214989900589
2742500096.0,-0.19010336697101593
2743437568.0,-0.18980588018894196
2744375040.0,-0.1872270405292511
2745312512.0,-0.18217933177947998
2746249984.0,-0.17494957149028778
2747187456.0,-0.16546428203582764
2748124928.0,-0.15280719101428986
2749062400.0,-0.13861705362796783
2750000128.0,-0.12319356203079224
2750937600.0,-0.10462232679128647
2751875072.0,-0.08433452993631363
2752812544.0,-0.06361820548772812
2753750016.0,-0.04209081828594208
2754687488.0,-0.01880541630089283
2755624960.0,0.004473694134503603
2756562432.0,0.028504962101578712
2757499904.0,0.05253332480788231
2758437376.0,0.07567645609378815
2759375104.0,0.09764852374792099
2760312576.0,0.12114633619785309
2761250048.0,0.14096301794052124
2762187520.0,0.16060754656791687
2763124992.0,0.17823053896427155
2764062464.0,0.19378618896007538
2764999936.0,0.2086150348186493
2765937408.0,0.22048765420913696
2766874880.0,0.230717733502388
2767812608.0,0.2712806463241577
2768750080.0,0.2729586660861969
2769687552.0,0.2749358117580414
2770625024.0,0.2743079364299774
2771562496.0,0.2722990810871124
2772499968.0,0.26769158244132996
2773437440.0,0.26279470324516296
2774374912.0,0.2558944821357727
2775312384.0,0.2471318244934082
2776250112.0,0.23779328167438507
2777187584.0,0.22661489248275757
2778125056.0,0.21470201015472412
2779062528.0,0.2017093151807785
2780000000.0,0.18827766180038452
2780937472.0,0.17350207269191742
2781874944.0,0.158502995967865
2782812416.0,0.14347556233406067
2783749888.0,0.12813760340213776
2784687616.0,0.11266892403364182
2785625088.0,0.09677175432443619
2786562560.0,0.08068379759788513
2787500032.0,0.06500901281833649
2788437504.0,0.04920022934675217
2789374976.0,0.03464847803115845
2790312448.0,0.019256044179201126
2791249920.0,0.005379721987992525
2792187392.0,-0.0078971516340971
2793125120.0,-0.019759802147746086
2794062592.0,-0.03176423907279968
2795000064.0,-0.04230163246393204
2795937536.0,-0.05255293846130371
2796875008.0,-0.06145527586340904
2797812480.0,-0.06809213012456894
2798749952.0,-0.0735398605465889
2799687424.0,-0.07807238399982452
2800624896.0,-0.08120749145746231
2801562624.0,-0.08311986178159714
2802500096.0,-0.08342510461807251
2803437568.0,-0.08178636431694031
2804375040.0,-0.07916422933340073
2805312512.0,-0.07584048062562943
2806249984.0,-0.06930080056190491
2807187456.0,-0.062265150249004364
2808124928.0,-0.05274879187345505
2809062400.0,-0.042925696820020676
2809999872.0,-0.03222208097577095
2810937600.0,-0.019475163891911507
2811875072.0,-0.0057104541920125484
2812812544.0,0.008172484114766121
2813750016.0,0.023471588268876076
2814687488.0,0.03909333050251007
2815624960.0,0.056053511798381805
2816562432.0,0.07241818308830261
2817499904.0,0.08884213119745255
2818437376.0,0.10587609559297562
2819375104.0,0.12264864146709442
2820312576.0,0.1381904035806656
2821250048.0,0.1541261076927185
2822187520.0,0.16965606808662415
2823124992.0,0.18407219648361206
2824062464.0,0.1958884447813034
2824999936.0,0.2073948085308075
2825937408.0,0.21831537783145905
2826874880.0,0.22755737602710724
2827812608.0,0.24045415222644806
2828750080.0,0.24508078396320343
2829687552.0,0.24726571142673492
2830625024.0,0.2479698657989502
2831562496.0,0.24787992238998413
2832499968.0,0.2445984035730362
2833437440.0,0.2400011420249939
2834374912.0,0.23280483484268188
2835312384.0,0.22600775957107544
2836250112.0,0.21640026569366455
2837187584.0,0.20438703894615173
2838125056.0,0.1932213455438614
2839062528.0,0.17884938418865204
2840000000.0,0.16553720831871033
2840937472.0,0.15140102803707123
2841874944.0,0.13527999818325043
2842812416.0,0.1203797236084938
2843749888.0,0.10318140685558319
2844687616.0,0.08728469908237457
2845625088.0,0.07084685564041138
2846562560.0,0.05434250831604004
2847500032.0,0.03871704265475273
2848437504.0,0.02358967810869217
2849374976.0,0.008471382781863213
2850312448.0,-0.005384206306189299
2851249920.0,-0.01878688670694828
2852187392.0,-0.030548615381121635
2853125120.0,-0.04175540804862976
2854062592.0,-0.05124875530600548
2855000064.0,-0.05995594337582588
2855937536.0,-0.06596695631742477
2856875008.0,-0.07259797304868698
2857812480.0,-0.07665245980024338
2858749952.0,-0.07759053260087967
2859687424.0,-0.07836899906396866
2860624896.0,-0.07811565697193146
2861562624.0,-0.07577548176050186
2862500096.0,-0.07117386907339096
2863437568.0,-0.06529939919710159
2864375040.0,-0.05814315006136894
2865312512.0,-0.04969001188874245
2866249984.0,-0.040398940443992615
2867187456.0,-0.029098087921738625
2868124928.0,-0.016697416082024574
2869062400.0,-0.00326246558688581
2870000128.0,0.009873494505882263
2870937600.0,0.02476722002029419
2871875072.0,0.04071446880698204
2872812544.0,0.056196290999650955
2873750016.0,0.0709826648235321
2874687488.0,0.08750276267528534
2875624960.0,0.10426172614097595
2876562432.0,0.11834590882062912
2877499904.0,0.13426698744297028
2878437376.0,0.1487189531326294
2879375104.0,0.16305482387542725
2880312576.0,0.1765332967042923
2881250048.0,0.18729667365550995
2882187520.0,0.20001903176307678
2883124992.0,0.21071495115756989
2884062464.0,0.21988722681999207
2884999936.0,0.22774024307727814
2885937408.0,0.23500268161296844
2886874880.0,0.2403721809387207
2887812608.0,0.22171847522258759
2888750080.0,0.22259528934955597
2889687552.0,0.22386296093463898
2890625024.0,0.22386865317821503
2891562496.0,0.22362428903579712
2892499968.0,0.22156135737895966
2893437440.0,0.21957460045814514
2894374912.0,0.21542173624038696
2895312384.0,0.2099759727716446
2896250112.0,0.20340606570243835
2897187584.0,0.19656464457511902
2898125056.0,0.18638214468955994
2899062528.0,0.17637959122657776
2900000000.0,0.1652979701757431
2900937472.0,0.15245088934898376
2901874944.0,0.13897138833999634
2902812416.0,0.12454716861248016
2903749888.0,0.10955671966075897
2904687616.0,0.09437977522611618
2905625088.0,0.07789991796016693
2906562560.0,0.06242037191987038
2907500032.0,0.04608505964279175
2908437504.0,0.030428854748606682
2909374976.0,0.015281250700354576
2910312448.0,0.0008961675921455026
2911249920.0,-0.013144908472895622
2912187392.0,-0.02603878267109394
2913125120.0,-0.037751488387584686
2914062592.0,-0.047753989696502686
2915000064.0,-0.05576048046350479
2915937536.0,-0.06294906884431839
2916875008.0,-0.06720606237649918
2917812480.0,-0.06982729583978653
2918749952.0,-0.07087197154760361
2919687424.0,-0.06923383474349976
2920624896.0,-0.06501200050115585
2921562624.0,-0.05980124697089195
2922500096.0,-0.05289476364850998
2923437568.0,-0.04322131723165512
2924375040.0,-0.03277679160237312
2925312512.0,-0.01969858445227146
2926249984.0,-0.005126627162098885
2927187456.0,0.010321100242435932
2928124928.0,0.027325546368956566
2929062400.0,0.04382845014333725
2929999872.0,0.060664739459753036
2930937600.0,0.07943147420883179
2931875072.0,0.09669282287359238
2932812544.0,0.11306171119213104
2933750016.0,0.1304476410150528
2934687488.0,0.1465330421924591
2935624960.0,0.1617557853460312
2936562432.0,0.17612622678279877
2937499904.0,0.1895851194858551
2938437376.0,0.20120513439178467
2939375104.0,0.2113683968782425
2940312576.0,0.22026611864566803
2941250048.0,0.22857077419757843
2942187520.0,0.2344983071088791
2943124992.0,0.24010859429836273
2944062464.0,0.2432761788368225
2944999936.0,0.245244100689888
2945937408.0,0.24668076634407043
2946874880.0,0.24683772027492523
2947812608.0,0.22390133142471313
2948750080.0,0.22006601095199585
2949687552.0,0.21696233749389648
2950625024.0,0.2123073786497116
2951562496.0,0.20830300450325012
2952499968.0,0.2039848268032074
2953437440.0,0.19840839505195618
2954374912.0,0.19416092336177826
2955312384.0,0.1890597641468048
2956250112.0,0.18393924832344055
2957187584.0,0.17925316095352173
2958125056.0,0.17436188459396362
2959062528.0,0.1686612218618393
2960000000.0,0.16421622037887573
2960937472.0,0.15891969203948975
2961874944.0,0.15336108207702637
2962812416.0,0.14764417707920074
2963749888.0,0.14214922487735748
2964687616.0,0.13600149750709534
2965625088.0,0.1298469454050064
2966562560.0,0.1232442855834961
2967500032.0,0.11673412472009659
2968437504.0,0.11040889471769333
2969374976.0,0.1030416414141655
2970312448.0,0.09712585061788559
2971249920.0,0.0898340567946434
2972187392.0,0.08288341015577316
2973125120.0,0.0751156136393547
2974062592.0,0.068447045981884
2975000064.0,0.061578523367643356
2975937536.0,0.053703658282756805
2976875008.0,0.047859568148851395
2977812480.0,0.04125968739390373
2978749952.0,0.03583071008324623
2979687424.0,0.03010156750679016
2980624896.0,0.02509676106274128
2981562624.0,0.01881692185997963
2982500096.0,0.01644621230661869
2983437568.0,0.013010178692638874
2984375040.0,0.009800048545002937
2985312512.0,0.0076639833860099316
2986249984.0,0.005896896589547396
2987187456.0,0.006162391044199467
2988124928.0,0.005955290049314499
2989062400.0,0.005351063329726458
2990000128.0,0.006962507031857967
2990937600.0,0.008188551291823387
2991875072.0,0.009432491846382618
2992812544.0,0.011514515615999699
2993750016.0,0.014347624033689499
2994687488.0,0.01731227897107601
2995624960.0,0.020215054973959923
2996562432.0,0.02140866219997406
2997499904.0,0.024866297841072083
2998437376.0,0.027643660083413124
2999375104.0,0.029837781563401222
3000312576.0,0.036441657692193985
3001250048.0,0.03999242186546326
3002187520.0,0.042450711131095886
3003124992.0,0.04530175030231476
3004062464.0,0.04745331034064293
3004999936.0,0.05043058842420578
3005937408.0,0.052993807941675186
3006874880.0,0.05522390082478523
3007812608.0,0.14738968014717102
3008750080.0,0.14448316395282745
3009687552.0,0.14148877561092377
3010625024.0,0.1395324170589447
3011562496.0,0.1362265646457672
3012499968.0,0.13255222141742706
3013437440.0,0.1284361183643341
3014374912.0,0.12569326162338257
3015312384.0,0.12093707919120789
3016250112.0,0.11675585806369781
3017187584.0,0.11191394925117493
3018125056.0,0.10684840381145477
3019062528.0,0.10184267908334732
3020000000.0,0.0970531702041626
3020937472.0,0.09144227206707001
3021874944.0,0.0860203430056572
3022812416.0,0.08134050667285919
3023749888.0,0.07537546753883362
3024687616.0,0.06947147846221924
3025625088.0,0.06405678391456604
3026562560.0,0.058462291955947876
3027500032.0,0.05262778326869011
3028437504.0,0.047221358865499496
3029374976.0,0.04017064347863197
3030312448.0,0.035139456391334534
3031249920.0,0.027838701382279396
3032187392.0,0.02196207456290722
3033125120.0,0.01677028089761734
3034062592.0,0.010485909879207611
3035000064.0,0.0034357772674411535
3035937536.0,-0.0018235341412946582
3036875008.0,-0.008289534598588943
3037812480.0,-0.014837991446256638
3038749952.0,-0.0198037251830101
3039687424.0,-0.02583979442715645
3040624896.0,-0.029860174283385277
3041562624.0,-0.035995326936244965
3042500096.0,-0.040934786200523376
3043437568.0,-0.04583347588777542
3044375040.0,-0.04883235692977905
3045312512.0,-0.052730873227119446
3046249984.0,-0.05534696951508522
3047187456.0,-0.05779891461133957
3048124928.0,-0.05893601104617119
3049062400.0,-0.06015979126095772
3049999872.0,-0.06024012342095375
3050937600.0,-0.06016813963651657
3051875072.0,-0.0589238665997982
3052812544.0,-0.05628221854567528
3053750016.0,-0.053358741104602814
3054687488.0,-0.049600981175899506
3055624960.0,-0.04540669918060303
3056562432.0,-0.03956606239080429
3057499904.0,-0.032553017139434814
3058437376.0,-0.024958640336990356
3059375104.0,-0.01672249287366867
3060312576.0,-0.0069304294884204865
3061250048.0,0.0035545455757528543
3062187520.0,0.014760497026145458
3063124992.0,0.02634272910654545
3064062464.0,0.03847905993461609
3064999936.0,0.051822979003190994
3065937408.0,0.06528301537036896
3066874880.0,0.07918267697095871
3067812608.0,0.1427576243877411
3068750080.0,0.14911910891532898
3069687552.0,0.15494699776172638
3070625024.0,0.15872395038604736
3071562496.0,0.16122321784496307
3072499968.0,0.16294509172439575
3073437440.0,0.1627623587846756
3074374912.0,0.16012807190418243
3075312384.0,0.15794336795806885
3076250112.0,0.1542014330625534
3077187584.0,0.14959459006786346
3078125056.0,0.1436157077550888
3079062528.0,0.13666199147701263
3080000000.0,0.12820328772068024
3080937472.0,0.12035820633172989
3081874944.0,0.11160129308700562
3082812416.0,0.10174577683210373
3083749888.0,0.09308255463838577
3084687616.0,0.08383655548095703
3085625088.0,0.07395826280117035
3086562560.0,0.06487400084733963
3087500032.0,0.05603564530611038
3088437504.0,0.04703758656978607
3089374976.0,0.03979300707578659
3090312448.0,0.032564036548137665
3091249920.0,0.025647982954978943
3092187392.0,0.02040497586131096
3093125120.0,0.015038201585412025
3094062592.0,0.011368140578269958
3095000064.0,0.009152834303677082
3095937536.0,0.006754903122782707
3096875008.0,0.006265283562242985
3097812480.0,0.006186611484736204
3098749952.0,0.007594880182296038
3099687424.0,0.009355186484754086
3100624896.0,0.0125637361779809
3101562624.0,0.016687652096152306
3102500096.0,0.021607542410492897
3103437568.0,0.026597706601023674
3104375040.0,0.031889863312244415
3105312512.0,0.03810765966773033
3106249984.0,0.044744670391082764
3107187456.0,0.05058304965496063
3108124928.0,0.057266898453235626
3109062400.0,0.06393507122993469
3110000128.0,0.06957338005304337
3110937600.0,0.07687333226203918
3111875072.0,0.08230527490377426
3112812544.0,0.08945332467556
3113750016.0,0.09454062581062317
3114687488.0,0.10039427876472473
3115624960.0,0.10568477213382721
3116562432.0,0.11038248240947723
3117499904.0,0.11404430866241455
3118437376.0,0.11866063624620438
3119375104.0,0.12161622941493988
3120312576.0,0.12560907006263733
3121250048.0,0.12781763076782227
3122187520.0,0.1296570748090744
3123124992.0,0.1324952393770218
3124062464.0,0.13438238203525543
3124999936.0,0.13715024292469025
3125937408.0,0.13829579949378967
3126874880.0,0.14077657461166382
3127812608.0,0.14709243178367615
3128750080.0,0.14624635875225067
3129687552.0,0.14676666259765625
3130625024.0,0.14564476907253265
3131562496.0,0.14440283179283142
3132499968.0,0.1416824609041214
3133437440.0,0.13961590826511383
3134374912.0,0.1372988075017929
3135312384.0,0.1345357447862625
3136250112.0,0.1323949247598648
3137187584.0,0.12996317446231842
3138125056.0,0.12779837846755981
3139062528.0,0.12705902755260468
3140000000.0,0.12733393907546997
3140937472.0,0.12832361459732056
3141874944.0,0.13098560273647308
3142812416.0,0.13463899493217468
3143749888.0,0.13879340887069702
3144687616.0,0.14449147880077362
3145625088.0,0.15050320327281952
3146562560.0,0.15661944448947906
3147500032.0,0.16226892173290253
3148437504.0,0.16533762216567993
3149374976.0,0.16838723421096802
3150312448.0,0.1691940426826477
3151249920.0,0.16901588439941406
3152187392.0,0.16583622992038727
3153125120.0,0.1598215103149414
3154062592.0,0.15193580090999603
3155000064.0,0.14272858202457428
3155937536.0,0.13102610409259796
3156875008.0,0.11897174268960953
3157812480.0,0.10550238937139511
3158749952.0,0.09005219489336014
3159687424.0,0.07615924626588821
3160624896.0,0.06112822890281677
3161562624.0,0.04650530219078064
3162500096.0,0.03241805359721184
3163437568.0,0.020947404205799103
3164375040.0,0.010673840530216694
3165312512.0,0.0007277879631146789
3166249984.0,-0.0059040747582912445
3167187456.0,-0.010790782980620861
3168124928.0,-0.012823550030589104
3169062400.0,-0.013523027300834656
3169999872.0,-0.010192167945206165
3170937600.0,-0.006372654344886541
3171875072.0,-0.00013708432379644364
3172812544.0,0.00927700474858284
3173750016.0,0.01923714205622673
3174687488.0,0.03138855844736099
3175624960.0,0.04446226730942726
3176562432.0,0.058864932507276535
3177499904.0,0.07399094849824905
3178437376.0,0.0891699492931366
3179375104.0,0.10502946376800537
3180312576.0,0.12098941951990128
3181250048.0,0.1367204487323761
3182187520.0,0.1519097089767456
3183124992.0,0.16615954041481018
3184062464.0,0.18011561036109924
3184999936.0,0.19256681203842163
3185937408.0,0.20499135553836823
3186874880.0,0.21574480831623077
3187812608.0,0.17599903047084808
3188750080.0,0.17082825303077698
3189687552.0,0.16658981144428253
3190625024.0,0.16074776649475098
3191562496.0,0.15360577404499054
3192499968.0,0.1475447714328766
3193437440.0,0.14128176867961884
3194374912.0,0.13471850752830505
3195312384.0,0.12761858105659485
3196250112.0,0.12229843437671661
3197187584.0,0.11654508113861084
3198125056.0,0.11127546429634094
3199062528.0,0.10628438740968704
3200000000.0,0.1019502803683281
3200937472.0,0.09864490479230881
3201874944.0,0.09677090495824814
3202812416.0,0.09434934705495834
3203749888.0,0.09339527040719986
3204687616.0,0.09228748828172684
3205625088.0,0.09245073795318604
3206562560.0,0.0925530195236206
3207500032.0,0.09376372396945953
3208437504.0,0.09420644491910934
3209374976.0,0.09631942212581635
3210312448.0,0.09784479439258575
3211249920.0,0.09978237748146057
3212187392.0,0.10105285793542862
3213125120.0,0.10295480489730835
3214062592.0,0.10461048036813736
3215000064.0,0.10672643780708313
3215937536.0,0.10859928280115128
3216875008.0,0.10963253676891327
3217812480.0,0.11107563972473145
3218749952.0,0.11231160908937454
3219687424.0,0.11220085620880127
3220624896.0,0.11317524313926697
3221562624.0,0.11422014981508255
3222500096.0,0.1136210635304451
3223437568.0,0.11399797350168228
3224375040.0,0.11395787447690964
3225312512.0,0.11390956491231918
3226249984.0,0.11456792801618576
3227187456.0,0.11462107300758362
3228124928.0,0.11507222801446915
3229062400.0,0.11622097343206406
3230000128.0,0.11846960335969925
3230937600.0,0.11972279846668243
3231875072.0,0.1228775605559349
3232812544.0,0.12494606524705887
3233750016.0,0.12850390374660492
3234687488.0,0.13398538529872894
3235624960.0,0.13863041996955872
3236562432.0,0.1432962268590927
3237499904.0,0.15057657659053802
3238437376.0,0.157100647687912
3239375104.0,0.16372351348400116
3240312576.0,0.17145882546901703
3241250048.0,0.1788993924856186
3242187520.0,0.18645286560058594
3243124992.0,0.19443605840206146
3244062464.0,0.20217882096767426
3244999936.0,0.209580659866333
3245937408.0,0.21668434143066406
3246874880.0,0.22212330996990204
3247812608.0,0.1325184851884842
3248750080.0,0.12502484023571014
3249687552.0,0.11617199331521988
3250625024.0,0.10658765584230423
3251562496.0,0.09579107910394669
3252499968.0,0.08544980734586716
3253437440.0,0.07554779201745987
3254374912.0,0.06590889394283295
3255312384.0,0.058627307415008545
3256250112.0,0.051810506731271744
3257187584.0,0.04725195840001106
3258125056.0,0.043700750917196274
3259062528.0,0.042937684804201126
3260000000.0,0.04245251789689064
3260937472.0,0.0437595471739769
3261874944.0,0.046948570758104324
3262812416.0,0.04944930225610733
3263749888.0,0.052459266036748886
3264687616.0,0.05581272020936012
3265625088.0,0.05876515433192253
3266562560.0,0.06080576777458191
3267500032.0,0.06385739892721176
3268437504.0,0.06572698801755905
3269374976.0,0.06728647649288177
3270312448.0,0.06952042877674103
3271249920.0,0.0705338642001152
3272187392.0,0.0718458741903305
3273125120.0,0.07219550013542175
3274062592.0,0.07268143445253372
3275000064.0,0.07370229810476303
3275937536.0,0.07345577329397202
3276875008.0,0.0734800174832344
3277812480.0,0.07390455901622772
3278749952.0,0.07401546090841293
3279687424.0,0.07472867518663406
3280624896.0,0.07492375373840332
3281562624.0,0.07498561590909958
3282500096.0,0.07608825713396072
3283437568.0,0.0764506533741951
3284375040.0,0.0763544887304306
3285312512.0,0.0773099884390831
3286249984.0,0.07688990980386734
3287187456.0,0.07783015817403793
3288124928.0,0.07822071760892868
3289062400.0,0.0782971903681755
3289999872.0,0.07901277393102646
3290937600.0,0.07958865165710449
3291875072.0,0.07923013716936111
3292812544.0,0.08121558278799057
3293750016.0,0.08372506499290466
3294687488.0,0.08506011962890625
3295624960.0,0.08668845146894455
3296562432.0,0.08901168406009674
3297499904.0,0.09102994948625565
3298437376.0,0.09425345808267593
3299375104.0,0.09844249486923218
3300312576.0,0.10155794769525528
3301250048.0,0.10562880337238312
3302187520.0,0.10963503271341324
3303124992.0,0.11431323736906052
3304062464.0,0.12009231746196747
3304999936.0,0.12509779632091522
3305937408.0,0.13098251819610596
3306874880.0,0.1369951218366623
3307812608.0,0.15107227861881256
3308750080.0,0.158394917845726
3309687552.0,0.1672459989786148
3310625024.0,0.17593301832675934
3311562496.0,0.18479490280151367
3312499968.0,0.19354484975337982
3313437440.0,0.20068150758743286
3314374912.0,0.2081279754638672
3315312384.0,0.21523842215538025
3316250112.0,0.2222507894039154
3317187584.0,0.22747056186199188
3318125056.0,0.2321843057870865
3319062528.0,0.23650644719600677
3320000000.0,0.23894447088241577
3320937472.0,0.24147926270961761
3321874944.0,0.24144098162651062
3322812416.0,0.2411358505487442
3323749888.0,0.238835409283638
3324687616.0,0.23538117110729218
3325625088.0,0.23222345113754272
3326562560.0,0.22648929059505463
3327500032.0,0.22015322744846344
3328437504.0,0.2132260799407959
3329374976.0,0.20492742955684662
3330312448.0,0.19527871906757355
3331249920.0,0.18628202378749847
3332187392.0,0.17528393864631653
3333125120.0,0.16496966779232025
3334062592.0,0.1538093388080597
3335000064.0,0.1430116593837738
3335937536.0,0.13150914013385773
3336875008.0,0.1206384152173996
3337812480.0,0.11019422113895416
3338749952.0,0.09955243021249771
3339687424.0,0.08980398625135422
3340624896.0,0.08067716658115387
3341562624.0,0.07175080478191376
3342500096.0,0.06372743099927902
3343437568.0,0.05686149373650551
3344375040.0,0.05083747208118439
3345312512.0,0.04595625773072243
3346249984.0,0.04246577247977257
3347187456.0,0.03966870158910751
3348124928.0,0.03859519958496094
3349062400.0,0.038122378289699554
3350000128.0,0.039391886442899704
3350937600.0,0.040791068226099014
3351875072.0,0.04311056435108185
3352812544.0,0.04797438159584999
3353750016.0,0.05233337730169296
3354687488.0,0.05916174501180649
3355624960.0,0.06513291597366333
3356562432.0,0.0721031054854393
3357499904.0,0.0803821012377739
3358437376.0,0.08876243978738785
3359375104.0,0.0977739542722702
3360312576.0,0.10719175636768341
3361250048.0,0.11621557921171188
3362187520.0,0.12560775876045227
3363124992.0,0.13377545773983002
3364062464.0,0.1425197273492813
3364999936.0,0.15035602450370789
3365937408.0,0.15743312239646912
3366874880.0,0.16340415179729462
3367812608.0,0.045876819640398026
3368750080.0,0.04882769286632538
3369687552.0,0.05153902620077133
3370625024.0,0.05375511571764946
3371562496.0,0.05544819310307503
3372499968.0,0.056766171008348465
3373437440.0,0.05787947401404381
3374374912.0,0.056687235832214355
3375312384.0,0.0564635768532753
3376250112.0,0.0537005253136158
3377187584.0,0.05142313241958618
3378125056.0,0.04612618684768677
3379062528.0,0.04175488278269768
3380000000.0,0.035672277212142944
3380937472.0,0.028346847742795944
3381874944.0,0.021914077922701836
3382812416.0,0.01401551440358162
3383749888.0,0.005319963674992323
3384687616.0,-0.003196409437805414
3385625088.0,-0.012659074738621712
3386562560.0,-0.021672895178198814
3387500032.0,-0.03134046122431755
3388437504.0,-0.04133037477731705
3389374976.0,-0.050704870373010635
3390312448.0,-0.05898846685886383
3391249920.0,-0.06760167330503464
3392187392.0,-0.076055146753788
3393125120.0,-0.0827191099524498
3394062592.0,-0.08897870779037476
3395000064.0,-0.09522733837366104
3395937536.0,-0.10156241059303284
3396875008.0,-0.1054060310125351
3397812480.0,-0.10900550335645676
3398749952.0,-0.11133332550525665
3399687424.0,-0.1128433495759964
3400624896.0,-0.11369094252586365
3401562624.0,-0.11311929672956467
3402500096.0,-0.1131347045302391
3403437568.0,-0.11111129820346832
3404375040.0,-0.11016479134559631
3405312512.0,-0.10760747641324997
3406249984.0,-0.10646145045757294
3407187456.0,-0.10392706096172333
3408124928.0,-0.1012420505285263
3409062400.0,-0.10046673566102982
3409999872.0,-0.0987544059753418
3410937600.0,-0.09760863333940506
3411875072.0,-0.09785179048776627
3412812544.0,-0.09961298853158951
3413750016.0,-0.10156508535146713
3414687488.0,-0.10598597675561905
3415624960.0,-0.11047486215829849
3416562432.0,-0.11757103353738785
3417499904.0,-0.12608811259269714
3418437376.0,-0.1383087933063507
3419375104.0,-0.15109167993068695
3420312576.0,-0.1662236601114273
3421250048.0,-0.1844761222600937
3422187520.0,-0.20401853322982788
3423124992.0,-0.22576579451560974
3424062464.0,-0.2490868866443634
3424999936.0,-0.27484238147735596
3425937408.0,-0.3027958869934082
3426874880.0,-0.33135008811950684
3427812608.0,-0.36153122782707214
3428750080.0,-0.3899989724159241
3429687552.0,-0.4189663529396057
3430625024.0,-0.4478452205657959
3431562496.0,-0.4755763113498688
3432499968.0,-0.5034372210502625
3433437440.0,-0.5314449667930603
3434374912.0,-0.5591647028923035
3435312384.0,-0.5866323709487915
3436250112.0,-0.6130256056785583
3437187584.0,-0.6412107348442078
3438125056.0,-0.6699655055999756
3439062528.0,-0.6981606483459473
3440000000.0,-0.7283941507339478
3440937472.0,-0.7592870593070984
3441874944.0,-0.7928209900856018
3442812416.0,-0.8282699584960938
3443749888.0,-0.8656370043754578
3444687616.0,-0.9057808518409729
3445625088.0,-0.9493399262428284
3446562560.0,-0.9954906105995178
3447500032.0,-1.0443964004516602
3448437504.0,-1.0965683460235596
3449374976.0,-1.1528595685958862
3450312448.0,-1.211574912071228
3451249920.0,-1.273194670677185
3452187392.0,-1.3355203866958618
3453125120.0,-1.3987987041473389
3454062592.0,-1.4615744352340698
3455000064.0,-1.5258833169937134
3455937536.0,-1.5915576219558716
3456875008.0,-1.6547086238861084
3457812480.0,-1.7148618698120117
3458749952.0,-1.769612193107605
3459687424.0,-1.8201217651367188
3460624896.0,-1.8645007610321045
3461562624.0,-1.9026345014572144
3462500096.0,-1.933149814605713
3463437568.0,-1.956563949584961
3464375040.0,-1.967861294746399
3465312512.0,-1.9726359844207764
3466249984.0,-1.9698810577392578
3467187456.0,-1.9605649709701538
3468124928.0,-1.947561264038086
3469062400.0,-1.9270809888839722
3470000128.0,-1.9012807607650757
3470937600.0,-1.870057463645935
3471875072.0,-1.8333849906921387
3472812544.0,-1.7923699617385864
3473750016.0,-1.7469147443771362
3474687488.0,-1.6991044282913208
3475624960.0,-1.6486594676971436
3476562432.0,-1.59676194190979
3477499904.0,-1.543852686882019
3478437376.0,-1.4913183450698853
3479375104.0,-1.4365687370300293
3480312576.0,-1.384655475616455
3481250048.0,-1.3337733745574951
3482187520.0,-1.2834473848342896
3483124992.0,-1.232497215270996
3484062464.0,-1.181419014930725
3484999936.0,-1.1331764459609985
3485937408.0,-1.0880649089813232
3486874880.0,-1.04474937915802
3487812608.0,-1.038093090057373
3488750080.0,-0.9999699592590332
3489687552.0,-0.9627958536148071
3490625024.0,-0.9282160401344299
3491562496.0,-0.8955413699150085
3492499968.0,-0.8651486039161682
3493437440.0,-0.8366965055465698
3494374912.0,-0.8092790246009827
3495312384.0,-0.7833396792411804
3496250112.0,-0.7596288323402405
3497187584.0,-0.7390393614768982
3498125056.0,-0.7200882434844971
3499062528.0,-0.7020308971405029
3500000000.0,-0.6862011551856995
3500937472.0,-0.6702404022216797
3501874944.0,-0.655169665813446
3502812416.0,-0.6404514908790588
3503749888.0,-0.6276171803474426
3504687616.0,-0.6139484643936157
3505625088.0,-0.6011025905609131
3506562560.0,-0.589347779750824
3507500032.0,-0.576928436756134
3508437504.0,-0.5651079416275024
3509374976.0,-0.5533333420753479
3510312448.0,-0.5418092012405396
3511249920.0,-0.5284034013748169
3512187392.0,-0.5159799456596375
3513125120.0,-0.5015714168548584
3514062592.0,-0.4875662922859192
3515000064.0,-0.4712957441806793
3515937536.0,-0.4554911255836487
3516875008.0,-0.4384869337081909
3517812480.0,-0.42084112763404846
3518749952.0,-0.4048179090023041
3519687424.0,-0.3868543803691864
3520624896.0,-0.3686460554599762
3521562624.0,-0.3501947522163391
3522500096.0,-0.33168894052505493
3523437568.0,-0.31294333934783936
3524375040.0,-0.29477959871292114
3525312512.0,-0.27631157636642456
3526249984.0,-0.257135808467865
3527187456.0,-0.23852074146270752
3528124928.0,-0.22251510620117188
3529062400.0,-0.20599772036075592
3529999872.0,-0.19284909963607788
3530937600.0,-0.1791917234659195
3531875072.0,-0.1669386327266693
3532812544.0,-0.15535394847393036
3533750016.0,-0.14685001969337463
3534687488.0,-0.1389903575181961
3535624960.0,-0.13206107914447784
3536562432.0,-0.1281185895204544
3537499904.0,-0.12602154910564423
3538437376.0,-0.1250639706850052
3539375104.0,-0.12677261233329773
3540312576.0,-0.13026142120361328
3541250048.0,-0.13529489934444427
3542187520.0,-0.14066819846630096
3543124992.0,-0.1471288949251175
3544062464.0,-0.15381847321987152
3544999936.0,-0.16271935403347015
3545937408.0,-0.1720813661813736
3546874880.0,-0.1823902726173401
3547812608.0,-0.20654618740081787
3548750080.0,-0.19656573235988617
3549687552.0,-0.18773768842220306
3550625024.0,-0.1796342134475708
3551562496.0,-0.16987140476703644
3552499968.0,-0.16058889031410217
3553437440.0,-0.15248459577560425
3554374912.0,-0.14471964538097382
3555312384.0,-0.13890843093395233
3556250112.0,-0.13309261202812195
3557187584.0,-0.12782655656337738
3558125056.0,-0.12274722009897232
3559062528.0,-0.11760762333869934
3560000000.0,-0.11238132417201996
3560937472.0,-0.10756045579910278
3561874944.0,-0.10321810841560364
3562812416.0,-0.09884081780910492
3563749888.0,-0.09454350173473358
3564687616.0,-0.0917884111404419
3565625088.0,-0.08814849704504013
3566562560.0,-0.08335234224796295
3567500032.0,-0.08083224296569824
3568437504.0,-0.07767211645841599
3569374976.0,-0.07441987097263336
3570312448.0,-0.07220485061407089
3571249920.0,-0.06780834496021271
3572187392.0,-0.0647537037730217
3573125120.0,-0.059995923191308975
3574062592.0,-0.056541115045547485
3575000064.0,-0.05260992795228958
3575937536.0,-0.048876818269491196
3576875008.0,-0.04476442560553551
3577812480.0,-0.0408560149371624
3578749952.0,-0.03737631067633629
3579687424.0,-0.033622805029153824
3580624896.0,-0.02955871820449829
3581562624.0,-0.027021601796150208
3582500096.0,-0.025606676936149597
3583437568.0,-0.024341383948922157
3584375040.0,-0.022460537031292915
3585312512.0,-0.022296780720353127
3586249984.0,-0.021535538136959076
3587187456.0,-0.021223071962594986
3588124928.0,-0.02140067145228386
3589062400.0,-0.022096650674939156
3590000128.0,-0.023048678413033485
3590937600.0,-0.025357745587825775
3591875072.0,-0.02752545475959778
3592812544.0,-0.03115297481417656
3593750016.0,-0.03515346720814705
3594687488.0,-0.038383178412914276
3595624960.0,-0.04314754158258438
3596562432.0,-0.0477217473089695
3597499904.0,-0.05177197977900505
3598437376.0,-0.05686948075890541
3599375104.0,-0.06089028716087341
3600312576.0,-0.06540749222040176
3601250048.0,-0.0694047138094902
3602187520.0,-0.07383453845977783
3603124992.0,-0.07800473272800446
3604062464.0,-0.08131296932697296
3604999936.0,-0.08313626050949097
3605937408.0,-0.08549251407384872
3606874880.0,-0.08858322352170944
3607812608.0,-0.09399905800819397
3608750080.0,-0.09220319241285324
3609687552.0,-0.09053519368171692
3610625024.0,-0.08933157473802567
3611562496.0,-0.0878453403711319
3612499968.0,-0.08704983443021774
3613437440.0,-0.08586699515581131
3614374912.0,-0.0863499566912651
3615312384.0,-0.08558303862810135
3616250112.0,-0.08521305024623871
3617187584.0,-0.08643996715545654
3618125056.0,-0.08664727210998535
3619062528.0,-0.0876878947019577
3620000000.0,-0.0887187197804451
3620937472.0,-0.09148673713207245
3621874944.0,-0.09118487685918808
3622812416.0,-0.09294386208057404
3623749888.0,-0.09256993234157562
3624687616.0,-0.09194407612085342
3625625088.0,-0.09249284118413925
3626562560.0,-0.09363768994808197
3627500032.0,-0.09354540705680847
3628437504.0,-0.09279004484415054
3629374976.0,-0.0923338308930397
3630312448.0,-0.09094929695129395
3631249920.0,-0.08880871534347534
3632187392.0,-0.0862247422337532
3633125120.0,-0.08332523703575134
3634062592.0,-0.07964066416025162
3635000064.0,-0.07540800422430038
3635937536.0,-0.07075908780097961
3636875008.0,-0.06674669682979584
3637812480.0,-0.06066969782114029
3638749952.0,-0.05417008697986603
3639687424.0,-0.04687415063381195
3640624896.0,-0.03974789381027222
3641562624.0,-0.032338183373212814
3642500096.0,-0.024671807885169983
3643437568.0,-0.0163106806576252
3644375040.0,-0.008617906831204891
3645312512.0,-0.00028730835765600204
3646249984.0,0.007252423092722893
3647187456.0,0.014050428755581379
3648124928.0,0.022096235305070877
3649062400.0,0.028301190584897995
3649999872.0,0.033848099410533905
3650937600.0,0.03931121900677681
3651875072.0,0.0441921204328537
3652812544.0,0.04813879728317261
3653750016.0,0.051586661487817764
3654687488.0,0.055755097419023514
3655624960.0,0.05823960527777672
3656562432.0,0.060489851981401443
3657499904.0,0.0629061907529831
3658437376.0,0.06306590884923935
3659375104.0,0.06326174736022949
3660312576.0,0.061281945556402206
3661250048.0,0.05944276228547096
3662187520.0,0.056170277297496796
3663124992.0,0.05193943530321121
3664062464.0,0.04792302846908569
3664999936.0,0.04217841848731041
3665937408.0,0.03656785562634468
3666874880.0,0.02960202284157276
3667812608.0,0.021783379837870598
3668750080.0,0.01666853576898575
3669687552.0,0.010408926755189896
3670625024.0,0.00626178365200758
3671562496.0,0.0017588818445801735
3672499968.0,-0.0012595165753737092
3673437440.0,-0.004737715236842632
3674374912.0,-0.00640513701364398
3675312384.0,-0.007491813041269779
3676250112.0,-0.008771972730755806
3677187584.0,-0.009720147587358952
3678125056.0,-0.009702007286250591
3679062528.0,-0.00909184105694294
3680000000.0,-0.00888144876807928
3680937472.0,-0.007500515319406986
3681874944.0,-0.006724542938172817
3682812416.0,-0.004506739787757397
3683749888.0,-0.0019240138353779912
3684687616.0,0.00023742369376122952
3685625088.0,0.0045470078475773335
3686562560.0,0.007252444047480822
3687500032.0,0.00990588590502739
3688437504.0,0.01321752555668354
3689374976.0,0.016564233228564262
3690312448.0,0.01940932497382164
3691249920.0,0.022625137120485306
3692187392.0,0.02574271894991398
3693125120.0,0.029025252908468246
3694062592.0,0.03228538855910301
3695000064.0,0.03388344869017601
3695937536.0,0.03706715255975723
3696875008.0,0.03834235668182373
3697812480.0,0.04029722511768341
3698749952.0,0.041817836463451385
3699687424.0,0.04239514470100403
3700624896.0,0.04317907616496086
3701562624.0,0.04175618663430214
3702500096.0,0.04150332510471344
3703437568.0,0.03928619995713234
3704375040.0,0.036052852869033813
3705312512.0,0.0318559855222702
3706249984.0,0.02658584713935852
3707187456.0,0.019341953098773956
3708124928.0,0.010748890228569508
3709062400.0,0.0014474159106612206
3710000128.0,-0.00975426658987999
3710937600.0,-0.02127145417034626
3711875072.0,-0.03401173651218414
3712812544.0,-0.0486694760620594
3713750016.0,-0.06424256414175034
3714687488.0,-0.0803907960653305
3715624960.0,-0.09871383011341095
3716562432.0,-0.11764083802700043
3717499904.0,-0.13757425546646118
3718437376.0,-0.15741410851478577
3719375104.0,-0.17726558446884155
3720312576.0,-0.19693951308727264
3721250048.0,-0.21551939845085144
3722187520.0,-0.23432935774326324
3723124992.0,-0.25231364369392395
3724062464.0,-0.2695571780204773
3724999936.0,-0.2851010859012604
3725937408.0,-0.29930388927459717
3726874880.0,-0.312104731798172
3727812608.0,0.007694993633776903
3728750080.0,0.007450921460986137
3729687552.0,0.007682090625166893
3730625024.0,0.006034111604094505
3731562496.0,0.005020035896450281
3732499968.0,0.0027172816917300224
3733437440.0,0.00035268900683149695
3734374912.0,-0.004055453464388847
3735312384.0,-0.007160992361605167
3736250112.0,-0.008619873784482479
3737187584.0,-0.01078396663069725
3738125056.0,-0.011941863223910332
3739062528.0,-0.012996044009923935
3740000000.0,-0.014131840318441391
3740937472.0,-0.012149774469435215
3741874944.0,-0.01074246410280466
3742812416.0,-0.008942155167460442
3743749888.0,-0.005045127123594284
3744687616.0,-0.0018636874156072736
3745625088.0,0.0023953525815159082
3746562560.0,0.00771426921710372
3747500032.0,0.012858513742685318
3748437504.0,0.019833283498883247
3749374976.0,0.027016635984182358
3750312448.0,0.03393722325563431
3751249920.0,0.04303416982293129
3752187392.0,0.0514565072953701
3753125120.0,0.060392968356609344
3754062592.0,0.06954780220985413
3755000064.0,0.07858972251415253
3755937536.0,0.08641453832387924
3756875008.0,0.09473078697919846
3757812480.0,0.10208554565906525
3758749952.0,0.1094682514667511
3759687424.0,0.11584297567605972
3760624896.0,0.12116585671901703
3761562624.0,0.1263374388217926
3762500096.0,0.12934890389442444
3763437568.0,0.13225305080413818
3764375040.0,0.13200949132442474
3765312512.0,0.13175465166568756
3766249984.0,0.12947550415992737
3767187456.0,0.1257769912481308
3768124928.0,0.12031050026416779
3769062400.0,0.11421027034521103
3769999872.0,0.1070241630077362
3770937600.0,0.09842906892299652
3771875072.0,0.08829519897699356
3772812544.0,0.07877971976995468
3773750016.0,0.06836708635091782
3774687488.0,0.058309826999902725
3775624960.0,0.046414781361818314
3776562432.0,0.03605591133236885
3777499904.0,0.02481573075056076
3778437376.0,0.014714203774929047
3779375104.0,0.0032685198821127415
3780312576.0,-0.007064688019454479
3781250048.0,-0.01701248809695244
3782187520.0,-0.02663462609052658
3783124992.0,-0.03558278828859329
3784062464.0,-0.044209398329257965
3784999936.0,-0.05230436101555824
3785937408.0,-0.05945471674203873
3786874880.0,-0.04241916164755821
3787812608.0,-0.04505332559347153
3788750080.0,-0.047785013914108276
3789687552.0,-0.05029842257499695
3790625024.0,-0.05149582400918007
3791562496.0,-0.05347420275211334
3792499968.0,-0.05557158589363098
3793437440.0,-0.05728968232870102
3794374912.0,-0.058160100132226944
3795312384.0,-0.06019226089119911
3796250112.0,-0.05928706005215645
3797187584.0,-0.05866849794983864
3798125056.0,-0.05636393651366234
3799062528.0,-0.05289316549897194
3800000000.0,-0.04874204471707344
3800937472.0,-0.04428304731845856
3801874944.0,-0.03862595558166504
3802812416.0,-0.03220969811081886
3803749888.0,-0.024342618882656097
3804687616.0,-0.01762784831225872
3805625088.0,-0.008913093246519566
3806562560.0,-0.0005129180499352515
3807500032.0,0.00823963899165392
3808437504.0,0.016234522685408592
3809374976.0,0.02346014603972435
3810312448.0,0.031547896564006805
3811249920.0,0.03935595974326134
3812187392.0,0.04595661163330078
3813125120.0,0.052209142595529556
3814062592.0,0.05768990144133568
3815000064.0,0.06330419331789017
3815937536.0,0.06704666465520859
3816875008.0,0.0704340934753418
3817812480.0,0.0729747787117958
3818749952.0,0.0754852443933487
3819687424.0,0.07560712099075317
3820624896.0,0.0761529803276062
3821562624.0,0.07496284693479538
3822500096.0,0.0719987079501152
3823437568.0,0.07024705410003662
3824375040.0,0.06612226366996765
3825312512.0,0.06225680932402611
3826249984.0,0.056807443499565125
3827187456.0,0.052223723381757736
3828124928.0,0.04649503156542778
3829062400.0,0.041485581547021866
3830000128.0,0.035585917532444
3830937600.0,0.030066171661019325
3831875072.0,0.02366691268980503
3832812544.0,0.018509982153773308
3833750016.0,0.012409334070980549
3834687488.0,0.005979154258966446
3835624960.0,0.0009359780815429986
3836562432.0,-0.004107296466827393
3837499904.0,-0.009514784440398216
3838437376.0,-0.015151262283325195
3839375104.0,-0.01944171078503132
3840312576.0,-0.02409830503165722
3841250048.0,-0.02883678302168846
3842187520.0,-0.03281598165631294
3843124992.0,-0.0364316962659359
3844062464.0,-0.04081317037343979
3844999936.0,-0.044194456189870834
3845937408.0,-0.04745805636048317
3846874880.0,-0.04447462782263756
3847812608.0,-0.04764065518975258
3848750080.0,-0.049311406910419464
3849687552.0,-0.05083155632019043
3850625024.0,-0.05263323709368706
3851562496.0,-0.05355432629585266
3852499968.0,-0.054455991834402084
3853437440.0,-0.055303577333688736
3854374912.0,-0.056282445788383484
3855312384.0,-0.056796811521053314
3856250112.0,-0.05710034817457199
3857187584.0,-0.05673602223396301
3858125056.0,-0.054468993097543716
3859062528.0,-0.052516620606184006
3860000000.0,-0.04951613396406174
3860937472.0,-0.04738302901387215
3861874944.0,-0.0451565645635128
3862812416.0,-0.04258635640144348
3863749888.0,-0.04107800871133804
3864687616.0,-0.040036991238594055
3865625088.0,-0.03981417790055275
3866562560.0,-0.04129079729318619
3867500032.0,-0.04438234865665436
3868437504.0,-0.05043551325798035
3869374976.0,-0.05639297142624855
3870312448.0,-0.06402517110109329
3871249920.0,-0.07323506474494934
3872187392.0,-0.08395888656377792
3873125120.0,-0.09458030760288239
3874062592.0,-0.10519444197416306
3875000064.0,-0.11653383821249008
3875937536.0,-0.12608589231967926
3876875008.0,-0.1363920122385025
3877812480.0,-0.14397116005420685
3878749952.0,-0.14960435032844543
3879687424.0,-0.15397900342941284
3880624896.0,-0.15468880534172058
3881562624.0,-0.1545739769935608
3882500096.0,-0.15183578431606293
3883437568.0,-0.14739812910556793
3884375040.0,-0.14041680097579956
3885312512.0,-0.1317485123872757
3886249984.0,-0.12270411849021912
3887187456.0,-0.1121717095375061
3888124928.0,-0.09923700988292694
3889062400.0,-0.08795639872550964
3889999872.0,-0.07432477176189423
3890937600.0,-0.06225679814815521
3891875072.0,-0.04920433834195137
3892812544.0,-0.03747805953025818
3893750016.0,-0.02673485316336155
3894687488.0,-0.017355376854538918
3895624960.0,-0.008165933191776276
3896562432.0,-0.0012303930707275867
3897499904.0,0.004980238154530525
3898437376.0,0.010882643051445484
3899375104.0,0.013795466162264347
3900312576.0,0.01651376485824585
3901250048.0,0.017696524038910866
3902187520.0,0.019482560455799103
3903124992.0,0.019893812015652657
3904062464.0,0.01936701126396656
3904999936.0,0.019836517050862312
3905937408.0,0.019419195130467415
3906874880.0,0.005416902247816324
3907812608.0,-0.004612913355231285
3908750080.0,-0.013005655258893967
3909687552.0,-0.019450431689620018
3910625024.0,-0.02335090935230255
3911562496.0,-0.025735747069120407
3912499968.0,-0.026733195409178734
3913437440.0,-0.02636990323662758
3914374912.0,-0.024115532636642456
3915312384.0,-0.020373061299324036
3916250112.0,-0.015011665411293507
3917187584.0,-0.007681978400796652
3918125056.0,-0.00036700075725093484
3919062528.0,0.008781415410339832
3920000000.0,0.017780955880880356
3920937472.0,0.02778605744242668
3921874944.0,0.03758887201547623
3922812416.0,0.047665294259786606
3923749888.0,0.0576213076710701
3924687616.0,0.0658857524394989
3925625088.0,0.07488656789064407
3926562560.0,0.08252234011888504
3927500032.0,0.08876653015613556
3928437504.0,0.0943416953086853
3929374976.0,0.09791801124811172
3930312448.0,0.10021977871656418
3931249920.0,0.1016455814242363
3932187392.0,0.10056110471487045
3933125120.0,0.09902156889438629
3934062592.0,0.09473865479230881
3935000064.0,0.09106752276420593
3935937536.0,0.08468513935804367
3936875008.0,0.07859677076339722
3937812480.0,0.07128587365150452
3938749952.0,0.06316060572862625
3939687424.0,0.05447711423039436
3940624896.0,0.044969961047172546
3941562624.0,0.03496069461107254
3942500096.0,0.024106865748763084
3943437568.0,0.013696339912712574
3944375040.0,0.0020850917790085077
3945312512.0,-0.009366059675812721
3946249984.0,-0.020933475345373154
3947187456.0,-0.03272561728954315
3948124928.0,-0.04429817572236061
3949062400.0,-0.054616522043943405
3950000128.0,-0.06455136835575104
3950937600.0,-0.07400858402252197
3951875072.0,-0.08193385601043701
3952812544.0,-0.09053795784711838
3953750016.0,-0.09732931852340698
3954687488.0,-0.10564074665307999
3955624960.0,-0.11181163042783737
3956562432.0,-0.118470698595047
3957499904.0,-0.12380053102970123
3958437376.0,-0.13011780381202698
3959375104.0,-0.13437126576900482
3960312576.0,-0.1392257809638977
3961250048.0,-0.14492401480674744
3962187520.0,-0.14969342947006226
3963124992.0,-0.15376456081867218
3964062464.0,-0.1586824357509613
3964999936.0,-0.16250959038734436
3965937408.0,-0.16728425025939941
3966874880.0,-0.06000866740942001
3967812608.0,-0.0667758658528328
3968750080.0,-0.07352408766746521
3969687552.0,-0.07776518166065216
3970625024.0,-0.08275841921567917
3971562496.0,-0.08605711907148361
3972499968.0,-0.09004787355661392
3973437440.0,-0.09259320050477982
3974374912.0,-0.09409760683774948
3975312384.0,-0.09587480872869492
3976250112.0,-0.0956033244729042
3977187584.0,-0.0947127416729927
3978125056.0,-0.09404321014881134
3979062528.0,-0.09192808717489243
3980000000.0,-0.08842639625072479
3980937472.0,-0.08465820550918579
3981874944.0,-0.07960195094347
3982812416.0,-0.07558632642030716
3983749888.0,-0.07092250883579254
3984687616.0,-0.06619120389223099
3985625088.0,-0.06154634803533554
3986562560.0,-0.05588505044579506
3987500032.0,-0.050526052713394165
3988437504.0,-0.045938290655612946
3989374976.0,-0.040735576301813126
3990312448.0,-0.03540581837296486
3991249920.0,-0.031088557094335556
3992187392.0,-0.027136435732245445
3993125120.0,-0.024776125326752663
3994062592.0,-0.02106548473238945
3995000064.0,-0.01908554509282112
3995937536.0,-0.018440676853060722
3996875008.0,-0.017743796110153198
3997812480.0,-0.017738720402121544
3998749952.0,-0.018434269353747368
3999687424.0,-0.018543504178524017
4000624896.0,-0.011850533075630665
4001562624.0,-0.015576890669763088
4002500096.0,-0.01985437236726284
4003437568.0,-0.025302687659859657
4004375040.0,-0.03112431801855564
4005312512.0,-0.03743595629930496
4006249984.0,-0.044936396181583405
4007187456.0,-0.0532652884721756
4008124928.0,-0.06093185395002365
4009062400.0,-0.06927239149808884
4009999872.0,-0.07870963960886002
4010937600.0,-0.08725984394550323
4011875072.0,-0.0954032838344574
4012812544.0,-0.10397572815418243
4013750016.0,-0.11142800003290176
4014687488.0,-0.1202845498919487
4015624960.0,-0.12739335000514984
4016562432.0,-0.13576461374759674
4017499904.0,-0.14260999858379364
4018437376.0,-0.15008515119552612
4019375104.0,-0.15673688054084778
4020312576.0,-0.16311687231063843
4021250048.0,-0.1680176705121994
4022187520.0,-0.17319567501544952
4023124992.0,-0.17675535380840302
4024062464.0,-0.18060021102428436
4024999936.0,-0.18493138253688812
4025937408.0,-0.18797342479228973
4026874880.0,-0.1797395795583725
4027812608.0,-0.18171502649784088
4028750080.0,-0.1841190904378891
4029687552.0,-0.18653446435928345
4030625024.0,-0.1881932020187378
4031562496.0,-0.18962977826595306
4032499968.0,-0.189368337392807
4033437440.0,-0.1907445341348648
4034374912.0,-0.19130946695804596
4035312384.0,-0.19091960787773132
4036250112.0,-0.19119331240653992
4037187584.0,-0.19109798967838287
4038125056.0,-0.19041424989700317
4039062528.0,-0.19008886814117432
4040000000.0,-0.18875177204608917
4040937472.0,-0.1864573061466217
4041874944.0,-0.18389640748500824
4042812416.0,-0.17924389243125916
4043749888.0,-0.17547813057899475
4044687616.0,-0.1707354485988617
4045625088.0,-0.16388070583343506
4046562560.0,-0.15733887255191803
4047500032.0,-0.1507086455821991
4048437504.0,-0.14217039942741394
4049374976.0,-0.13230395317077637
4050312448.0,-0.12205101549625397
4051249920.0,-0.11082519590854645
4052187392.0,-0.09981810301542282
4053125120.0,-0.08895066380500793
4054062592.0,-0.07639269530773163
4055000064.0,-0.06494531035423279
4055937536.0,-0.053369779139757156
4056875008.0,-0.04211140051484108
4057812480.0,-0.030042210593819618
4058749952.0,-0.018850063905119896
4059687424.0,-0.007590068969875574
4060624896.0,0.0029271438252180815
4061562624.0,0.01359395869076252
4062500096.0,0.022847633808851242
4063437568.0,0.03053964301943779
4064375040.0,0.038458943367004395
4065312512.0,0.04457218572497368
4066249984.0,0.050005268305540085
4067187456.0,0.0545775406062603
4068124928.0,0.05799190700054169
4069062400.0,0.058624427765607834
4070000128.0,0.05907592549920082
4070937600.0,0.05845405533909798
4071875072.0,0.055253636091947556
4072812544.0,0.05109445005655289
4073750016.0,0.04635206237435341
4074687488.0,0.040903784334659576
4075624960.0,0.033658988773822784
4076562432.0,0.026386365294456482
4077499904.0,0.017645491287112236
4078437376.0,0.008895493112504482
4079375104.0,-0.0003654414613265544
4080312576.0,-0.010956077836453915
4081250048.0,-0.02161421626806259
4082187520.0,-0.03439757972955704
4083124992.0,-0.04510994628071785
4084062464.0,-0.05583309009671211
4084999936.0,-0.06688909232616425
4085937408.0,-0.07557754963636398
4086874880.0,-0.10030507296323776
4087812608.0,-0.10542847216129303
4088750080.0,-0.10945006459951401
4089687552.0,-0.11271431297063828
4090625024.0,-0.11553732305765152
4091562496.0,-0.1171942800283432
4092499968.0,-0.11939086765050888
4093437440.0,-0.11965738236904144
4094374912.0,-0.12081644684076309
4095312384.0,-0.12072905898094177
4096250112.0,-0.1199597716331482
4097187584.0,-0.12031713128089905
4098125056.0,-0.11982309073209763
4099062528.0,-0.1197592094540596
4100000000.0,-0.12024353444576263
4100937472.0,-0.11927776783704758
4101874944.0,-0.11998552829027176
4102812416.0,-0.11888259649276733
4103749888.0,-0.11859197914600372
4104687616.0,-0.11909489333629608
4105625088.0,-0.11862063407897949
4106562560.0,-0.11719100177288055
4107500032.0,-0.11740119755268097
4108437504.0,-0.11651501059532166
4109374976.0,-0.11556343734264374
4110312448.0,-0.11498428881168365
4111249920.0,-0.11290661245584488
4112187392.0,-0.11236462742090225
4113125120.0,-0.1113409698009491
4114062592.0,-0.10944931209087372
4115000064.0,-0.10822279006242752
4115937536.0,-0.10563971102237701
4116875008.0,-0.10400843620300293
4117812480.0,-0.10089672356843948
4118749952.0,-0.09787298738956451
4119687424.0,-0.09521250426769257
4120624896.0,-0.0912584438920021
4121562624.0,-0.08727975189685822
4122500096.0,-0.08316965401172638
4123437568.0,-0.07983431220054626
4124375040.0,-0.07603266090154648
4125312512.0,-0.07298381626605988
4126249984.0,-0.06910979002714157
4127187456.0,-0.06638916581869125
4128124928.0,-0.06338654458522797
4129062400.0,-0.06084327772259712
4129999872.0,-0.05760609731078148
4130937600.0,-0.05376259610056877
4131875072.0,-0.05132221803069115
4132812544.0,-0.04936305060982704
4133750016.0,-0.049014218151569366
4134687488.0,-0.04803862050175667
4135624960.0,-0.04596569016575813
4136562432.0,-0.046096961945295334
4137499904.0,-0.04513803496956825
4138437376.0,-0.04519724100828171
4139375104.0,-0.044796548783779144
4140312576.0,-0.04520858824253082
4141250048.0,-0.044559601694345474
4142187520.0,-0.04470844566822052
4143124992.0,-0.043601956218481064
4144062464.0,-0.04371218755841255
4144999936.0,-0.0432220995426178
4145937408.0,-0.043068431317806244
4146874880.0,-0.08840751647949219
4147812608.0,-0.091108538210392
4148750080.0,-0.09205398708581924
4149687552.0,-0.0924806147813797
4150625024.0,-0.09189442545175552
4151562496.0,-0.09154590219259262
4152499968.0,-0.08920429646968842
4153437440.0,-0.08766601979732513
4154374912.0,-0.08338434249162674
4155312384.0,-0.08051644265651703
4156250112.0,-0.07533738762140274
4157187584.0,-0.06959182024002075
4158125056.0,-0.06422767788171768
4159062528.0,-0.05853857472538948
4160000000.0,-0.0532936230301857
4160937472.0,-0.04784681275486946
4161874944.0,-0.04177394136786461
4162812416.0,-0.03560789301991463
4163749888.0,-0.03201781213283539
4164687616.0,-0.026081116870045662
4165625088.0,-0.022430622950196266
4166562560.0,-0.019019566476345062
4167500032.0,-0.01593332551419735
4168437504.0,-0.013663869351148605
4169374976.0,-0.012725687585771084
4170312448.0,-0.011721174232661724
4171249920.0,-0.011993743479251862
4172187392.0,-0.012967739254236221
4173125120.0,-0.014460348524153233
4174062592.0,-0.0172512698918581
4175000064.0,-0.019983232021331787
4175937536.0,-0.022983333095908165
4176875008.0,-0.02658100798726082
4177812480.0,-0.030973762273788452
4178749952.0,-0.03501022234559059
4179687424.0,-0.03876793757081032
4180624896.0,-0.04385436698794365
4181562624.0,-0.048327453434467316
4182500096.0,-0.053678471595048904
4183437568.0,-0.058684974908828735
4184375040.0,-0.06371890753507614
4185312512.0,-0.06760838627815247
4186249984.0,-0.07297246903181076
4187187456.0,-0.07749292254447937
4188124928.0,-0.08158580958843231
4189062400.0,-0.08657684177160263
4190000128.0,-0.0882333293557167
4190937600.0,-0.09273863583803177
4191875072.0,-0.09552827477455139
4192812544.0,-0.09912843257188797
4193750016.0,-0.1025414913892746
4194687488.0,-0.1057184562087059
4195624960.0,-0.11029229313135147
4196562432.0,-0.11445239931344986
4197499904.0,-0.11842931061983109
4198437376.0,-0.12377230823040009
4199375104.0,-0.128840371966362
4200312576.0,-0.13348764181137085
4201250048.0,-0.13936002552509308
4202187520.0,-0.1446612924337387
4203124992.0,-0.14990514516830444
4204062464.0,-0.15476085245609283
4204999936.0,-0.15958085656166077
4205937408.0,-0.16494613885879517
4206874880.0,-0.15557770431041718
4207812608.0,-0.16178889572620392
4208750080.0,-0.16688941419124603
4209687552.0,-0.1718500256538391
4210625024.0,-0.17537862062454224
4211562496.0,-0.1786292940378189
4212499968.0,-0.18168942630290985
4213437440.0,-0.18117082118988037
4214374912.0,-0.18150848150253296
4215312384.0,-0.17931337654590607
4216250112.0,-0.17637458443641663
4217187584.0,-0.17238245904445648
4218125056.0,-0.1665484458208084
4219062528.0,-0.15980412065982819
4220000000.0,-0.15153010189533234
4220937472.0,-0.14121757447719574
4221874944.0,-0.13023996353149414
4222812416.0,-0.11866504698991776
4223749888.0,-0.106083944439888
4224687616.0,-0.09148874878883362
4225625088.0,-0.07623748481273651
4226562560.0,-0.060946911573410034
4227500032.0,-0.045563049614429474
4228437504.0,-0.029492409899830818
4229374976.0,-0.014483165927231312
4230312448.0,0.0027085470501333475
4231249920.0,0.01867014914751053
4232187392.0,0.03488781303167343
4233125120.0,0.04957234859466553
4234062592.0,0.06354360282421112
4235000064.0,0.07755010575056076
4235937536.0,0.08982278406620026
4236875008.0,0.10220121592283249
4237812480.0,0.11299169063568115
4238749952.0,0.12249365448951721
4239687424.0,0.13235601782798767
4240624896.0,0.1390417069196701
4241562624.0,0.1449786126613617
4242500096.0,0.148866668343544
4243437568.0,0.15154699981212616
4244375040.0,0.15216359496116638
4245312512.0,0.15247924625873566
4246249984.0,0.1508016288280487
4247187456.0,0.1467093825340271
4248124928.0,0.14113974571228027
4249062400.0,0.13519777357578278
4249999872.0,0.12629880011081696
4250937600.0,0.1161714568734169
4251875072.0,0.10386448353528976
4252812544.0,0.09044481068849564
4253750016.0,0.07559864968061447
4254687488.0,0.05910096690058708
4255624960.0,0.04205648973584175
4256562432.0,0.02372748591005802
4257499904.0,0.0051965257152915
4258437376.0,-0.01473457645624876
4259375104.0,-0.035069745033979416
4260312576.0,-0.0559602715075016
4261250048.0,-0.07726453989744186
4262187520.0,-0.0989028736948967
4263124992.0,-0.12032992392778397
4264062464.0,-0.14097483456134796
4264999936.0,-0.16144485771656036
4265937408.0,-0.1790168583393097
4266874880.0,-0.18109801411628723
4267812608.0,-0.18706738948822021
4268750080.0,-0.19356435537338257
4269687552.0,-0.1980201005935669
4270625024.0,-0.20364874601364136
4271562496.0,-0.20725871622562408
4272499968.0,-0.21068762242794037
4273437440.0,-0.2130233198404312
4274374912.0,-0.21429035067558289
4275312384.0,-0.21509705483913422
4276250112.0,-0.2127685695886612
4277187584.0,-0.20856434106826782
4278125056.0,-0.20199832320213318
4279062528.0,-0.19412226974964142
4280000000.0,-0.1845841109752655
4280937472.0,-0.17130760848522186
4281874944.0,-0.15684100985527039
4282812416.0,-0.14158833026885986
4283749888.0,-0.12449415028095245
4284687616.0,-0.10744156688451767
4285625088.0,-0.08719368278980255
4286562560.0,-0.06747782975435257
4287500032.0,-0.04623519256711006
4288437504.0,-0.023674076423048973
4289374976.0,-0.0012307767756283283
4290312448.0,0.021559452638030052
4291249920.0,0.04321432486176491
4292187392.0,0.06560131907463074
4293125120.0,0.08607054501771927
4294062592.0,0.10534284263849258
4295000064.0,0.12239536643028259
4295937536.0,0.13851512968540192
4296875008.0,0.15221992135047913
4297812480.0,0.16533325612545013
4298749952.0,0.17541757225990295
4299687424.0,0.1842191368341446
4300624896.0,0.19107383489608765
4301562368.0,0.19609148800373077
4302499840.0,0.1973545104265213
4303437312.0,0.1963300257921219
4304374784.0,0.19371770322322845
4305312256.0,0.18760725855827332
4306250240.0,0.17958785593509674
4307187712.0,0.16893413662910461
4308125184.0,0.1559188812971115
4309062656.0,0.14159893989562988
4310000128.0,0.12528173625469208
4310937600.0,0.10790052264928818
4311875072.0,0.08862911909818649
4312812544.0,0.0689937025308609
4313750016.0,0.04878191649913788
4314687488.0,0.026530832052230835
4315624960.0,0.006209745537489653
4316562432.0,-0.01398041844367981
4317499904.0,-0.03413303568959236
4318437376.0,-0.053896211087703705
4319374848.0,-0.0722537562251091
4320312320.0,-0.08993785828351974
4321249792.0,-0.10691796988248825
4322187264.0,-0.12223169952630997
4323125248.0,-0.13763460516929626
4324062720.0,-0.150678813457489
4325000192.0,-0.1613761931657791
4325937664.0,-0.17081135511398315
4326875136.0,-0.2207949161529541
4327812608.0,-0.2171860784292221
4328750080.0,-0.2129763960838318
4329687552.0,-0.20652897655963898
4330625024.0,-0.1998538225889206
4331562496.0,-0.19147033989429474
4332499968.0,-0.18295346200466156
4333437440.0,-0.17144307494163513
4334374912.0,-0.16151994466781616
4335312384.0,-0.15033505856990814
4336249856.0,-0.13841432332992554
4337187328.0,-0.12868960201740265
4338124800.0,-0.11817456036806107
4339062272.0,-0.10852548480033875
4339999744.0,-0.10137241333723068
4340937728.0,-0.09343498945236206
4341875200.0,-0.08678609877824783
4342812672.0,-0.0796302855014801
4343750144.0,-0.07362901419401169
4344687616.0,-0.06784471869468689
4345625088.0,-0.0633121058344841
4346562560.0,-0.06061775982379913
4347500032.0,-0.05701523274183273
4348437504.0,-0.05603713169693947
4349374976.0,-0.05470379441976547
4350312448.0,-0.05575128272175789
4351249920.0,-0.05740158259868622
4352187392.0,-0.058360058814287186
4353124864.0,-0.05993279442191124
4354062336.0,-0.0625426396727562
4354999808.0,-0.0646827444434166
4355937280.0,-0.06816188246011734
4356874752.0,-0.07138657569885254
4357812736.0,-0.0749443918466568
4358750208.0,-0.07879185676574707
4359687680.0,-0.08197599649429321
4360625152.0,-0.08681198209524155
4361562624.0,-0.09034382551908493
4362500096.0,-0.09461836516857147
4363437568.0,-0.09900606423616409
4364375040.0,-0.1036057099699974
4365312512.0,-0.10703019797801971
4366249984.0,-0.11140536516904831
4367187456.0,-0.11629468202590942
4368124928.0,-0.12084945291280746
4369062400.0,-0.1257847249507904
4369999872.0,-0.13055311143398285
4370937344.0,-0.1345157027244568
4371874816.0,-0.139291912317276
4372812288.0,-0.14205294847488403
4373749760.0,-0.14682637155056
4374687744.0,-0.15257303416728973
4375625216.0,-0.15819363296031952
4376562688.0,-0.16550518572330475
4377500160.0,-0.1715622991323471
4378437632.0,-0.17813780903816223
4379375104.0,-0.18499396741390228
4380312576.0,-0.1926952600479126
4381250048.0,-0.19967465102672577
4382187520.0,-0.20854295790195465
4383124992.0,-0.21707633137702942
4384062464.0,-0.22755227982997894
4384999936.0,-0.2381100058555603
4385937408.0,-0.24789546430110931
4386874880.0,-0.31306707859039307
4387812352.0,-0.3204781711101532
4388749824.0,-0.3262311816215515
4389687296.0,-0.3293333351612091
4390624768.0,-0.3316507637500763
4391562752.0,-0.3321572244167328
4392500224.0,-0.32975801825523376
4393437696.0,-0.3271186351776123
4394375168.0,-0.3215644061565399
4395312640.0,-0.31525418162345886
4396250112.0,-0.308133065700531
4397187584.0,-0.29884767532348633
4398125056.0,-0.2885572612285614
4399062528.0,-0.27694788575172424
4400000000.0,-0.2630869746208191
4400937472.0,-0.24871361255645752
4401874944.0,-0.23403649032115936
4402812416.0,-0.21782803535461426
4403749888.0,-0.20125998556613922
4404687360.0,-0.18352456390857697
4405624832.0,-0.16566099226474762
4406562304.0,-0.14900296926498413
4407499776.0,-0.13263322412967682
4408437248.0,-0.11543668806552887
4409375232.0,-0.09844504296779633
4410312704.0,-0.0830308347940445
4411250176.0,-0.0685722753405571
4412187648.0,-0.056697141379117966
4413125120.0,-0.045096829533576965
4414062592.0,-0.035562384873628616
4415000064.0,-0.027418427169322968
4415937536.0,-0.02143038809299469
4416875008.0,-0.018390540033578873
4417812480.0,-0.017594920471310616
4418749952.0,-0.019303414970636368
4419687424.0,-0.022957129403948784
4420624896.0,-0.028403377160429955
4421562368.0,-0.037209466099739075
4422499840.0,-0.04698880389332771
4423437312.0,-0.060087718069553375
4424374784.0,-0.07325812429189682
4425312256.0,-0.08877883851528168
4426250240.0,-0.10703276842832565
4427187712.0,-0.12629355490207672
4428125184.0,-0.14632688462734222
4429062656.0,-0.16794145107269287
4430000128.0,-0.1894545555114746
4430937600.0,-0.21340031921863556
4431875072.0,-0.23661260306835175
4432812544.0,-0.26074084639549255
4433750016.0,-0.2838374972343445
4434687488.0,-0.3066266179084778
4435624960.0,-0.3288504183292389
4436562432.0,-0.3511902987957001
4437499904.0,-0.37205320596694946
4438437376.0,-0.3933083713054657
4439374848.0,-0.41170090436935425
4440312320.0,-0.429375022649765
4441249792.0,-0.44617560505867004
4442187264.0,-0.460514634847641
4443125248.0,-0.47337260842323303
4444062720.0,-0.48462024331092834
4445000192.0,-0.4916454255580902
4445937664.0,-0.4980677366256714
4446875136.0,-0.506210446357727
4447812608.0,-0.5106813311576843
4448750080.0,-0.5147210955619812
4449687552.0,-0.5169874429702759
4450625024.0,-0.5178738832473755
4451562496.0,-0.5170591473579407
4452499968.0,-0.513164758682251
4453437440.0,-0.50778728723526
4454374912.0,-0.5015639066696167
4455312384.0,-0.4924066960811615
4456249856.0,-0.4832973778247833
4457187328.0,-0.4711156487464905
4458124800.0,-0.4581882953643799
4459062272.0,-0.4440872073173523
4460000256.0,-0.42934611439704895
4460937728.0,-0.4133276343345642
4461875200.0,-0.39757829904556274
4462812672.0,-0.38133883476257324
4463750144.0,-0.36541739106178284
4464687616.0,-0.34904924035072327
4465625088.0,-0.33319535851478577
4466562560.0,-0.31965771317481995
4467500032.0,-0.3053889870643616
4468437504.0,-0.29235154390335083
4469374976.0,-0.2798974812030792
4470312448.0,-0.2692677080631256
4471249920.0,-0.2595492899417877
4472187392.0,-0.2529141902923584
4473124864.0,-0.2463383972644806
4474062336.0,-0.24235060811042786
4474999808.0,-0.240333691239357
4475937280.0,-0.23992574214935303
4476874752.0,-0.24070701003074646
4477812736.0,-0.24456270039081573
4478750208.0,-0.25002366304397583
4479687680.0,-0.25731515884399414
4480625152.0,-0.266438364982605
4481562624.0,-0.27879923582077026
4482500096.0,-0.2923252582550049
4483437568.0,-0.30802205204963684
4484375040.0,-0.325935423374176
4485312512.0,-0.3461724519729614
4486249984.0,-0.36971649527549744
4487187456.0,-0.3929964303970337
4488124928.0,-0.4175838530063629
4489062400.0,-0.44527778029441833
4489999872.0,-0.47256335616111755
4490937344.0,-0.49968719482421875
4491874816.0,-0.528872549533844
4492812288.0,-0.5591369867324829
4493749760.0,-0.5900386571884155
4494687744.0,-0.6213762164115906
4495625216.0,-0.6528408527374268
4496562688.0,-0.6837273836135864
4497500160.0,-0.7152833938598633
4498437632.0,-0.7445693016052246
4499375104.0,-0.7739304304122925
4500312576.0,-0.7995060086250305
4501250048.0,-0.8264701962471008
4502187520.0,-0.8498976826667786
4503124992.0,-0.8730060458183289
4504062464.0,-0.8921886086463928
4504999936.0,-0.9103724360466003
4505937408.0,-0.9261037111282349
4506874880.0,-0.8890504837036133
4507812352.0,-0.9019303321838379
4508749824.0,-0.9117050170898438
4509687296.0,-0.9199469089508057
4510624768.0,-0.9248916506767273
4511562752.0,-0.9255445003509521
4512500224.0,-0.9233824014663696
4513437696.0,-0.9194307923316956
4514375168.0,-0.9136773943901062
4515312640.0,-0.9041187167167664
4516250112.0,-0.8933528661727905
4517187584.0,-0.8816800117492676
4518125056.0,-0.870017409324646
4519062528.0,-0.8563764095306396
4520000000.0,-0.842488706111908
4520937472.0,-0.8298664689064026
4521874944.0,-0.8160609006881714
4522812416.0,-0.8042935729026794
4523749888.0,-0.7923499345779419
4524687360.0,-0.7799385190010071
4525624832.0,-0.7689101696014404
4526562304.0,-0.7592989206314087
4527499776.0,-0.7502192854881287
4528437248.0,-0.7404971718788147
4529375232.0,-0.7339456677436829
4530312704.0,-0.7300792932510376
4531250176.0,-0.7286633849143982
4532187648.0,-0.7291361093521118
4533125120.0,-0.734580934047699
4534062592.0,-0.7442007064819336
4535000064.0,-0.7557851672172546
4535937536.0,-0.7708006501197815
4536875008.0,-0.7890605926513672
4537812480.0,-0.8096436858177185
4538749952.0,-0.8346765041351318
4539687424.0,-0.8640008568763733
4540624896.0,-0.8944685459136963
4541562368.0,-0.9292487502098083
4542499840.0,-0.9680995345115662
4543437312.0,-1.008360743522644
4544374784.0,-1.0522762537002563
4545312256.0,-1.099683165550232
4546250240.0,-1.151015281677246
4547187712.0,-1.203905463218689
4548125184.0,-1.2618532180786133
4549062656.0,-1.3192514181137085
4550000128.0,-1.3805327415466309
4550937600.0,-1.4456536769866943
4551875072.0,-1.511030912399292
4552812544.0,-1.5799775123596191
4553750016.0,-1.6493971347808838
4554687488.0,-1.7215981483459473
4555624960.0,-1.7915899753570557
4556562432.0,-1.8626513481140137
4557499904.0,-1.9293774366378784
4558437376.0,-1.996498942375183
4559374848.0,-2.063086748123169
4560312320.0,-2.1304006576538086
4561249792.0,-2.197438955307007
4562187264.0,-2.263735055923462
4563125248.0,-2.327018976211548
4564062720.0,-2.388343334197998
4565000192.0,-2.446258544921875
4565937664.0,-2.5055975914001465
4566875136.0,-2.3589401245117188
4567812608.0,-2.3919425010681152
4568750080.0,-2.4213860034942627
4569687552.0,-2.451061487197876
4570625024.0,-2.4815797805786133
4571562496.0,-2.511824607849121
4572499968.0,-2.5405495166778564
4573437440.0,-2.567019462585449
4574374912.0,-2.590463399887085
4575312384.0,-2.6145083904266357
4576249856.0,-2.6400413513183594
4577187328.0,-2.6693942546844482
4578124800.0,-2.7016820907592773
4579062272.0,-2.7363815307617188
4579999744.0,-2.773519515991211
4580937728.0,-2.810685396194458
4581875200.0,-2.849461317062378
4582812672.0,-2.8872854709625244
4583750144.0,-2.9251444339752197
4584687616.0,-2.9654877185821533
4585625088.0,-3.0067286491394043
4586562560.0,-3.0489251613616943
4587500032.0,-3.0914344787597656
4588437504.0,-3.1308419704437256
4589374976.0,-3.1694443225860596
4590312448.0,-3.2071335315704346
4591249920.0,-3.2476842403411865
4592187392.0,-3.2883193492889404
4593124864.0,-3.331699848175049
4594062336.0,-3.3785102367401123
4594999808.0,-3.428061008453369
4595937280.0,-3.4808943271636963
4596874752.0,-3.534294366836548
4597812736.0,-3.5881247520446777
4598750208.0,-3.640981435775757
4599687680.0,-3.695099353790283
4600625152.0,-3.7497739791870117
4601562624.0,-3.8076894283294678
4602500096.0,-3.862212896347046
4603437568.0,-3.91691255569458
4604375040.0,-3.9675776958465576
4605312512.0,-4.019374847412109
4606249984.0,-4.06758451461792
4607187456.0,-4.115946292877197
4608124928.0,-4.1660003662109375
4609062400.0,-4.21554708480835
4609999872.0,-4.264937400817871
4610937344.0,-4.3081889152526855
4611874816.0,-4.344564914703369
4612812288.0,-4.375319957733154
4613749760.0,-4.400019645690918
4614687744.0,-4.424100399017334
4615625216.0,-4.444119930267334
4616562688.0,-4.461153507232666
4617500160.0,-4.473971366882324
4618437632.0,-4.4822258949279785
4619375104.0,-4.486693382263184
4620312576.0,-4.48850154876709
4621250048.0,-4.491021156311035
4622187520.0,-4.492733001708984
4623124992.0,-4.493127346038818
4624062464.0,-4.492945194244385
4624999936.0,-4.490908145904541
4625937408.0,-4.485720157623291
4626874880.0,-4.63735294342041
4627812352.0,-4.60113525390625
4628749824.0,-4.558136463165283
4629687296.0,-4.505435466766357
4630624768.0,-4.446229457855225
4631562752.0,-4.376738548278809
4632500224.0,-4.300623416900635
4633437696.0,-4.220182418823242
4634375168.0,-4.13055419921875
4635312640.0,-4.0406494140625
4636250112.0,-3.9452884197235107
4637187584.0,-3.8465139865875244
4638125056.0,-3.744310140609741
4639062528.0,-3.638084888458252
4640000000.0,-3.529128074645996
4640937472.0,-3.418726682662964
4641874944.0,-3.304121494293213
4642812416.0,-3.19033145904541
4643749888.0,-3.075331211090088
4644687360.0,-2.9604954719543457
4645624832.0,-2.847795248031616
4646562304.0,-2.7336952686309814
4647499776.0,-2.623896360397339
4648437248.0,-2.5178425312042236
4649375232.0,-2.416024684906006
4650312704.0,-2.320007801055908
4651250176.0,-2.226083755493164
4652187648.0,-2.1363978385925293
4653125120.0,-2.0499608516693115
4654062592.0,-1.9681771993637085
4655000064.0,-1.8905709981918335
4655937536.0,-1.8183258771896362
4656875008.0,-1.7528457641601562
4657812480.0,-1.6925972700119019
4658749952.0,-1.636864185333252
4659687424.0,-1.5863239765167236
4660624896.0,-1.5421338081359863
4661562368.0,-1.502496361732483
4662499840.0,-1.4679741859436035
4663437312.0,-1.4385199546813965
4664374784.0,-1.411695122718811
4665312256.0,-1.3870199918746948
4666250240.0,-1.3652405738830566
4667187712.0,-1.34568190574646
4668125184.0,-1.3272277116775513
4669062656.0,-1.3106046915054321
4670000128.0,-1.2971179485321045
4670937600.0,-1.2866082191467285
4671875072.0,-1.2786797285079956
4672812544.0,-1.270972728729248
4673750016.0,-1.2639625072479248
4674687488.0,-1.2568843364715576
4675624960.0,-1.249744176864624
4676562432.0,-1.2424348592758179
4677499904.0,-1.2325235605239868
4678437376.0,-1.2222150564193726
4679374848.0,-1.2113169431686401
4680312320.0,-1.1975609064102173
4681249792.0,-1.1827855110168457
4682187264.0,-1.1659435033798218
4683125248.0,-1.1491605043411255
4684062720.0,-1.1289387941360474
4685000192.0,-1.1083441972732544
4685937664.0,-1.0843613147735596
4686875136.0,-1.0839588642120361
4687812608.0,-1.0578029155731201
4688750080.0,-1.0303089618682861
4689687552.0,-1.0015761852264404
4690625024.0,-0.9737234711647034
4691562496.0,-0.944678544998169
4692499968.0,-0.9131799936294556
4693437440.0,-0.8822404146194458
4694374912.0,-0.8488345742225647
4695312384.0,-0.8155345320701599
4696249856.0,-0.7813259959220886
4697187328.0,-0.7477498650550842
4698124800.0,-0.7134634852409363
4699062272.0,-0.6798326969146729
4700000256.0,-0.6454809308052063
4700937728.0,-0.6134324669837952
4701875200.0,-0.580627977848053
4702812672.0,-0.5491544008255005
4703750144.0,-0.5189664363861084
4704687616.0,-0.49092236161231995
4705625088.0,-0.46290841698646545
4706562560.0,-0.43746352195739746
4707500032.0,-0.41215404868125916
4708437504.0,-0.3886772096157074
4709374976.0,-0.3666065037250519
4710312448.0,-0.34586769342422485
4711249920.0,-0.3268194794654846
4712187392.0,-0.31036636233329773
4713124864.0,-0.2951095998287201
4714062336.0,-0.28179705142974854
4714999808.0,-0.27152183651924133
4715937280.0,-0.26204630732536316
4716874752.0,-0.2548336982727051
4717812736.0,-0.2503741383552551
4718750208.0,-0.24704445898532867
4719687680.0,-0.2468779981136322
4720625152.0,-0.24706943333148956
4721562624.0,-0.24871981143951416
4722500096.0,-0.25321164727211
4723437568.0,-0.2595614194869995
4724375040.0,-0.267833411693573
4725312512.0,-0.27750930190086365
4726249984.0,-0.287429541349411
4727187456.0,-0.2993629276752472
4728124928.0,-0.31313493847846985
4729062400.0,-0.32794085144996643
4729999872.0,-0.3439202606678009
4730937344.0,-0.36050230264663696
4731874816.0,-0.3772594630718231
4732812288.0,-0.3951357305049896
4733749760.0,-0.41154494881629944
4734687744.0,-0.42921361327171326
4735625216.0,-0.4468742907047272
4736562688.0,-0.4638836681842804
4737500160.0,-0.4808458685874939
4738437632.0,-0.4966489374637604
4739375104.0,-0.5130217671394348
4740312576.0,-0.5269826054573059
4741250048.0,-0.5413737893104553
4742187520.0,-0.5546789169311523
4743124992.0,-0.5661759376525879
4744062464.0,-0.5759547352790833
4744999936.0,-0.5845194458961487
4745937408.0,-0.5903902053833008
4746874880.0,-0.4028357267379761
4747812352.0,-0.4012076258659363
4748749824.0,-0.3986159563064575
4749687296.0,-0.39602598547935486
4750624768.0,-0.39276716113090515
4751562752.0,-0.3902050852775574
4752500224.0,-0.38731274008750916
4753437696.0,-0.38261324167251587
4754375168.0,-0.3786246180534363
4755312640.0,-0.37401777505874634
4756250112.0,-0.36850985884666443
4757187584.0,-0.3619517683982849
4758125056.0,-0.3561214506626129
4759062528.0,-0.34890279173851013
4760000000.0,-0.3421323895454407
4760937472.0,-0.33431747555732727
4761874944.0,-0.32491210103034973
4762812416.0,-0.3154008686542511
4763749888.0,-0.30582281947135925
4764687360.0,-0.2961132228374481
4765624832.0,-0.2854929566383362
4766562304.0,-0.27356305718421936
4767499776.0,-0.26192227005958557
4768437248.0,-0.2512626349925995
4769375232.0,-0.238668292760849
4770312704.0,-0.22548535466194153
4771250176.0,-0.21164606511592865
4772187648.0,-0.19764889776706696
4773125120.0,-0.18186289072036743
4774062592.0,-0.16550882160663605
4775000064.0,-0.14860552549362183
4775937536.0,-0.1305416375398636
4776875008.0,-0.11261804401874542
4777812480.0,-0.09291347116231918
4778749952.0,-0.07411859929561615
4779687424.0,-0.055065613240003586
4780624896.0,-0.0369873121380806
4781562368.0,-0.01685178093612194
4782499840.0,0.0018757962388917804
4783437312.0,0.021994533017277718
4784374784.0,0.04073213413357735
4785312256.0,0.05927078053355217
4786250240.0,0.0775742307305336
4787187712.0,0.09552891552448273
4788125184.0,0.1120200827717781
4789062656.0,0.12683838605880737
4790000128.0,0.14138038456439972
4790937600.0,0.15263180434703827
4791875072.0,0.16403108835220337
4792812544.0,0.17305922508239746
4793750016.0,0.17860805988311768
4794687488.0,0.18350647389888763
4795624960.0,0.18602922558784485
4796562432.0,0.1860239952802658
4797499904.0,0.18450909852981567
4798437376.0,0.1794690191745758
4799374848.0,0.1722446084022522
4800312320.0,0.16337700188159943
4801249792.0,0.15103121101856232
4802187264.0,0.13701392710208893
4803125248.0,0.11986274272203445
4804062720.0,0.10130922496318817
4805000192.0,0.08056773245334625
4805937664.0,0.058769237250089645
4806875136.0,-0.20347413420677185
4807812608.0,-0.20658870041370392
4808750080.0,-0.21147045493125916
4809687552.0,-0.21436044573783875
4810625024.0,-0.21811608970165253
4811562496.0,-0.22141747176647186
4812499968.0,-0.2242414951324463
4813437440.0,-0.22641350328922272
4814374912.0,-0.22817814350128174
4815312384.0,-0.22937938570976257
4816249856.0,-0.2306765764951706
4817187328.0,-0.22967736423015594
4818124800.0,-0.22979271411895752
4819062272.0,-0.22769103944301605
4819999744.0,-0.22540119290351868
4820937728.0,-0.22266924381256104
4821875200.0,-0.21869498491287231
4822812672.0,-0.21386539936065674
4823750144.0,-0.20799274742603302
4824687616.0,-0.20269106328487396
4825625088.0,-0.19411596655845642
4826562560.0,-0.186733216047287
4827500032.0,-0.17779980599880219
4828437504.0,-0.16816210746765137
4829374976.0,-0.15821804106235504
4830312448.0,-0.14703655242919922
4831249920.0,-0.1369124948978424
4832187392.0,-0.12704485654830933
4833124864.0,-0.11557275801897049
4834062336.0,-0.10511498898267746
4834999808.0,-0.0957314521074295
4835937280.0,-0.08645978569984436
4836874752.0,-0.07708695530891418
4837812736.0,-0.06777375191450119
4838750208.0,-0.06028704345226288
4839687680.0,-0.054407618939876556
4840625152.0,-0.04897129535675049
4841562624.0,-0.04648477956652641
4842500096.0,-0.04428523778915405
4843437568.0,-0.04365238547325134
4844375040.0,-0.04453203082084656
4845312512.0,-0.04673553258180618
4846249984.0,-0.0521315336227417
4847187456.0,-0.058065496385097504
4848124928.0,-0.06469352543354034
4849062400.0,-0.0739748403429985
4849999872.0,-0.0827399417757988
4850937344.0,-0.09435133635997772
4851874816.0,-0.10670271515846252
4852812288.0,-0.1199212372303009
4853749760.0,-0.134247824549675
4854687744.0,-0.14941255748271942
4855625216.0,-0.16401194036006927
4856562688.0,-0.17952217161655426
4857500160.0,-0.19497807323932648
4858437632.0,-0.21001163125038147
4859375104.0,-0.22567367553710938
4860312576.0,-0.2392141968011856
4861250048.0,-0.25286662578582764
4862187520.0,-0.2656867802143097
4863124992.0,-0.2764732539653778
4864062464.0,-0.28644001483917236
4864999936.0,-0.2957603931427002
4865937408.0,-0.302315890789032
4866874880.0,-0.2850739657878876
4867812352.0,-0.29183438420295715
4868749824.0,-0.29729264974594116
4869687296.0,-0.3022533059120178
4870624768.0,-0.3064180612564087
4871562752.0,-0.30724036693573
4872500224.0,-0.310004860162735
4873437696.0,-0.3110347092151642
4874375168.0,-0.31107839941978455
4875312640.0,-0.3091679811477661
4876250112.0,-0.3067784011363983
4877187584.0,-0.30232441425323486
4878125056.0,-0.29730716347694397
4879062528.0,-0.2915586829185486
4880000000.0,-0.28387710452079773
4880937472.0,-0.27725356817245483
4881874944.0,-0.2674257755279541
4882812416.0,-0.25844666361808777
4883749888.0,-0.24811378121376038
4884687360.0,-0.2370070368051529
4885624832.0,-0.22560566663742065
4886562304.0,-0.2128196358680725
4887499776.0,-0.20046870410442352
4888437248.0,-0.18726347386837006
4889375232.0,-0.1729223132133484
4890312704.0,-0.15942928194999695
4891250176.0,-0.146270290017128
4892187648.0,-0.13238301873207092
4893125120.0,-0.11751051992177963
4894062592.0,-0.10422410070896149
4895000064.0,-0.09081955999135971
4895937536.0,-0.07561519742012024
4896875008.0,-0.06218857690691948
4897812480.0,-0.048587650060653687
4898749952.0,-0.035769879817962646
4899687424.0,-0.025223679840564728
4900624896.0,-0.014148104935884476
4901562368.0,-0.004136072471737862
4902499840.0,0.005348059814423323
4903437312.0,0.0136283989995718
4904374784.0,0.020336933434009552
4905312256.0,0.025438545271754265
4906250240.0,0.03066076710820198
4907187712.0,0.03257015720009804
4908125184.0,0.03550441563129425
4909062656.0,0.03558392450213432
4910000128.0,0.03367383033037186
4910937600.0,0.03162776678800583
4911875072.0,0.02802600897848606
4912812544.0,0.023753415793180466
4913750016.0,0.019244201481342316
4914687488.0,0.012371180579066277
4915624960.0,0.0037815917748957872
4916562432.0,-0.004592372104525566
4917499904.0,-0.014692992903292179
4918437376.0,-0.02448127605021
4919374848.0,-0.03536384925246239
4920312320.0,-0.04696780443191528
4921249792.0,-0.058677442371845245
4922187264.0,-0.06991564482450485
4923125248.0,-0.08377328515052795
4924062720.0,-0.09564899653196335
4925000192.0,-0.108624167740345
4925937664.0,-0.16043174266815186
4926875136.0,-0.1616949588060379
4927812608.0,-0.1629459261894226
4928750080.0,-0.1627359539270401
4929687552.0,-0.16284902393817902
4930625024.0,-0.1634216159582138
4931562496.0,-0.16197341680526733
4932499968.0,-0.16205604374408722
4933437440.0,-0.16080504655838013
4934374912.0,-0.1602873057126999
4935312384.0,-0.15856815874576569
4936249856.0,-0.1557023525238037
4937187328.0,-0.1520097553730011
4938124800.0,-0.14856334030628204
4939062272.0,-0.1442243605852127
4940000256.0,-0.1393296718597412
4940937728.0,-0.1336245983839035
4941875200.0,-0.12782905995845795
4942812672.0,-0.12138105928897858
4943750144.0,-0.11409837007522583
4944687616.0,-0.10646174848079681
4945625088.0,-0.09749618172645569
4946562560.0,-0.08839879184961319
4947500032.0,-0.07847017049789429
4948437504.0,-0.06801879405975342
4949374976.0,-0.05891808122396469
4950312448.0,-0.04710851609706879
4951249920.0,-0.0368429496884346
4952187392.0,-0.027735503390431404
4953124864.0,-0.01651003398001194
4954062336.0,-0.006768583320081234
4954999808.0,0.003204566426575184
4955937280.0,0.012707395479083061
4956874752.0,0.022057747468352318
4957812736.0,0.030813878402113914
4958750208.0,0.03737964108586311
4959687680.0,0.04460524022579193
4960625152.0,0.05115441977977753
4961562624.0,0.05739303305745125
4962500096.0,0.060789480805397034
4963437568.0,0.06438961625099182
4964375040.0,0.066791832447052
4965312512.0,0.06693968921899796
4966249984.0,0.06871160119771957
4967187456.0,0.0671885535120964
4968124928.0,0.06569395959377289
4969062400.0,0.062034234404563904
4969999872.0,0.05783781781792641
4970937344.0,0.052919741719961166
4971874816.0,0.04716961085796356
4972812288.0,0.04083087295293808
4973749760.0,0.03389783203601837
4974687744.0,0.027174845337867737
4975625216.0,0.017548630014061928
4976562688.0,0.009257824160158634
4977500160.0,0.00013952009612694383
4978437632.0,-0.008496049791574478
4979375104.0,-0.018757866695523262
4980312576.0,-0.027634499594569206
4981250048.0,-0.03531854599714279
4982187520.0,-0.044353339821100235
4983124992.0,-0.05309223011136055
4984062464.0,-0.061511147767305374
4984999936.0,-0.06875666230916977
4985937408.0,-0.11092819273471832
4986874880.0,-0.12015572190284729
4987812352.0,-0.12832842767238617
4988749824.0,-0.1353512853384018
4989687296.0,-0.14110822975635529
4990624768.0,-0.1456562727689743
4991562752.0,-0.1493556797504425
4992500224.0,-0.15122586488723755
4993437696.0,-0.15245161950588226
4994375168.0,-0.15309873223304749
4995312640.0,-0.15139789879322052
4996250112.0,-0.14971107244491577
4997187584.0,-0.14624416828155518
4998125056.0,-0.1425422877073288
4999062528.0,-0.13717679679393768
5000000000.0,-0.13131970167160034
5000937472.0,-0.12343059480190277
5001874944.0,-0.11570581048727036
5002812416.0,-0.10787520557641983
5003749888.0,-0.0987665131688118
5004687360.0,-0.08910833299160004
5005624832.0,-0.07908077538013458
5006562304.0,-0.06943552941083908
5007499776.0,-0.058166079223155975
5008437248.0,-0.0475960336625576
5009375232.0,-0.03716767206788063
5010312704.0,-0.027044065296649933
5011250176.0,-0.01723361946642399
5012187648.0,-0.00753997266292572
5013125120.0,0.0021887102629989386
5014062592.0,0.012075106613337994
5015000064.0,0.020384417846798897
5015937536.0,0.028153635561466217
5016875008.0,0.036164458841085434
5017812480.0,0.04299656301736832
5018749952.0,0.04927312582731247
5019687424.0,0.05461733043193817
5020624896.0,0.059130311012268066
5021562368.0,0.06170067936182022
5022499840.0,0.0646401047706604
5023437312.0,0.06623024493455887
5024374784.0,0.0673244372010231
5025312256.0,0.06813713163137436
5026250240.0,0.0664067491889
5027187712.0,0.06459647417068481
5028125184.0,0.06306770443916321
5029062656.0,0.0602966733276844
5030000128.0,0.05680348724126816
5030937600.0,0.05346480756998062
5031875072.0,0.04916877672076225
5032812544.0,0.043826159089803696
5033750016.0,0.0388854444026947
5034687488.0,0.03279555216431618
5035624960.0,0.02645246312022209
5036562432.0,0.01898960955440998
5037499904.0,0.01203333493322134
5038437376.0,0.004754326771944761
5039374848.0,-0.002449460793286562
5040312320.0,-0.009603534825146198
5041249792.0,-0.017086192965507507
5042187264.0,-0.024668706580996513
5043125248.0,-0.031795572489500046
5044062720.0,-0.03929503634572029
5045000192.0,-0.047583334147930145
5045937664.0,-0.06418786197900772
5046875136.0,-0.0729719027876854
5047812608.0,-0.08123779296875
5048750080.0,-0.08823125064373016
5049687552.0,-0.09501249343156815
5050625024.0,-0.10247288644313812
5051562496.0,-0.10788817703723907
5052499968.0,-0.11343984305858612
5053437440.0,-0.11752613633871078
5054374912.0,-0.12240271270275116
5055312384.0,-0.12556344270706177
5056249856.0,-0.12875844538211823
5057187328.0,-0.13045239448547363
5058124800.0,-0.1329030692577362
5059062272.0,-0.13390809297561646
5059999744.0,-0.13370229303836823
5060937728.0,-0.1334972232580185
5061875200.0,-0.1317320168018341
5062812672.0,-0.12954898178577423
5063750144.0,-0.12879592180252075
5064687616.0,-0.12534502148628235
5065625088.0,-0.12242109328508377
5066562560.0,-0.118290975689888
5067500032.0,-0.11355020105838776
5068437504.0,-0.10856860131025314
5069374976.0,-0.1034071072936058
5070312448.0,-0.09763212502002716
5071249920.0,-0.0916605070233345
5072187392.0,-0.0855129137635231
5073124864.0,-0.07954643666744232
5074062336.0,-0.07278779149055481
5074999808.0,-0.06633619964122772
5075937280.0,-0.06021462380886078
5076874752.0,-0.053832948207855225
5077812736.0,-0.04752779006958008
5078750208.0,-0.041318509727716446
5079687680.0,-0.035085827112197876
5080625152.0,-0.029591089114546776
5081562624.0,-0.024858003482222557
5082500096.0,-0.01950414665043354
5083437568.0,-0.01619156263768673
5084375040.0,-0.012174795381724834
5085312512.0,-0.008646211586892605
5086249984.0,-0.007075421512126923
5087187456.0,-0.0041959527879953384
5088124928.0,-0.00329008512198925
5089062400.0,-0.0013883586507290602
5089999872.0,-0.0008703276398591697
5090937344.0,-0.0002462371776346117
5091874816.0,-0.0015727931167930365
5092812288.0,-0.0016372365644201636
5093749760.0,-0.002897805068641901
5094687744.0,-0.004305465612560511
5095625216.0,-0.006987227126955986
5096562688.0,-0.009911146946251392
5097500160.0,-0.012468007393181324
5098437632.0,-0.015464394353330135
5099375104.0,-0.01908222772181034
5100312576.0,-0.022479813545942307
5101250048.0,-0.02677462249994278
5102187520.0,-0.03079531155526638
5103124992.0,-0.0352012999355793
5104062464.0,-0.03991411253809929
5104999936.0,-0.04401303827762604
5105937408.0,-0.11822526156902313
5106874880.0,-0.12339679151773453
5107812352.0,-0.12715399265289307
5108749824.0,-0.1308329552412033
5109687296.0,-0.13389764726161957
5110624768.0,-0.134652242064476
5111562752.0,-0.13464803993701935
5112500224.0,-0.13483552634716034
5113437696.0,-0.1344527155160904
5114375168.0,-0.13304907083511353
5115312640.0,-0.13125689327716827
5116250112.0,-0.12887287139892578
5117187584.0,-0.12596452236175537
5118125056.0,-0.1231313943862915
5119062528.0,-0.1191028505563736
5120000000.0,-0.11482124775648117
5120937472.0,-0.109436996281147
5121874944.0,-0.10408975929021835
5122812416.0,-0.09811143577098846
5123749888.0,-0.09372203797101974
5124687360.0,-0.08706454932689667
5125624832.0,-0.0815233439207077
5126562304.0,-0.07576148957014084
5127499776.0,-0.07014116644859314
5128437248.0,-0.06457208096981049
5129375232.0,-0.0594790019094944
5130312704.0,-0.05364321544766426
5131250176.0,-0.04712582379579544
5132187648.0,-0.042259544134140015
5133125120.0,-0.0361538827419281
5134062592.0,-0.031362153589725494
5135000064.0,-0.027666233479976654
5135937536.0,-0.024708423763513565
5136875008.0,-0.021169045940041542
5137812480.0,-0.018894901499152184
5138749952.0,-0.01756623573601246
5139687424.0,-0.016249623149633408
5140624896.0,-0.014417474158108234
5141562368.0,-0.014366928488016129
5142499840.0,-0.01418501790612936
5143437312.0,-0.015907585620880127
5144374784.0,-0.016508707776665688
5145312256.0,-0.0200274046510458
5146250240.0,-0.02247796207666397
5147187712.0,-0.026093769818544388
5148125184.0,-0.030149640515446663
5149062656.0,-0.03545010834932327
5150000128.0,-0.041474081575870514
5150937600.0,-0.046529851853847504
5151875072.0,-0.053313713520765305
5152812544.0,-0.05973067879676819
5153750016.0,-0.06647658348083496
5154687488.0,-0.07279852032661438
5155624960.0,-0.08063195645809174
5156562432.0,-0.08837848156690598
5157499904.0,-0.096579909324646
5158437376.0,-0.10528108477592468
5159374848.0,-0.1142113134264946
5160312320.0,-0.12252149730920792
5161249792.0,-0.13207203149795532
5162187264.0,-0.14134244620800018
5163125248.0,-0.15107199549674988
5164062720.0,-0.16088230907917023
5165000192.0,-0.17136889696121216
5165937664.0,-0.17164012789726257
5166875136.0,-0.18432700634002686
5167812608.0,-0.19539396464824677
5168750080.0,-0.2069215029478073
5169687552.0,-0.21485425531864166
5170625024.0,-0.2226671278476715
5171562496.0,-0.22887484729290009
5172499968.0,-0.232757106423378
5173437440.0,-0.23622970283031464
5174374912.0,-0.23697087168693542
5175312384.0,-0.23693302273750305
5176249856.0,-0.23527395725250244
5177187328.0,-0.23311901092529297
5178124800.0,-0.22918853163719177
5179062272.0,-0.22387857735157013
5180000256.0,-0.21818505227565765
5180937728.0,-0.21012285351753235
5181875200.0,-0.20189692080020905
5182812672.0,-0.1933399736881256
5183750144.0,-0.1815698891878128
5184687616.0,-0.17062567174434662
5185625088.0,-0.15880577266216278
5186562560.0,-0.1465928703546524
5187500032.0,-0.13410058617591858
5188437504.0,-0.12031561881303787
5189374976.0,-0.10632643848657608
5190312448.0,-0.09323035180568695
5191249920.0,-0.07933726906776428
5192187392.0,-0.06567706167697906
5193124864.0,-0.05231994017958641
5194062336.0,-0.03943563997745514
5194999808.0,-0.02660844661295414
5195937280.0,-0.014186395332217216
5196874752.0,-0.002498367102816701
5197812736.0,0.007694356143474579
5198750208.0,0.017678549513220787
5199687680.0,0.026049800217151642
5200625152.0,0.033584266901016235
5201562624.0,0.04172409325838089
5202500096.0,0.04786331206560135
5203437568.0,0.052024684846401215
5204375040.0,0.055278047919273376
5205312512.0,0.05780438333749771
5206249984.0,0.05861615389585495
5207187456.0,0.05860335752367973
5208124928.0,0.05628952756524086
5209062400.0,0.05307643860578537
5209999872.0,0.0489141084253788
5210937344.0,0.042732350528240204
5211874816.0,0.0346483439207077
5212812288.0,0.02668946236371994
5213749760.0,0.017942465841770172
5214687744.0,0.005731421988457441
5215625216.0,-0.006813502870500088
5216562688.0,-0.020242324098944664
5217500160.0,-0.035286396741867065
5218437632.0,-0.05107560753822327
5219375104.0,-0.06745970249176025
5220312576.0,-0.08412019163370132
5221250048.0,-0.10152632743120193
5222187520.0,-0.12010345607995987
5223124992.0,-0.1369703859090805
5224062464.0,-0.15429562330245972
5224999936.0,-0.1720757931470871
5225937408.0,-0.18187512457370758
5226874880.0,-0.1977914422750473
5227812352.0,-0.2112993746995926
5228749824.0,-0.22347521781921387
5229687296.0,-0.23657728731632233
5230624768.0,-0.2465371936559677
5231562752.0,-0.2555902600288391
5232500224.0,-0.26387959718704224
5233437696.0,-0.2678607106208801
5234375168.0,-0.27050238847732544
5235312640.0,-0.2723744809627533
5236250112.0,-0.2708910405635834
5237187584.0,-0.2683883607387543
5238125056.0,-0.2639564871788025
5239062528.0,-0.2576015293598175
5240000000.0,-0.24901150166988373
5240937472.0,-0.2387406975030899
5241874944.0,-0.22820739448070526
5242812416.0,-0.21474841237068176
5243749888.0,-0.20119182765483856
5244687360.0,-0.1866399496793747
5245624832.0,-0.17090648412704468
5246562304.0,-0.15501442551612854
5247499776.0,-0.13746172189712524
5248437248.0,-0.12004247307777405
5249375232.0,-0.1024153083562851
5250312704.0,-0.08488944172859192
5251250176.0,-0.0664607584476471
5252187648.0,-0.04947153106331825
5253125120.0,-0.0328122116625309
5254062592.0,-0.01540354359894991
5255000064.0,0.0002957965771201998
5255937536.0,0.014594567939639091
5256875008.0,0.02771725505590439
5257812480.0,0.03930000960826874
5258749952.0,0.049851883202791214
5259687424.0,0.058998435735702515
5260624896.0,0.06570426374673843
5261562368.0,0.07187218219041824
5262499840.0,0.07607799023389816
5263437312.0,0.07890376448631287
5264374784.0,0.07961049675941467
5265312256.0,0.08089391142129898
5266250240.0,0.07886876910924911
5267187712.0,0.0751771554350853
5268125184.0,0.07009007036685944
5269062656.0,0.06423649936914444
5270000128.0,0.05650663748383522
5270937600.0,0.04818118363618851
5271875072.0,0.038020603358745575
5272812544.0,0.028219128027558327
5273750016.0,0.016952821984887123
5274687488.0,0.004617528058588505
5275624960.0,-0.007629911415278912
5276562432.0,-0.02115168608725071
5277499904.0,-0.035492077469825745
5278437376.0,-0.05002766102552414
5279374848.0,-0.0652514398097992
5280312320.0,-0.08073674887418747
5281249792.0,-0.09609825909137726
5282187264.0,-0.11178002506494522
5283125248.0,-0.12778548896312714
5284062720.0,-0.14270414412021637
5285000192.0,-0.15791751444339752
5285937664.0,-0.18422280251979828
5286875136.0,-0.19713491201400757
5287812608.0,-0.21097281575202942
5288750080.0,-0.2239636927843094
5289687552.0,-0.23701032996177673
5290625024.0,-0.24936208128929138
5291562496.0,-0.26058462262153625
5292499968.0,-0.272271066904068
5293437440.0,-0.28487882018089294
5294374912.0,-0.29445770382881165
5295312384.0,-0.30382898449897766
5296249856.0,-0.3126392960548401
5297187328.0,-0.3185315430164337
5298124800.0,-0.32321611046791077
5299062272.0,-0.32719194889068604
5299999744.0,-0.32949432730674744
5300937728.0,-0.33150315284729004
5301875200.0,-0.33116620779037476
5302812672.0,-0.3287239968776703
5303750144.0,-0.32648587226867676
5304687616.0,-0.322244256734848
5305625088.0,-0.31607624888420105
5306562560.0,-0.3079161047935486
5307500032.0,-0.29943403601646423
5308437504.0,-0.29151830077171326
5309374976.0,-0.2785891592502594
5310312448.0,-0.2676580846309662
5311249920.0,-0.25420787930488586
5312187392.0,-0.24099281430244446
5313124864.0,-0.22597678005695343
5314062336.0,-0.21011874079704285
5314999808.0,-0.19399116933345795
5315937280.0,-0.17671093344688416
5316874752.0,-0.15957550704479218
5317812736.0,-0.1424894630908966
5318750208.0,-0.12494570016860962
5319687680.0,-0.10695479065179825
5320625152.0,-0.08996898680925369
5321562624.0,-0.0727074071764946
5322500096.0,-0.0552351251244545
5323437568.0,-0.03969309851527214
5324375040.0,-0.024053853005170822
5325312512.0,-0.00820774957537651
5326249984.0,0.005292202346026897
5327187456.0,0.018670907244086266
5328124928.0,0.030245380476117134
5329062400.0,0.04057658463716507
5329999872.0,0.05129162594676018
5330937344.0,0.0598323680460453
5331874816.0,0.06860742717981339
5332812288.0,0.07284814119338989
5333749760.0,0.07412995398044586
5334687744.0,0.07449407130479813
5335625216.0,0.0721883773803711
5336562688.0,0.06821788847446442
5337500160.0,0.06289329379796982
5338437632.0,0.05498993396759033
5339375104.0,0.04628084972500801
5340312576.0,0.033190589398145676
5341250048.0,0.018704814836382866
5342187520.0,0.0019111165311187506
5343124992.0,-0.016675332561135292
5344062464.0,-0.037847671657800674
5344999936.0,-0.059736691415309906
5345937408.0,-0.3326854407787323
5346874880.0,-0.34678348898887634
5347812352.0,-0.3602484464645386
5348749824.0,-0.37163466215133667
5349687296.0,-0.3825811743736267
5350624768.0,-0.3927254378795624
5351562752.0,-0.40252843499183655
5352500224.0,-0.40899941325187683
5353437696.0,-0.4160197079181671
5354375168.0,-0.42094936966896057
5355312640.0,-0.42454037070274353
5356250112.0,-0.42666471004486084
5357187584.0,-0.42760133743286133
5358125056.0,-0.42584845423698425
5359062528.0,-0.4227525293827057
5360000000.0,-0.4186384975910187
5360937472.0,-0.41071194410324097
5361874944.0,-0.40252164006233215
5362812416.0,-0.3932972252368927
5363749888.0,-0.38185304403305054
5364687360.0,-0.36909347772598267
5365624832.0,-0.3556445240974426
5366562304.0,-0.34068769216537476
5367499776.0,-0.32433411478996277
5368437248.0,-0.3067254424095154
5369375232.0,-0.2890947759151459
5370312704.0,-0.27128735184669495
5371250176.0,-0.25228151679039
5372187648.0,-0.23291248083114624
5373125120.0,-0.21419113874435425
5374062592.0,-0.19439806044101715
5375000064.0,-0.176375150680542
5375937536.0,-0.15714973211288452
5376875008.0,-0.1396879404783249
5377812480.0,-0.12334846705198288
5378749952.0,-0.10679496824741364
5379687424.0,-0.09046432375907898
5380624896.0,-0.075701043009758
5381562368.0,-0.06142954155802727
5382499840.0,-0.04944346845149994
5383437312.0,-0.037920642644166946
5384374784.0,-0.02710023708641529
5385312256.0,-0.017828304320573807
5386250240.0,-0.011410357430577278
5387187712.0,-0.005706488154828548
5388125184.0,-0.003350534476339817
5389062656.0,-0.0028259558603167534
5390000128.0,-0.004898496903479099
5390937600.0,-0.00830918364226818
5391875072.0,-0.014908775687217712
5392812544.0,-0.023876003921031952
5393750016.0,-0.034455589950084686
5394687488.0,-0.048288580030202866
5395624960.0,-0.06396148353815079
5396562432.0,-0.0798182263970375
5397499904.0,-0.09808026999235153
5398437376.0,-0.11798098683357239
5399374848.0,-0.13919979333877563
5400312320.0,-0.1609000712633133
5401249792.0,-0.18298082053661346
5402187264.0,-0.2058074027299881
5403125248.0,-0.22817657887935638
5404062720.0,-0.2511751353740692
5405000192.0,-0.27247220277786255
5405937664.0,-0.308529794216156
5406875136.0,-0.32323095202445984
5407812608.0,-0.33650442957878113
5408750080.0,-0.34755924344062805
5409687552.0,-0.35649850964546204
5410625024.0,-0.36336570978164673
5411562496.0,-0.368294894695282
5412499968.0,-0.3701867461204529
5413437440.0,-0.37061190605163574
5414374912.0,-0.36804965138435364
5415312384.0,-0.3620871603488922
5416249856.0,-0.3545103073120117
5417187328.0,-0.3449351489543915
5418124800.0,-0.3327975571155548
5419062272.0,-0.3182825744152069
5420000256.0,-0.3027227520942688
5420937728.0,-0.2840650677680969
5421875200.0,-0.26567742228507996
5422812672.0,-0.24539166688919067
5423750144.0,-0.2239798903465271
5424687616.0,-0.20246340334415436
5425625088.0,-0.1811174601316452
5426562560.0,-0.15809689462184906
5427500032.0,-0.13595634698867798
5428437504.0,-0.1140482947230339
5429374976.0,-0.09173151105642319
5430312448.0,-0.07216060161590576
5431249920.0,-0.05305710807442665
5432187392.0,-0.03403006121516228
5433124864.0,-0.01788908988237381
5434062336.0,-0.0031539059709757566
5434999808.0,0.009639172814786434
5435937280.0,0.021029554307460785
5436874752.0,0.02951325662434101
5437812736.0,0.03686484321951866
5438750208.0,0.04035690054297447
5439687680.0,0.04088347777724266
5440625152.0,0.03997174650430679
5441562624.0,0.03480124473571777
5442500096.0,0.027105944231152534
5443437568.0,0.017815889790654182
5444375040.0,0.006286929361522198
5445312512.0,-0.008263050578534603
5446249984.0,-0.02549872361123562
5447187456.0,-0.04446672648191452
5448124928.0,-0.0640476793050766
5449062400.0,-0.08671517670154572
5449999872.0,-0.10958953201770782
5450937344.0,-0.13571853935718536
5451874816.0,-0.16145974397659302
5452812288.0,-0.18947461247444153
5453749760.0,-0.21712461113929749
5454687744.0,-0.2457031011581421
5455625216.0,-0.2755869925022125
5456562688.0,-0.3036303222179413
5457500160.0,-0.33095818758010864
5458437632.0,-0.35783594846725464
5459375104.0,-0.38237640261650085
5460312576.0,-0.4059579074382782
5461250048.0,-0.4275580644607544
5462187520.0,-0.44719311594963074
5463124992.0,-0.4655223786830902
5464062464.0,-0.4815640151500702
5464999936.0,-0.4947519302368164
5465937408.0,-0.41630980372428894
5466874880.0,-0.42990368604660034
5467812352.0,-0.4413737654685974
5468749824.0,-0.45137590169906616
5469687296.0,-0.45892253518104553
5470624768.0,-0.46431824564933777
5471562752.0,-0.4654238522052765
5472500224.0,-0.465578556060791
5473437696.0,-0.4625510573387146
5474375168.0,-0.4577524662017822
5475312640.0,-0.4497886300086975
5476250112.0,-0.4396974444389343
5477187584.0,-0.42652758955955505
5478125056.0,-0.4119279384613037
5479062528.0,-0.3957210183143616
5480000000.0,-0.3779314160346985
5480937472.0,-0.35874950885772705
5481874944.0,-0.3388593792915344
5482812416.0,-0.31821897625923157
5483749888.0,-0.29771706461906433
5484687360.0,-0.27764758467674255
5485624832.0,-0.2569507658481598
5486562304.0,-0.23734156787395477
5487499776.0,-0.2189454436302185
5488437248.0,-0.20156525075435638
5489375232.0,-0.1846766322851181
5490312704.0,-0.1690283864736557
5491250176.0,-0.15540781617164612
5492187648.0,-0.14197784662246704
5493125120.0,-0.1324564516544342
5494062592.0,-0.12478165328502655
5495000064.0,-0.11928986012935638
5495937536.0,-0.11700298637151718
5496875008.0,-0.11800383776426315
5497812480.0,-0.12054915726184845
5498749952.0,-0.12610921263694763
5499687424.0,-0.13370297849178314
5500624896.0,-0.14364615082740784
5501562368.0,-0.15659378468990326
5502499840.0,-0.17147569358348846
5503437312.0,-0.18852640688419342
5504374784.0,-0.2087581306695938
5505312256.0,-0.22950369119644165
5506250240.0,-0.25201642513275146
5507187712.0,-0.2764973044395447
5508125184.0,-0.30236679315567017
5509062656.0,-0.33038535714149475
5510000128.0,-0.3610609769821167
5510937600.0,-0.394248366355896
5511875072.0,-0.42810583114624023
5512812544.0,-0.46095871925354004
5513750016.0,-0.4929637908935547
5514687488.0,-0.5255016684532166
5515624960.0,-0.5569499135017395
5516562432.0,-0.5869662165641785
5517499904.0,-0.6162582635879517
5518437376.0,-0.6449042558670044
5519374848.0,-0.6726813316345215
5520312320.0,-0.7006877660751343
5521249792.0,-0.7286792993545532
5522187264.0,-0.7565856575965881
5523125248.0,-0.7847505807876587
5524062720.0,-0.8110501170158386
5525000192.0,-0.8391426801681519
5525937664.0,-0.6913979649543762
5526875136.0,-0.7044256925582886
5527812608.0,-0.7167538404464722
5528750080.0,-0.7333815693855286
5529687552.0,-0.7488235235214233
5530625024.0,-0.7664710879325867
5531562496.0,-0.7826128602027893
5532499968.0,-0.8021572232246399
5533437440.0,-0.821260392665863
5534374912.0,-0.8413591384887695
5535312384.0,-0.8639657497406006
5536249856.0,-0.8858835697174072
5537187328.0,-0.9079568982124329
5538124800.0,-0.9312855005264282
5539062272.0,-0.952056348323822
5539999744.0,-0.9730501770973206
5540937728.0,-0.9902998805046082
5541875200.0,-1.0064682960510254
5542812672.0,-1.0190448760986328
5543750144.0,-1.0277258157730103
5544687616.0,-1.0328559875488281
5545625088.0,-1.0343996286392212
5546562560.0,-1.0315402746200562
5547500032.0,-1.023538589477539
5548437504.0,-1.0106850862503052
5549374976.0,-0.993624746799469
5550312448.0,-0.9742737412452698
5551249920.0,-0.951394259929657
5552187392.0,-0.9258874654769897
5553124864.0,-0.8989548683166504
5554062336.0,-0.869833767414093
5554999808.0,-0.8426313400268555
5555937280.0,-0.8124040365219116
5556874752.0,-0.7831910848617554
5557812736.0,-0.7538381814956665
5558750208.0,-0.7253477573394775
5559687680.0,-0.6985960006713867
5560625152.0,-0.6727328896522522
5561562624.0,-0.6474763751029968
5562500096.0,-0.6261535882949829
5563437568.0,-0.6083076000213623
5564375040.0,-0.5904310941696167
5565312512.0,-0.5755856037139893
5566249984.0,-0.5621503591537476
5567187456.0,-0.5490957498550415
5568124928.0,-0.5358492136001587
5569062400.0,-0.5245612859725952
5569999872.0,-0.513389527797699
5570937344.0,-0.501945972442627
5571874816.0,-0.49074220657348633
5572812288.0,-0.4801003038883209
5573749760.0,-0.46945062279701233
5574687744.0,-0.46094608306884766
5575625216.0,-0.45148077607154846
5576562688.0,-0.4448108971118927
5577500160.0,-0.43914103507995605
5578437632.0,-0.4353257417678833
5579375104.0,-0.4316277503967285
5580312576.0,-0.4302728772163391
5581250048.0,-0.42981815338134766
5582187520.0,-0.42978495359420776
5583124992.0,-0.43010643124580383
5584062464.0,-0.4312514662742615
5584999936.0,-0.43298283219337463
5585937408.0,-0.4058198928833008
5586874880.0,-0.39382749795913696
5587812352.0,-0.38103872537612915
5588749824.0,-0.36629053950309753
5589687296.0,-0.3508557379245758
5590624768.0,-0.334840327501297
5591562752.0,-0.31655019521713257
5592500224.0,-0.29761233925819397
5593437696.0,-0.279244989156723
5594375168.0,-0.2587115168571472
5595312640.0,-0.23858687281608582
5596250112.0,-0.21912096440792084
5597187584.0,-0.1989935040473938
5598125056.0,-0.17934009432792664
5599062528.0,-0.1596442312002182
5600000000.0,-0.14039157330989838
5600937472.0,-0.12306684255599976
5601874944.0,-0.10613727569580078
5602812416.0,-0.09077060967683792
5603749888.0,-0.07648500800132751
5604687360.0,-0.06444720178842545
5605624832.0,-0.05350334197282791
5606562304.0,-0.043699849396944046
5607499776.0,-0.0363333560526371
5608437248.0,-0.03159832954406738
5609375232.0,-0.02743123471736908
5610312704.0,-0.026093997061252594
5611250176.0,-0.023583678528666496
5612187648.0,-0.02521154284477234
5613125120.0,-0.027788707986474037
5614062592.0,-0.031804174184799194
5615000064.0,-0.03743027150630951
5615937536.0,-0.04433777555823326
5616875008.0,-0.05343900993466377
5617812480.0,-0.06384938210248947
5618749952.0,-0.07367907464504242
5619687424.0,-0.08495453745126724
5620624896.0,-0.09739047288894653
5621562368.0,-0.11064455658197403
5622499840.0,-0.12513703107833862
5623437312.0,-0.13758505880832672
5624374784.0,-0.15154533088207245
5625312256.0,-0.16465318202972412
5626250240.0,-0.176505446434021
5627187712.0,-0.18978777527809143
5628125184.0,-0.20175892114639282
5629062656.0,-0.21148277819156647
5630000128.0,-0.2209387570619583
5630937600.0,-0.2290053814649582
5631875072.0,-0.2357753962278366
5632812544.0,-0.24048341810703278
5633750016.0,-0.2445625513792038
5634687488.0,-0.24624629318714142
5635624960.0,-0.24761007726192474
5636562432.0,-0.24569036066532135
5637499904.0,-0.2433837503194809
5638437376.0,-0.2380581647157669
5639374848.0,-0.23253720998764038
5640312320.0,-0.22506050765514374
5641249792.0,-0.21675559878349304
5642187264.0,-0.20684117078781128
5643125248.0,-0.19505448639392853
5644062720.0,-0.18379533290863037
5645000192.0,-0.17069682478904724
5645937664.0,-0.1521131992340088
5646875136.0,-0.15580396354198456
5647812608.0,-0.15947432816028595
5648750080.0,-0.16028892993927002
5649687552.0,-0.15918633341789246
5650625024.0,-0.15868648886680603
5651562496.0,-0.15513618290424347
5652499968.0,-0.15045729279518127
5653437440.0,-0.14604856073856354
5654374912.0,-0.1402423083782196
5655312384.0,-0.13348574936389923
5656249856.0,-0.12654268741607666
5657187328.0,-0.1188858151435852
5658124800.0,-0.11174653470516205
5659062272.0,-0.10370363295078278
5660000256.0,-0.09680161625146866
5660937728.0,-0.09009557962417603
5661875200.0,-0.08442691713571548
5662812672.0,-0.07922591269016266
5663750144.0,-0.07459646463394165
5664687616.0,-0.07044080644845963
5665625088.0,-0.06836605072021484
5666562560.0,-0.06628403812646866
5667500032.0,-0.06523661315441132
5668437504.0,-0.06621929258108139
5669374976.0,-0.06778772920370102
5670312448.0,-0.07071411609649658
5671249920.0,-0.07325778156518936
5672187392.0,-0.0777936577796936
5673124864.0,-0.08189594745635986
5674062336.0,-0.08728624880313873
5674999808.0,-0.0938851460814476
5675937280.0,-0.10054837167263031
5676874752.0,-0.10742746293544769
5677812736.0,-0.11562216281890869
5678750208.0,-0.12188579887151718
5679687680.0,-0.1302342414855957
5680625152.0,-0.13729755580425262
5681562624.0,-0.14412517845630646
5682500096.0,-0.1513519585132599
5683437568.0,-0.15835782885551453
5684375040.0,-0.16420088708400726
5685312512.0,-0.16899846494197845
5686249984.0,-0.17492544651031494
5687187456.0,-0.17795391380786896
5688124928.0,-0.1806408315896988
5689062400.0,-0.18395419418811798
5689999872.0,-0.18630725145339966
5690937344.0,-0.18854457139968872
5691874816.0,-0.18982911109924316
5692812288.0,-0.19226501882076263
5693749760.0,-0.1952318549156189
5694687744.0,-0.19756849110126495
5695625216.0,-0.20064570009708405
5696562688.0,-0.20311318337917328
5697500160.0,-0.20647592842578888
5698437632.0,-0.2116236835718155
5699375104.0,-0.2172355055809021
5700312576.0,-0.22232338786125183
5701250048.0,-0.23079130053520203
5702187520.0,-0.23953649401664734
5703124992.0,-0.25049442052841187
5704062464.0,-0.26144030690193176
5704999936.0,-0.2730019986629486
5705937408.0,-0.17043337225914001
5706874880.0,-0.19042626023292542
5707812352.0,-0.2136404663324356
5708749824.0,-0.23532599210739136
5709687296.0,-0.25532400608062744
5710624768.0,-0.2746666371822357
5711562752.0,-0.2922981381416321
5712500224.0,-0.308564692735672
5713437696.0,-0.32069650292396545
5714375168.0,-0.33002224564552307
5715312640.0,-0.33514389395713806
5716250112.0,-0.33792081475257874
5717187584.0,-0.3356597423553467
5718125056.0,-0.3287016749382019
5719062528.0,-0.3176320493221283
5720000000.0,-0.3018578290939331
5720937472.0,-0.2821638882160187
5721874944.0,-0.2576926350593567
5722812416.0,-0.22994345426559448
5723749888.0,-0.1974240392446518
5724687360.0,-0.16297079622745514
5725624832.0,-0.12562331557273865
5726562304.0,-0.08611366152763367
5727499776.0,-0.04651357978582382
5728437248.0,-0.006237668450921774
5729375232.0,0.033903829753398895
5730312704.0,0.07209260016679764
5731250176.0,0.10960354655981064
5732187648.0,0.14321042597293854
5733125120.0,0.17370007932186127
5734062592.0,0.20018503069877625
5735000064.0,0.2235625982284546
5735937536.0,0.2423981875181198
5736875008.0,0.2558147609233856
5737812480.0,0.26450976729393005
5738749952.0,0.26971903443336487
5739687424.0,0.26993608474731445
5740624896.0,0.2665506899356842
5741562368.0,0.26014718413352966
5742499840.0,0.25135740637779236
5743437312.0,0.23924623429775238
5744374784.0,0.2271125316619873
5745312256.0,0.2126859575510025
5746250240.0,0.19839133322238922
5747187712.0,0.18362346291542053
5748125184.0,0.16999216377735138
5749062656.0,0.15629519522190094
5750000128.0,0.1427011936903
5750937600.0,0.12969918549060822
5751875072.0,0.11731740832328796
5752812544.0,0.10697198659181595
5753750016.0,0.09612371027469635
5754687488.0,0.08591169118881226
5755624960.0,0.07227260619401932
5756562432.0,0.05050017312169075
5757499904.0,0.02601795457303524
5758437376.0,-0.0008953109499998391
5759374848.0,-0.029102813452482224
5760312320.0,-0.059190038591623306
5761249792.0,-0.08951056748628616
5762187264.0,-0.12169553339481354
5763125248.0,-0.15257784724235535
5764062720.0,-0.1832471340894699
5765000192.0,-0.21333324909210205
5765937664.0,-0.13191601634025574
5766875136.0,-0.139681875705719
5767812608.0,-0.14835242927074432
5768750080.0,-0.15836186707019806
5769687552.0,-0.16762639582157135
5770625024.0,-0.17891070246696472
5771562496.0,-0.18974632024765015
5772499968.0,-0.1998012214899063
5773437440.0,-0.210370734333992
5774374912.0,-0.22242364287376404
5775312384.0,-0.2326924055814743
5776249856.0,-0.24427127838134766
5777187328.0,-0.2553909122943878
5778124800.0,-0.2663900852203369
5779062272.0,-0.2777335047721863
5779999744.0,-0.2895277142524719
5780937728.0,-0.30166536569595337
5781875200.0,-0.31296563148498535
5782812672.0,-0.3240109384059906
5783750144.0,-0.3346199691295624
5784687616.0,-0.34440669417381287
5785625088.0,-0.352880597114563
5786562560.0,-0.36148327589035034
5787500032.0,-0.3690401613712311
5788437504.0,-0.37596309185028076
5789374976.0,-0.38172513246536255
5790312448.0,-0.38652199506759644
5791249920.0,-0.38860219717025757
5792187392.0,-0.3907564878463745
5793124864.0,-0.39144545793533325
5794062336.0,-0.3900034725666046
5794999808.0,-0.3885650932788849
5795937280.0,-0.38441187143325806
5796874752.0,-0.37899163365364075
5797812736.0,-0.3720306158065796
5798750208.0,-0.36391982436180115
5799687680.0,-0.35394784808158875
5800625152.0,-0.34184104204177856
5801562624.0,-0.32749027013778687
5802500096.0,-0.31094834208488464
5803437568.0,-0.2943899631500244
5804375040.0,-0.2772185206413269
5805312512.0,-0.2581074833869934
5806249984.0,-0.2389531284570694
5807187456.0,-0.2190205156803131
5808124928.0,-0.1996939480304718
5809062400.0,-0.1801222711801529
5809999872.0,-0.16136789321899414
5810937344.0,-0.14201560616493225
5811874816.0,-0.12336189299821854
5812812288.0,-0.10598067939281464
5813749760.0,-0.0899936631321907
5814687744.0,-0.07414721697568893
5815625216.0,-0.06072934344410896
5816562688.0,-0.047741714864969254
5817500160.0,-0.036100517958402634
5818437632.0,-0.027149884030222893
5819375104.0,-0.01905837096273899
5820312576.0,-0.013583915308117867
5821250048.0,-0.009800385683774948
5822187520.0,-0.008859805762767792
5823124992.0,-0.008663728833198547
5824062464.0,-0.011328475549817085
5824999936.0,-0.014562834985554218
5825937408.0,-0.20824642479419708
5826874880.0,-0.2106163203716278
5827812352.0,-0.21301840245723724
5828749824.0,-0.21505515277385712
5829687296.0,-0.21754929423332214
5830624768.0,-0.21896633505821228
5831562752.0,-0.22091026604175568
5832500224.0,-0.2221296727657318
5833437696.0,-0.22345520555973053
5834375168.0,-0.22581778466701508
5835312640.0,-0.22845058143138885
5836250112.0,-0.23068131506443024
5837187584.0,-0.23271659016609192
5838125056.0,-0.23647576570510864
5839062528.0,-0.2387281060218811
5840000000.0,-0.24261176586151123
5840937472.0,-0.2477990835905075
5841874944.0,-0.2515791058540344
5842812416.0,-0.25694194436073303
5843749888.0,-0.26222407817840576
5844687360.0,-0.26681655645370483
5845624832.0,-0.2704389989376068
5846562304.0,-0.2757036089897156
5847499776.0,-0.2788802981376648
5848437248.0,-0.282632976770401
5849375232.0,-0.2861708104610443
5850312704.0,-0.28793853521347046
5851250176.0,-0.2909970283508301
5852187648.0,-0.29406651854515076
5853125120.0,-0.2966364324092865
5854062592.0,-0.29617878794670105
5855000064.0,-0.29810377955436707
5855937536.0,-0.29927384853363037
5856875008.0,-0.2990929186344147
5857812480.0,-0.298472136259079
5858749952.0,-0.2977713942527771
5859687424.0,-0.29659315943717957
5860624896.0,-0.294866144657135
5861562368.0,-0.2925935387611389
5862499840.0,-0.2900688350200653
5863437312.0,-0.2861432135105133
5864374784.0,-0.2841740548610687
5865312256.0,-0.28144019842147827
5866250240.0,-0.2795191705226898
5867187712.0,-0.27674081921577454
5868125184.0,-0.2739195227622986
5869062656.0,-0.2727211117744446
5870000128.0,-0.2718452513217926
5870937600.0,-0.2709474265575409
5871875072.0,-0.2721802294254303
5872812544.0,-0.2737163305282593
5873750016.0,-0.27592024207115173
5874687488.0,-0.2784970998764038
5875624960.0,-0.2814924716949463
5876562432.0,-0.2855494022369385
5877499904.0,-0.2895818054676056
5878437376.0,-0.29397204518318176
5879374848.0,-0.2999974191188812
5880312320.0,-0.30518195033073425
5881249792.0,-0.31049925088882446
5882187264.0,-0.316341370344162
5883125248.0,-0.32157233357429504
5884062720.0,-0.3273726999759674
5885000192.0,-0.3323638141155243
5885937664.0,-0.34828755259513855
5886875136.0,-0.3541581928730011
5887812608.0,-0.3587040603160858
5888750080.0,-0.36310797929763794
5889687552.0,-0.36757388710975647
5890625024.0,-0.3714902698993683
5891562496.0,-0.3750693202018738
5892499968.0,-0.37643569707870483
5893437440.0,-0.37742123007774353
5894374912.0,-0.37783169746398926
5895312384.0,-0.3777278661727905
5896249856.0,-0.37737640738487244
5897187328.0,-0.3762308955192566
5898124800.0,-0.37519192695617676
5899062272.0,-0.37430816888809204
5900000256.0,-0.3729855418205261
5900937728.0,-0.3724200129508972
5901875200.0,-0.3713811933994293
5902812672.0,-0.36998045444488525
5903750144.0,-0.3680991530418396
5904687616.0,-0.3655313551425934
5905625088.0,-0.3633872866630554
5906562560.0,-0.3609698712825775
5907500032.0,-0.35793229937553406
5908437504.0,-0.35578465461730957
5909374976.0,-0.3544381856918335
5910312448.0,-0.3533574044704437
5911249920.0,-0.3520779311656952
5912187392.0,-0.35100847482681274
5913124864.0,-0.35081443190574646
5914062336.0,-0.3510166108608246
5914999808.0,-0.3515504002571106
5915937280.0,-0.3533337116241455
5916874752.0,-0.3563171625137329
5917812736.0,-0.3585156202316284
5918750208.0,-0.3635586202144623
5919687680.0,-0.36810266971588135
5920625152.0,-0.37505748867988586
5921562624.0,-0.3805176019668579
5922500096.0,-0.38744693994522095
5923437568.0,-0.3953286409378052
5924375040.0,-0.4049903452396393
5925312512.0,-0.41561853885650635
5926249984.0,-0.4255537986755371
5927187456.0,-0.4364190101623535
5928124928.0,-0.44870615005493164
5929062400.0,-0.4613937735557556
5929999872.0,-0.4745204746723175
5930937344.0,-0.4867652654647827
5931874816.0,-0.49933329224586487
5932812288.0,-0.5106226205825806
5933749760.0,-0.5226874947547913
5934687744.0,-0.5339916944503784
5935625216.0,-0.5455624461174011
5936562688.0,-0.5554482340812683
5937500160.0,-0.5648889541625977
5938437632.0,-0.5739421248435974
5939375104.0,-0.5813839435577393
5940312576.0,-0.5876705646514893
5941250048.0,-0.5928002595901489
5942187520.0,-0.5963077545166016
5943124992.0,-0.5989320874214172
5944062464.0,-0.6004063487052917
5944999936.0,-0.6004040241241455
5945937408.0,-0.39829403162002563
5946874880.0,-0.41462936997413635
5947812352.0,-0.43038541078567505
5948749824.0,-0.44726935029029846
5949687296.0,-0.4634723961353302
5950624768.0,-0.47897452116012573
5951562752.0,-0.4937220513820648
5952500224.0,-0.5073716640472412
5953437696.0,-0.5204679369926453
5954375168.0,-0.5314298868179321
5955312640.0,-0.5408778786659241
5956250112.0,-0.5491344332695007
5957187584.0,-0.5559698343276978
5958125056.0,-0.5600350499153137
5959062528.0,-0.5628827214241028
5960000000.0,-0.5637968182563782
5960937472.0,-0.5630708336830139
5961874944.0,-0.5595480799674988
5962812416.0,-0.553392767906189
5963749888.0,-0.5457242131233215
5964687360.0,-0.5368013978004456
5965624832.0,-0.5264245867729187
5966562304.0,-0.5154737830162048
5967499776.0,-0.5026755928993225
5968437248.0,-0.48928359150886536
5969375232.0,-0.47625041007995605
5970312704.0,-0.46246853470802307
5971250176.0,-0.4500075578689575
5972187648.0,-0.43730875849723816
5973125120.0,-0.42538002133369446
5974062592.0,-0.4137314260005951
5975000064.0,-0.40585535764694214
5975937536.0,-0.3969837725162506
5976875008.0,-0.3891640305519104
5977812480.0,-0.38379645347595215
5978749952.0,-0.3788047730922699
5979687424.0,-0.3754851222038269
5980624896.0,-0.3739016056060791
5981562368.0,-0.37384259700775146
5982499840.0,-0.3744645416736603
5983437312.0,-0.3758440911769867
5984374784.0,-0.377939909696579
5985312256.0,-0.38133877515792847
5986250240.0,-0.38571158051490784
5987187712.0,-0.3888934552669525
5988125184.0,-0.39265143871307373
5989062656.0,-0.396887868642807
5990000128.0,-0.40168794989585876
5990937600.0,-0.40624046325683594
5991875072.0,-0.41056177020072937
5992812544.0,-0.4151522219181061
5993750016.0,-0.4199731945991516
5994687488.0,-0.4246930480003357
5995624960.0,-0.4285048246383667
5996562432.0,-0.4320333003997803
5997499904.0,-0.4349164068698883
5998437376.0,-0.43877917528152466
5999374848.0,-0.4409219026565552
6000312320.0,-0.443869411945343
6001249792.0,-0.4465014636516571
6002187264.0,-0.44981372356414795
6003125248.0,-0.4523431062698364
6004062720.0,-0.45462489128112793
6005000192.0,-0.35444894433021545
6005937664.0,-0.3618570864200592
6006875136.0,-0.37239590287208557
6007812608.0,-0.3829909563064575
6008750080.0,-0.3954736590385437
6009687552.0,-0.4098971486091614
6010625024.0,-0.4249495565891266
6011562496.0,-0.4406229555606842
6012499968.0,-0.4569946527481079
6013437440.0,-0.4740780293941498
6014374912.0,-0.49114322662353516
6015312384.0,-0.5085533857345581
6016249856.0,-0.5267082452774048
6017187328.0,-0.5439130663871765
6018124800.0,-0.5622715950012207
6019062272.0,-0.5793760418891907
6019999744.0,-0.5955420136451721
6020937728.0,-0.6117636561393738
6021875200.0,-0.6263045072555542
6022812672.0,-0.6390363574028015
6023750144.0,-0.6499105095863342
6024687616.0,-0.6600289940834045
6025625088.0,-0.6688912510871887
6026562560.0,-0.6748379468917847
6027500032.0,-0.6791658997535706
6028437504.0,-0.6812546253204346
6029374976.0,-0.6805319786071777
6030312448.0,-0.6772456765174866
6031249920.0,-0.6735084056854248
6032187392.0,-0.6668106317520142
6033124864.0,-0.658789336681366
6034062336.0,-0.6486016511917114
6034999808.0,-0.6372212171554565
6035937280.0,-0.6260901093482971
6036874752.0,-0.6134291887283325
6037812736.0,-0.5982950329780579
6038750208.0,-0.5842820405960083
6039687680.0,-0.5682365894317627
6040625152.0,-0.5519459247589111
6041562624.0,-0.5354384183883667
6042500096.0,-0.5184958577156067
6043437568.0,-0.5022449493408203
6044375040.0,-0.4864148497581482
6045312512.0,-0.46996036171913147
6046249984.0,-0.45519718527793884
6047187456.0,-0.4405021071434021
6048124928.0,-0.42764267325401306
6049062400.0,-0.4142123758792877
6049999872.0,-0.401946485042572
6050937344.0,-0.39091840386390686
6051874816.0,-0.3819878399372101
6052812288.0,-0.3726098835468292
6053749760.0,-0.3646393418312073
6054687744.0,-0.35915082693099976
6055625216.0,-0.35401400923728943
6056562688.0,-0.3493727445602417
6057500160.0,-0.3481879234313965
6058437632.0,-0.34670332074165344
6059375104.0,-0.3469622731208801
6060312576.0,-0.34790512919425964
6061250048.0,-0.34946873784065247
6062187520.0,-0.35216662287712097
6063124992.0,-0.3561737835407257
6064062464.0,-0.36005643010139465
6064999936.0,-0.3579793870449066
6065937408.0,-0.363459050655365
6066874880.0,-0.3692077696323395
6067812352.0,-0.3760146498680115
6068749824.0,-0.3830444812774658
6069687296.0,-0.3905858099460602
6070624768.0,-0.39833077788352966
6071562752.0,-0.4075064957141876
6072500224.0,-0.4174206852912903
6073437696.0,-0.4265042245388031
6074375168.0,-0.435311496257782
6075312640.0,-0.445066899061203
6076250112.0,-0.4542981684207916
6077187584.0,-0.4620343744754791
6078125056.0,-0.4709046483039856
6079062528.0,-0.47947758436203003
6080000000.0,-0.4875175356864929
6080937472.0,-0.49534162878990173
6081874944.0,-0.5024384260177612
6082812416.0,-0.5088683366775513
6083749888.0,-0.5137940645217896
6084687360.0,-0.5177111029624939
6085624832.0,-0.5207141637802124
6086562304.0,-0.5236901044845581
6087499776.0,-0.5241178274154663
6088437248.0,-0.5251932144165039
6089375232.0,-0.525567352771759
6090312704.0,-0.5238161683082581
6091250176.0,-0.5220438838005066
6092187648.0,-0.5182730555534363
6093125120.0,-0.5137853026390076
6094062592.0,-0.5080151557922363
6095000064.0,-0.5004660487174988
6095937536.0,-0.49406278133392334
6096875008.0,-0.48632290959358215
6097812480.0,-0.478680282831192
6098749952.0,-0.4715959429740906
6099687424.0,-0.462126761674881
6100624896.0,-0.45342010259628296
6101562368.0,-0.4451846182346344
6102499840.0,-0.4370618462562561
6103437312.0,-0.4281294345855713
6104374784.0,-0.4194139242172241
6105312256.0,-0.4105307459831238
6106250240.0,-0.4027036726474762
6107187712.0,-0.3955068588256836
6108125184.0,-0.38704928755760193
6109062656.0,-0.38076767325401306
6110000128.0,-0.37427207827568054
6110937600.0,-0.3688858151435852
6111875072.0,-0.3640398383140564
6112812544.0,-0.3590378761291504
6113750016.0,-0.35473963618278503
6114687488.0,-0.35072213411331177
6115624960.0,-0.34733012318611145
6116562432.0,-0.345294326543808
6117499904.0,-0.3425726592540741
6118437376.0,-0.34049373865127563
6119374848.0,-0.33977609872817993
6120312320.0,-0.34069690108299255
6121249792.0,-0.34125709533691406
6122187264.0,-0.3417070508003235
6123125248.0,-0.34298285841941833
6124062720.0,-0.34560704231262207
6125000192.0,-0.5454726815223694
6125937664.0,-0.5570763349533081
6126875136.0,-0.568452775478363
6127812608.0,-0.579083263874054
6128750080.0,-0.5893335342407227
6129687552.0,-0.5983138084411621
6130625024.0,-0.6050480008125305
6131562496.0,-0.6111472249031067
6132499968.0,-0.6152315139770508
6133437440.0,-0.6184085607528687
6134374912.0,-0.6203500628471375
6135312384.0,-0.622097373008728
6136249856.0,-0.6223565936088562
6137187328.0,-0.6225102543830872
6138124800.0,-0.6221165657043457
6139062272.0,-0.6201503276824951
6140000256.0,-0.617868959903717
6140937728.0,-0.6148850321769714
6141875200.0,-0.6124199032783508
6142812672.0,-0.6090874671936035
6143750144.0,-0.6058034896850586
6144687616.0,-0.6018680930137634
6145625088.0,-0.5984138250350952
6146562560.0,-0.5944587588310242
6147500032.0,-0.590893566608429
6148437504.0,-0.5877485871315002
6149374976.0,-0.5843419432640076
6150312448.0,-0.5812760591506958
6151249920.0,-0.5790988802909851
6152187392.0,-0.577089250087738
6153124864.0,-0.5763949155807495
6154062336.0,-0.5748957395553589
6154999808.0,-0.5745880603790283
6155937280.0,-0.5748096108436584
6156874752.0,-0.5754926204681396
6157812736.0,-0.5774189233779907
6158750208.0,-0.580564022064209
6159687680.0,-0.583967387676239
6160625152.0,-0.587439775466919
6161562624.0,-0.5895323157310486
6162500096.0,-0.5935929417610168
6163437568.0,-0.5973437428474426
6164375040.0,-0.6022959351539612
6165312512.0,-0.6076657176017761
6166249984.0,-0.6123632788658142
6167187456.0,-0.618507444858551
6168124928.0,-0.6243840456008911
6169062400.0,-0.631677508354187
6169999872.0,-0.6370260119438171
6170937344.0,-0.6431600451469421
6171874816.0,-0.6497974991798401
6172812288.0,-0.6562893390655518
6173749760.0,-0.6632863879203796
6174687744.0,-0.670948326587677
6175625216.0,-0.6783055067062378
6176562688.0,-0.6860998272895813
6177500160.0,-0.6939433813095093
6178437632.0,-0.7029343843460083
6179375104.0,-0.7107999920845032
6180312576.0,-0.7180948257446289
6181250048.0,-0.7272062301635742
6182187520.0,-0.7334790229797363
6183124992.0,-0.7397314310073853
6184062464.0,-0.7460954785346985
6184999936.0,-0.5934096574783325
6185937408.0,-0.6142638325691223
6186874880.0,-0.6347882747650146
6187812352.0,-0.6564469337463379
6188749824.0,-0.6761444211006165
6189687296.0,-0.6961653232574463
6190624768.0,-0.7151915431022644
6191562752.0,-0.7328726649284363
6192500224.0,-0.7495984435081482
6193437696.0,-0.7649829983711243
6194375168.0,-0.7806066274642944
6195312640.0,-0.7940434217453003
6196250112.0,-0.8069214224815369
6197187584.0,-0.8190759420394897
6198125056.0,-0.8289701342582703
6199062528.0,-0.8373768329620361
6200000000.0,-0.8441860675811768
6200937472.0,-0.8500671982765198
6201874944.0,-0.8530614972114563
6202812416.0,-0.8567186594009399
6203749888.0,-0.8582835793495178
6204687360.0,-0.8562710285186768
6205624832.0,-0.8539595007896423
6206562304.0,-0.8495752215385437
6207499776.0,-0.8437038064002991
6208437248.0,-0.8365544080734253
6209375232.0,-0.8268060684204102
6210312704.0,-0.8170228600502014
6211250176.0,-0.8040072321891785
6212187648.0,-0.7911539077758789
6213125120.0,-0.7786049246788025
6214062592.0,-0.7639633417129517
6215000064.0,-0.7497966289520264
6215937536.0,-0.7350599765777588
6216875008.0,-0.7189496159553528
6217812480.0,-0.7027552127838135
6218749952.0,-0.6874766945838928
6219687424.0,-0.6711803078651428
6220624896.0,-0.6570059061050415
6221562368.0,-0.6423683762550354
6222499840.0,-0.6284741163253784
6223437312.0,-0.6154515147209167
6224374784.0,-0.6022180914878845
6225312256.0,-0.5907628536224365
6226250240.0,-0.5792900919914246
6227187712.0,-0.5725250840187073
6228125184.0,-0.563910961151123
6229062656.0,-0.5579833388328552
6230000128.0,-0.5540337562561035
6230937600.0,-0.5517367720603943
6231875072.0,-0.550639808177948
6232812544.0,-0.5521498322486877
6233750016.0,-0.5542803406715393
6234687488.0,-0.5567828416824341
6235624960.0,-0.5617581605911255
6236562432.0,-0.565822184085846
6237499904.0,-0.571843683719635
6238437376.0,-0.578593909740448
6239374848.0,-0.5855419635772705
6240312320.0,-0.5930829048156738
6241249792.0,-0.6003166437149048
6242187264.0,-0.6100395321846008
6243125248.0,-0.618971586227417
6244062720.0,-0.6290475130081177
6245000192.0,-0.6350012421607971
6245937664.0,-0.6466851830482483
6246875136.0,-0.6592808365821838
6247812608.0,-0.6741737127304077
6248750080.0,-0.6883403658866882
6249687552.0,-0.703031599521637
6250625024.0,-0.7190366983413696
6251562496.0,-0.7330525517463684
6252499968.0,-0.7466027736663818
6253437440.0,-0.7599503993988037
6254374912.0,-0.773307204246521
6255312384.0,-0.7847335934638977
6256249856.0,-0.7974382042884827
6257187328.0,-0.8077340126037598
6258124800.0,-0.8183973431587219
6259062272.0,-0.8277618288993835
6259999744.0,-0.8371390104293823
6260937728.0,-0.8447102308273315
6261875200.0,-0.8511518836021423
6262812672.0,-0.8560408353805542
6263750144.0,-0.8593210577964783
6264687616.0,-0.8624809384346008
6265625088.0,-0.8656425476074219
6266562560.0,-0.8679059743881226
6267500032.0,-0.8700799345970154
6268437504.0,-0.8713374733924866
6269374976.0,-0.8728529810905457
6270312448.0,-0.8725414276123047
6271249920.0,-0.8712045550346375
6272187392.0,-0.8696293234825134
6273124864.0,-0.8669196963310242
6274062336.0,-0.8637058138847351
6274999808.0,-0.8600916862487793
6275937280.0,-0.8565599918365479
6276874752.0,-0.8519530296325684
6277812736.0,-0.8476234078407288
6278750208.0,-0.8437033295631409
6279687680.0,-0.8395812511444092
6280625152.0,-0.8353614807128906
6281562624.0,-0.832088053226471
6282500096.0,-0.8285966515541077
6283437568.0,-0.8268918395042419
6284375040.0,-0.8242275714874268
6285312512.0,-0.8249481320381165
6286249984.0,-0.8255226612091064
6287187456.0,-0.8276756405830383
6288124928.0,-0.8299039006233215
6289062400.0,-0.8330783843994141
6289999872.0,-0.8359573483467102
6290937344.0,-0.8384349942207336
6291874816.0,-0.8424988389015198
6292812288.0,-0.8457501530647278
6293749760.0,-0.8511466383934021
6294687744.0,-0.8553850650787354
6295625216.0,-0.8598594665527344
6296562688.0,-0.8650587797164917
6297500160.0,-0.8695820569992065
6298437632.0,-0.8759782314300537
6299375104.0,-0.8818265199661255
6300312576.0,-0.8898863196372986
6301250048.0,-0.8969672918319702
6302187520.0,-0.9050503969192505
6303124992.0,-0.9135055541992188
6304062464.0,-0.9223508834838867
6304999936.0,-0.945899248123169
6305937408.0,-0.9550246596336365
6306874880.0,-0.9628223180770874
6307812352.0,-0.971879243850708
6308749824.0,-0.9813920855522156
6309687296.0,-0.9899383187294006
6310624768.0,-0.9996584057807922
6311562752.0,-1.0078741312026978
6312500224.0,-1.0165013074874878
6313437696.0,-1.0266002416610718
6314375168.0,-1.0371737480163574
6315312640.0,-1.0463603734970093
6316250112.0,-1.0561082363128662
6317187584.0,-1.066247582435608
6318125056.0,-1.0768078565597534
6319062528.0,-1.0875276327133179
6320000000.0,-1.0994919538497925
6320937472.0,-1.1114377975463867
6321874944.0,-1.12423574924469
6322812416.0,-1.138443112373352
6323749888.0,-1.1496301889419556
6324687360.0,-1.1609903573989868
6325624832.0,-1.1700878143310547
6326562304.0,-1.1791924238204956
6327499776.0,-1.1877309083938599
6328437248.0,-1.1954596042633057
6329375232.0,-1.2020676136016846
6330312704.0,-1.2086353302001953
6331250176.0,-1.2149142026901245
6332187648.0,-1.2206811904907227
6333125120.0,-1.2235080003738403
6334062592.0,-1.2265222072601318
6335000064.0,-1.2283761501312256
6335937536.0,-1.2298303842544556
6336875008.0,-1.2288051843643188
6337812480.0,-1.228869080543518
6338749952.0,-1.2260150909423828
6339687424.0,-1.2222471237182617
6340624896.0,-1.2165627479553223
6341562368.0,-1.2102564573287964
6342499840.0,-1.2024626731872559
6343437312.0,-1.1933587789535522
6344374784.0,-1.1848865747451782
6345312256.0,-1.175087571144104
6346250240.0,-1.164597749710083
6347187712.0,-1.1560765504837036
6348125184.0,-1.145777940750122
6349062656.0,-1.135876178741455
6350000128.0,-1.1259344816207886
6350937600.0,-1.1148852109909058
6351875072.0,-1.1027932167053223
6352812544.0,-1.092524766921997
6353750016.0,-1.080490231513977
6354687488.0,-1.0684767961502075
6355624960.0,-1.0564266443252563
6356562432.0,-1.0443629026412964
6357499904.0,-1.0343074798583984
6358437376.0,-1.0235503911972046
6359374848.0,-1.0140806436538696
6360312320.0,-1.0049104690551758
6361249792.0,-0.997851550579071
6362187264.0,-0.9918893575668335
6363125248.0,-0.9885495901107788
6364062720.0,-0.9863871932029724
6365000192.0,-1.3673557043075562
6365937664.0,-1.3801894187927246
6366875136.0,-1.3939533233642578
6367812608.0,-1.4081815481185913
6368750080.0,-1.4210132360458374
6369687552.0,-1.434313178062439
6370625024.0,-1.4466289281845093
6371562496.0,-1.4591678380966187
6372499968.0,-1.471388578414917
6373437440.0,-1.4826679229736328
6374374912.0,-1.4940637350082397
6375312384.0,-1.5038896799087524
6376249856.0,-1.5132744312286377
6377187328.0,-1.5217252969741821
6378124800.0,-1.5284998416900635
6379062272.0,-1.5329993963241577
6380000256.0,-1.5355195999145508
6380937728.0,-1.537428379058838
6381875200.0,-1.5368473529815674
6382812672.0,-1.5361690521240234
6383750144.0,-1.5336483716964722
6384687616.0,-1.5306951999664307
6385625088.0,-1.526760458946228
6386562560.0,-1.5211784839630127
6387500032.0,-1.5153398513793945
6388437504.0,-1.5083800554275513
6389374976.0,-1.5014023780822754
6390312448.0,-1.4930598735809326
6391249920.0,-1.4835326671600342
6392187392.0,-1.4752814769744873
6393124864.0,-1.4661831855773926
6394062336.0,-1.4550107717514038
6394999808.0,-1.4446630477905273
6395937280.0,-1.4321081638336182
6396874752.0,-1.4215912818908691
6397812736.0,-1.4124277830123901
6398750208.0,-1.4055626392364502
6399687680.0,-1.3988374471664429
6400625152.0,-1.3944300413131714
6401562624.0,-1.3885554075241089
6402500096.0,-1.382636547088623
6403437568.0,-1.3802603483200073
6404375040.0,-1.3798460960388184
6405312512.0,-1.3813257217407227
6406249984.0,-1.3854855298995972
6407187456.0,-1.3915948867797852
6408124928.0,-1.399364709854126
6409062400.0,-1.4085971117019653
6409999872.0,-1.4196120500564575
6410937344.0,-1.4321582317352295
6411874816.0,-1.4445774555206299
6412812288.0,-1.4578813314437866
6413749760.0,-1.4723258018493652
6414687744.0,-1.488926649093628
6415625216.0,-1.5073667764663696
6416562688.0,-1.5266319513320923
6417500160.0,-1.549276351928711
6418437632.0,-1.5729584693908691
6419375104.0,-1.5996044874191284
6420312576.0,-1.6277979612350464
6421250048.0,-1.657633900642395
6422187520.0,-1.6873605251312256
6423124992.0,-1.719466209411621
6424062464.0,-1.7518866062164307
6424999936.0,-1.7877476215362549
6425937408.0,-1.8218739032745361
6426874880.0,-1.8571604490280151
6427812352.0,-1.8934890031814575
6428749824.0,-1.9266473054885864
6429687296.0,-1.9591524600982666
6430624768.0,-1.9908382892608643
6431562752.0,-2.0211071968078613
6432500224.0,-2.0499866008758545
6433437696.0,-2.0779192447662354
6434375168.0,-2.1047725677490234
6435312640.0,-2.1285972595214844
6436250112.0,-2.151693820953369
6437187584.0,-2.1726369857788086
6438125056.0,-2.192831516265869
6439062528.0,-2.209437608718872
6440000000.0,-2.2272121906280518
6440937472.0,-2.2424206733703613
6441874944.0,-2.257028579711914
6442812416.0,-2.269160270690918
6443749888.0,-2.2800564765930176
6444687360.0,-2.28902530670166
6445624832.0,-2.2973880767822266
6446562304.0,-2.303439140319824
6447499776.0,-2.3076930046081543
6448437248.0,-2.309231758117676
6449375232.0,-2.30981707572937
6450312704.0,-2.3092904090881348
6451250176.0,-2.3079607486724854
6452187648.0,-2.306356906890869
6453125120.0,-2.303276300430298
6454062592.0,-2.300325632095337
6455000064.0,-2.2954652309417725
6455937536.0,-2.2901885509490967
6456875008.0,-2.284822940826416
6457812480.0,-2.277707815170288
6458749952.0,-2.2705280780792236
6459687424.0,-2.265252113342285
6460624896.0,-2.2589094638824463
6461562368.0,-2.2541818618774414
6462499840.0,-2.249332904815674
6463437312.0,-2.246835470199585
6464374784.0,-2.24381160736084
6465312256.0,-2.240936756134033
6466250240.0,-2.2385311126708984
6467187712.0,-2.2374465465545654
6468125184.0,-2.2362194061279297
6469062656.0,-2.2359678745269775
6470000128.0,-2.237043619155884
6470937600.0,-2.237755537033081
6471875072.0,-2.242722272872925
6472812544.0,-2.2486073970794678
6473750016.0,-2.2566542625427246
6474687488.0,-2.265052556991577
6475624960.0,-2.2777953147888184
6476562432.0,-2.2946505546569824
6477499904.0,-2.3142595291137695
6478437376.0,-2.337193012237549
6479374848.0,-2.3653433322906494
6480312320.0,-2.395094871520996
6481249792.0,-2.430351495742798
6482187264.0,-2.467251777648926
6483125248.0,-2.5059585571289062
6484062720.0,-2.5491316318511963
6485000192.0,-2.653700828552246
6485937664.0,-2.6861989498138428
6486875136.0,-2.71869158744812
6487812608.0,-2.747455358505249
6488750080.0,-2.775886058807373
6489687552.0,-2.8042638301849365
6490625024.0,-2.8332974910736084
6491562496.0,-2.860430955886841
6492499968.0,-2.887923002243042
6493437440.0,-2.914134979248047
6494374912.0,-2.9414656162261963
6495312384.0,-2.9687583446502686
6496249856.0,-2.9970247745513916
6497187328.0,-3.0251362323760986
6498124800.0,-3.053929090499878
6499062272.0,-3.0826566219329834
6499999744.0,-3.1128170490264893
6500937728.0,-3.1427195072174072
6501875200.0,-3.1706459522247314
6502812672.0,-3.1999592781066895
6503750144.0,-3.2273240089416504
6504687616.0,-3.25532603263855
6505625088.0,-3.280442953109741
6506562560.0,-3.305746555328369
6507500032.0,-3.3307785987854004
6508437504.0,-3.356008291244507
6509374976.0,-3.383681058883667
6510312448.0,-3.410569667816162
6511249920.0,-3.438447952270508
6512187392.0,-3.4655039310455322
6513124864.0,-3.4912526607513428
6514062336.0,-3.5182299613952637
6514999808.0,-3.5438714027404785
6515937280.0,-3.5692696571350098
6516874752.0,-3.594604969024658
6517812736.0,-3.6225368976593018
6518750208.0,-3.650574207305908
6519687680.0,-3.6798341274261475
6520625152.0,-3.711663246154785
6521562624.0,-3.7450451850891113
6522500096.0,-3.779083490371704
6523437568.0,-3.815960645675659
6524375040.0,-3.8571715354919434
6525312512.0,-3.9002699851989746
6526249984.0,-3.9457650184631348
6527187456.0,-3.9931890964508057
6528124928.0,-4.039856433868408
6529062400.0,-4.0861992835998535
6529999872.0,-4.13163948059082
6530937344.0,-4.1764607429504395
6531874816.0,-4.219863414764404
6532812288.0,-4.262300968170166
6533749760.0,-4.301771640777588
6534687744.0,-4.341701030731201
6535625216.0,-4.378193378448486
6536562688.0,-4.414745330810547
6537500160.0,-4.452856063842773
6538437632.0,-4.4886674880981445
6539375104.0,-4.526008129119873
6540312576.0,-4.563425064086914
6541250048.0,-4.601243495941162
6542187520.0,-4.638773441314697
6543124992.0,-4.675267219543457
6544062464.0,-4.715491771697998
6544999936.0,-4.752410888671875
6545937408.0,-4.802491188049316
6546874880.0,-4.85471773147583
6547812352.0,-4.90936803817749
6548749824.0,-4.964670181274414
6549687296.0,-5.017268657684326
6550624768.0,-5.065062046051025
6551562752.0,-5.114585876464844
6552500224.0,-5.161553382873535
6553437696.0,-5.208322525024414
6554375168.0,-5.257725715637207
6555312640.0,-5.307345867156982
6556250112.0,-5.358885288238525
6557187584.0,-5.412196159362793
6558125056.0,-5.469211578369141
6559062528.0,-5.5287981033325195
6560000000.0,-5.589642524719238
6560937472.0,-5.650879859924316
6561874944.0,-5.712280750274658
6562812416.0,-5.7731404304504395
6563749888.0,-5.83617639541626
6564687360.0,-5.896906852722168
6565624832.0,-5.96090841293335
6566562304.0,-6.023350715637207
6567499776.0,-6.08497953414917
6568437248.0,-6.144850730895996
6569375232.0,-6.206655025482178
6570312704.0,-6.269015789031982
6571250176.0,-6.33587121963501
6572187648.0,-6.408238887786865
6573125120.0,-6.482971668243408
6574062592.0,-6.565053939819336
6575000064.0,-6.646058559417725
6575937536.0,-6.726473808288574
6576875008.0,-6.809625148773193
6577812480.0,-6.892341136932373
6578749952.0,-6.981328010559082
6579687424.0,-7.070807933807373
6580624896.0,-7.161798477172852
6581562368.0,-7.255169868469238
6582499840.0,-7.346524715423584
6583437312.0,-7.438258647918701
6584374784.0,-7.531415939331055
6585312256.0,-7.624598503112793
6586250240.0,-7.72149658203125
6587187712.0,-7.819881439208984
6588125184.0,-7.92141056060791
6589062656.0,-8.022786140441895
6590000128.0,-8.124252319335938
6590937600.0,-8.222455978393555
6591875072.0,-8.31808853149414
6592812544.0,-8.412010192871094
6593750016.0,-8.505322456359863
6594687488.0,-8.59803581237793
6595624960.0,-8.695085525512695
6596562432.0,-8.794710159301758
6597499904.0,-8.89935302734375
6598437376.0,-9.007063865661621
6599374848.0,-9.118033409118652
6600312320.0,-9.224007606506348
6601249792.0,-9.32759952545166
6602187264.0,-9.426756858825684
6603125248.0,-9.52657699584961
6604062720.0,-9.627115249633789
6605000192.0,-9.721735954284668
6605937664.0,-9.82084846496582
6606875136.0,-9.919180870056152
6607812608.0,-10.019960403442383
6608750080.0,-10.116849899291992
6609687552.0,-10.21355152130127
6610625024.0,-10.308337211608887
6611562496.0,-10.395087242126465
6612499968.0,-10.477554321289062
6613437440.0,-10.553328514099121
6614374912.0,-10.628144264221191
6615312384.0,-10.696939468383789
6616249856.0,-10.762826919555664
6617187328.0,-10.82932186126709
6618124800.0,-10.896736145019531
6619062272.0,-10.964845657348633
6620000256.0,-11.040303230285645
6620937728.0,-11.108302116394043
6621875200.0,-11.17824649810791
6622812672.0,-11.243884086608887
6623750144.0,-11.305850982666016
6624687616.0,-11.366189956665039
6625625088.0,-11.423052787780762
6626562560.0,-11.478292465209961
6627500032.0,-11.529853820800781
6628437504.0,-11.570460319519043
6629374976.0,-11.59784984588623
6630312448.0,-11.614435195922852
6631249920.0,-11.623655319213867
6632187392.0,-11.6253080368042
6633124864.0,-11.622658729553223
6634062336.0,-11.616989135742188
6634999808.0,-11.614970207214355
6635937280.0,-11.606375694274902
6636874752.0,-11.597511291503906
6637812736.0,-11.587628364562988
6638750208.0,-11.576542854309082
6639687680.0,-11.56591796875
6640625152.0,-11.549001693725586
6641562624.0,-11.530789375305176
6642500096.0,-11.497440338134766
6643437568.0,-11.44968318939209
6644375040.0,-11.387380599975586
6645312512.0,-11.318248748779297
6646249984.0,-11.245331764221191
6647187456.0,-11.16560173034668
6648124928.0,-11.084868431091309
6649062400.0,-10.997658729553223
6649999872.0,-10.91322135925293
6650937344.0,-10.827729225158691
6651874816.0,-10.742608070373535
6652812288.0,-10.658954620361328
6653749760.0,-10.57647705078125
6654687744.0,-10.499959945678711
6655625216.0,-10.420515060424805
6656562688.0,-10.330090522766113
6657500160.0,-10.23530387878418
6658437632.0,-10.12631607055664
6659375104.0,-10.013127326965332
6660312576.0,-9.899287223815918
6661250048.0,-9.790939331054688
6662187520.0,-9.681135177612305
6663124992.0,-9.574203491210938
6664062464.0,-9.473371505737305
6664999936.0,-9.358323097229004
6665937408.0,-9.261514663696289
6666874880.0,-9.170293807983398
6667812352.0,-9.082372665405273
6668749824.0,-8.993541717529297
6669687296.0,-8.900907516479492
6670624768.0,-8.80756664276123
6671562752.0,-8.70946216583252
6672500224.0,-8.609413146972656
6673437696.0,-8.509949684143066
6674375168.0,-8.411690711975098
6675312640.0,-8.31700325012207
6676250112.0,-8.22138500213623
6677187584.0,-8.125886917114258
6678125056.0,-8.032035827636719
6679062528.0,-7.936456203460693
6680000000.0,-7.840858459472656
6680937472.0,-7.750067710876465
6681874944.0,-7.659252166748047
6682812416.0,-7.567769527435303
6683749888.0,-7.474349498748779
6684687360.0,-7.383633136749268
6685624832.0,-7.297702312469482
6686562304.0,-7.216376304626465
6687499776.0,-7.137705326080322
6688437248.0,-7.064067840576172
6689375232.0,-6.993402004241943
6690312704.0,-6.9260759353637695
6691250176.0,-6.861837863922119
6692187648.0,-6.797417640686035
6693125120.0,-6.736691474914551
6694062592.0,-6.672550678253174
6695000064.0,-6.610175609588623
6695937536.0,-6.54657506942749
6696875008.0,-6.481858253479004
6697812480.0,-6.415302753448486
6698749952.0,-6.349740028381348
6699687424.0,-6.283937931060791
6700624896.0,-6.221135139465332
6701562368.0,-6.1553778648376465
6702499840.0,-6.0924859046936035
6703437312.0,-6.030095100402832
6704374784.0,-5.966907501220703
6705312256.0,-5.903409004211426
6706250240.0,-5.841547012329102
6707187712.0,-5.783313751220703
6708125184.0,-5.726459980010986
6709062656.0,-5.670462131500244
6710000128.0,-5.615271091461182
6710937600.0,-5.5557780265808105
6711875072.0,-5.495788097381592
6712812544.0,-5.432430267333984
6713750016.0,-5.368578910827637
6714687488.0,-5.304020881652832
6715624960.0,-5.236609935760498
6716562432.0,-5.170779705047607
6717499904.0,-5.102181434631348
6718437376.0,-5.035745620727539
6719374848.0,-4.970687389373779
6720312320.0,-4.905717849731445
6721249792.0,-4.841361999511719
6722187264.0,-4.774986743927002
6723125248.0,-4.711277008056641
6724062720.0,-4.645296096801758
6725000192.0,-4.350872993469238
6725937664.0,-4.277708053588867
6726875136.0,-4.20772123336792
6727812608.0,-4.139557361602783
6728750080.0,-4.071763038635254
6729687552.0,-4.007376194000244
6730625024.0,-3.9459357261657715
6731562496.0,-3.8862853050231934
6732499968.0,-3.8288071155548096
6733437440.0,-3.7730584144592285
6734374912.0,-3.7185490131378174
6735312384.0,-3.6685614585876465
6736249856.0,-3.6201443672180176
6737187328.0,-3.575065851211548
6738124800.0,-3.5349113941192627
6739062272.0,-3.4978926181793213
6739999744.0,-3.463190793991089
6740937728.0,-3.4312846660614014
6741875200.0,-3.4023942947387695
6742812672.0,-3.37522029876709
6743750144.0,-3.349914073944092
6744687616.0,-3.324561595916748
6745625088.0,-3.2996137142181396
6746562560.0,-3.274434804916382
6747500032.0,-3.2500112056732178
6748437504.0,-3.2256147861480713
6749374976.0,-3.202270269393921
6750312448.0,-3.180598258972168
6751249920.0,-3.1591908931732178
6752187392.0,-3.1365294456481934
6753124864.0,-3.11807918548584
6754062336.0,-3.0986573696136475
6754999808.0,-3.081162214279175
6755937280.0,-3.0642952919006348
6756874752.0,-3.0480294227600098
6757812736.0,-3.0302023887634277
6758750208.0,-3.014251708984375
6759687680.0,-2.9965574741363525
6760625152.0,-2.9777400493621826
6761562624.0,-2.958073854446411
6762500096.0,-2.9381539821624756
6763437568.0,-2.917107343673706
6764375040.0,-2.89371919631958
6765312512.0,-2.870495319366455
6766249984.0,-2.844869613647461
6767187456.0,-2.8181955814361572
6768124928.0,-2.790996551513672
6769062400.0,-2.760871410369873
6769999872.0,-2.7313735485076904
6770937344.0,-2.6998612880706787
6771874816.0,-2.6689584255218506
6772812288.0,-2.635446310043335
6773749760.0,-2.603142261505127
6774687744.0,-2.5695621967315674
6775625216.0,-2.53562331199646
6776562688.0,-2.5021800994873047
6777500160.0,-2.4679348468780518
6778437632.0,-2.438737630844116
6779375104.0,-2.410076856613159
6780312576.0,-2.3801984786987305
6781250048.0,-2.3496081829071045
6782187520.0,-2.320551633834839
6783124992.0,-2.2915239334106445
6784062464.0,-2.2611398696899414
6784999936.0,-2.237090587615967
6785937408.0,-2.201744318008423
6786874880.0,-2.1668007373809814
6787812352.0,-2.132216215133667
6788749824.0,-2.098529815673828
6789687296.0,-2.0676207542419434
6790624768.0,-2.037278413772583
6791562752.0,-2.0104212760925293
6792500224.0,-1.9840067625045776
6793437696.0,-1.960606575012207
6794375168.0,-1.9368315935134888
6795312640.0,-1.917643427848816
6796250112.0,-1.8968316316604614
6797187584.0,-1.877346396446228
6798125056.0,-1.8602503538131714
6799062528.0,-1.8434451818466187
6800000000.0,-1.8273035287857056
6800937472.0,-1.811622142791748
6801874944.0,-1.798123836517334
6802812416.0,-1.784678339958191
6803749888.0,-1.774895429611206
6804687360.0,-1.76443350315094
6805624832.0,-1.7548779249191284
6806562304.0,-1.7451183795928955
6807499776.0,-1.734869360923767
6808437248.0,-1.7236100435256958
6809375232.0,-1.7113791704177856
6810312704.0,-1.6982977390289307
6811250176.0,-1.6875964403152466
6812187648.0,-1.6755479574203491
6813125120.0,-1.6624068021774292
6814062592.0,-1.6499742269515991
6815000064.0,-1.6373976469039917
6815937536.0,-1.623915433883667
6816875008.0,-1.6098533868789673
6817812480.0,-1.5950039625167847
6818749952.0,-1.579326868057251
6819687424.0,-1.5647952556610107
6820624896.0,-1.5485559701919556
6821562368.0,-1.529425859451294
6822499840.0,-1.512277603149414
6823437312.0,-1.49177086353302
6824374784.0,-1.4720373153686523
6825312256.0,-1.4525574445724487
6826250240.0,-1.4314398765563965
6827187712.0,-1.4123139381408691
6828125184.0,-1.391598105430603
6829062656.0,-1.3706107139587402
6830000128.0,-1.3470492362976074
6830937600.0,-1.3237181901931763
6831875072.0,-1.299879550933838
6832812544.0,-1.2759321928024292
6833750016.0,-1.253023386001587
6834687488.0,-1.2299973964691162
6835624960.0,-1.2092610597610474
6836562432.0,-1.189149022102356
6837499904.0,-1.170045018196106
6838437376.0,-1.1523500680923462
6839374848.0,-1.1357518434524536
6840312320.0,-1.1194286346435547
6841249792.0,-1.1045255661010742
6842187264.0,-1.092489242553711
6843125248.0,-1.0795226097106934
6844062720.0,-1.069567084312439
6845000192.0,-1.0328762531280518
6845937664.0,-1.0249128341674805
6846875136.0,-1.018129587173462
6847812608.0,-1.0123910903930664
6848750080.0,-1.007780909538269
6849687552.0,-1.0042821168899536
6850625024.0,-1.0022541284561157
6851562496.0,-1.0012879371643066
6852499968.0,-1.0015286207199097
6853437440.0,-1.0044972896575928
6854374912.0,-1.0078266859054565
6855312384.0,-1.010576605796814
6856249856.0,-1.013316035270691
6857187328.0,-1.018513798713684
6858124800.0,-1.024543046951294
6859062272.0,-1.0310965776443481
6860000256.0,-1.0384678840637207
6860937728.0,-1.0481066703796387
6861875200.0,-1.0574100017547607
6862812672.0,-1.0690919160842896
6863750144.0,-1.079175353050232
6864687616.0,-1.0901436805725098
6865625088.0,-1.1004430055618286
6866562560.0,-1.1102136373519897
6867500032.0,-1.119586706161499
6868437504.0,-1.1284184455871582
6869374976.0,-1.1354132890701294
6870312448.0,-1.1419408321380615
6871249920.0,-1.1479716300964355
6872187392.0,-1.1524614095687866
6873124864.0,-1.1551569700241089
6874062336.0,-1.1579618453979492
6874999808.0,-1.156819224357605
6875937280.0,-1.1542854309082031
6876874752.0,-1.1492397785186768
6877812736.0,-1.1426429748535156
6878750208.0,-1.133817195892334
6879687680.0,-1.1221555471420288
6880625152.0,-1.105932593345642
6881562624.0,-1.088564157485962
6882500096.0,-1.070576548576355
6883437568.0,-1.0497844219207764
6884375040.0,-1.0281976461410522
6885312512.0,-1.0040665864944458
6886249984.0,-0.9776296019554138
6887187456.0,-0.9516363143920898
6888124928.0,-0.9249273538589478
6889062400.0,-0.8963859677314758
6889999872.0,-0.867674708366394
6890937344.0,-0.8391197919845581
6891874816.0,-0.809558093547821
6892812288.0,-0.7796947360038757
6893749760.0,-0.7498065233230591
6894687744.0,-0.7201233506202698
6895625216.0,-0.6906790733337402
6896562688.0,-0.6615901589393616
6897500160.0,-0.6335667967796326
6898437632.0,-0.607001543045044
6899375104.0,-0.5803738832473755
6900312576.0,-0.5558772087097168
6901250048.0,-0.531348705291748
6902187520.0,-0.5078399181365967
6903124992.0,-0.4861016571521759
6904062464.0,-0.46540480852127075
6904999936.0,-0.442087322473526
6905937408.0,-0.4401802122592926
6906874880.0,-0.4382299482822418
6907812352.0,-0.43773627281188965
6908749824.0,-0.4379734396934509
6909687296.0,-0.44098803400993347
6910624768.0,-0.44435781240463257
6911562752.0,-0.4480167031288147
6912500224.0,-0.45352232456207275
6913437696.0,-0.4605569839477539
6914375168.0,-0.46794411540031433
6915312640.0,-0.47722750902175903
6916250112.0,-0.48759105801582336
6917187584.0,-0.4958909749984741
6918125056.0,-0.5066776871681213
6919062528.0,-0.5163204669952393
6920000000.0,-0.526279091835022
6920937472.0,-0.5367289781570435
6921874944.0,-0.5470665097236633
6922812416.0,-0.5572561025619507
6923749888.0,-0.5670087933540344
6924687360.0,-0.5751960873603821
6925624832.0,-0.5851958990097046
6926562304.0,-0.5927923917770386
6927499776.0,-0.6009817719459534
6928437248.0,-0.6084159016609192
6929375232.0,-0.6160898804664612
6930312704.0,-0.6220921277999878
6931250176.0,-0.6301021575927734
6932187648.0,-0.637566864490509
6933125120.0,-0.644542396068573
6934062592.0,-0.6494824886322021
6935000064.0,-0.6538599133491516
6935937536.0,-0.6592581868171692
6936875008.0,-0.6613235473632812
6937812480.0,-0.6646453738212585
6938749952.0,-0.6652247309684753
6939687424.0,-0.6653340458869934
6940624896.0,-0.6656540632247925
6941562368.0,-0.6639766097068787
6942499840.0,-0.6619317531585693
6943437312.0,-0.6586478352546692
6944374784.0,-0.6544097065925598
6945312256.0,-0.6499602794647217
6946250240.0,-0.6435160636901855
6947187712.0,-0.6373264789581299
6948125184.0,-0.6315629482269287
6949062656.0,-0.6234776973724365
6950000128.0,-0.6150711178779602
6950937600.0,-0.6062272787094116
6951875072.0,-0.5962287187576294
6952812544.0,-0.5847100615501404
6953750016.0,-0.5724271535873413
6954687488.0,-0.5593300461769104
6955624960.0,-0.5447134375572205
6956562432.0,-0.5335759520530701
6957499904.0,-0.5207037925720215
6958437376.0,-0.5074127316474915
6959374848.0,-0.4919531047344208
6960312320.0,-0.4778558313846588
6961249792.0,-0.4634789526462555
6962187264.0,-0.44865021109580994
6963125248.0,-0.43406787514686584
6964062720.0,-0.4182604253292084
6965000192.0,-0.33940550684928894
6965937664.0,-0.33253830671310425
6966875136.0,-0.32351019978523254
6967812608.0,-0.31676357984542847
6968750080.0,-0.31042182445526123
6969687552.0,-0.3032803535461426
6970625024.0,-0.2979707419872284
6971562496.0,-0.2923641800880432
6972499968.0,-0.2873009741306305
6973437440.0,-0.2829676866531372
6974374912.0,-0.2812407612800598
6975312384.0,-0.2790021300315857
6976249856.0,-0.27720388770103455
6977187328.0,-0.27705878019332886
6978124800.0,-0.27697649598121643
6979062272.0,-0.27889493107795715
6979999744.0,-0.28204914927482605
6980937728.0,-0.2861725389957428
6981875200.0,-0.2894180119037628
6982812672.0,-0.2951388657093048
6983750144.0,-0.3012608587741852
6984687616.0,-0.308797687292099
6985625088.0,-0.31643110513687134
6986562560.0,-0.3262266516685486
6987500032.0,-0.33654773235321045
6988437504.0,-0.3480973541736603
6989374976.0,-0.3591209948062897
6990312448.0,-0.3716656267642975
6991249920.0,-0.3845004439353943
6992187392.0,-0.39780405163764954
6993124864.0,-0.4109894037246704
6994062336.0,-0.42418187856674194
6994999808.0,-0.4371083676815033
6995937280.0,-0.44908684492111206
6996874752.0,-0.4622637927532196
6997812736.0,-0.47451621294021606
6998750208.0,-0.486187607049942
6999687680.0,-0.49662524461746216
7000625152.0,-0.50804603099823
7001562624.0,-0.5165119171142578
7002500096.0,-0.524068295955658
7003437568.0,-0.5322379469871521
7004375040.0,-0.5384436845779419
7005312512.0,-0.541420042514801
7006249984.0,-0.5454080104827881
7007187456.0,-0.547251284122467
7008124928.0,-0.5468989014625549
7009062400.0,-0.5445705652236938
7009999872.0,-0.5421154499053955
7010937344.0,-0.5373231172561646
7011874816.0,-0.5325430631637573
7012812288.0,-0.5256049633026123
7013749760.0,-0.5191795825958252
7014687744.0,-0.5096703171730042
7015625216.0,-0.5015553832054138
7016562688.0,-0.4918394088745117
7017500160.0,-0.4832076132297516
7018437632.0,-0.47345954179763794
7019375104.0,-0.4642317295074463
7020312576.0,-0.45505112409591675
7021250048.0,-0.4450052082538605
7022187520.0,-0.43569618463516235
7023124992.0,-0.42643946409225464
7024062464.0,-0.41771066188812256
7024999936.0,-0.3905566334724426
7025937408.0,-0.3828659653663635
7026874880.0,-0.3759395480155945
7027812352.0,-0.37058231234550476
7028749824.0,-0.3653702735900879
7029687296.0,-0.3617427945137024
7030624768.0,-0.35999932885169983
7031562752.0,-0.3588813245296478
7032500224.0,-0.358317494392395
7033437696.0,-0.3606712818145752
7034375168.0,-0.36415228247642517
7035312640.0,-0.36870837211608887
7036250112.0,-0.37427815794944763
7037187584.0,-0.38045400381088257
7038125056.0,-0.3898177146911621
7039062528.0,-0.3977658152580261
7040000000.0,-0.4059906601905823
7040937472.0,-0.4170202612876892
7041874944.0,-0.42601221799850464
7042812416.0,-0.43563419580459595
7043749888.0,-0.4443110227584839
7044687360.0,-0.4517313241958618
7045624832.0,-0.4587394893169403
7046562304.0,-0.46433570981025696
7047499776.0,-0.4680003523826599
7048437248.0,-0.47215598821640015
7049375232.0,-0.4740183353424072
7050312704.0,-0.4744102358818054
7051250176.0,-0.4737854301929474
7052187648.0,-0.47018519043922424
7053125120.0,-0.4656584560871124
7054062592.0,-0.4589603841304779
7055000064.0,-0.4515639841556549
7055937536.0,-0.4416070282459259
7056875008.0,-0.4292290210723877
7057812480.0,-0.41681286692619324
7058749952.0,-0.4003027677536011
7059687424.0,-0.3828302323818207
7060624896.0,-0.3647485673427582
7061562368.0,-0.34408777952194214
7062499840.0,-0.32442158460617065
7063437312.0,-0.3041103184223175
7064374784.0,-0.2831599712371826
7065312256.0,-0.26224496960639954
7066250240.0,-0.2418806105852127
7067187712.0,-0.22137998044490814
7068125184.0,-0.20143449306488037
7069062656.0,-0.18281477689743042
7070000128.0,-0.16428177058696747
7070937600.0,-0.14758124947547913
7071875072.0,-0.13308994472026825
7072812544.0,-0.11745992302894592
7073750016.0,-0.10523969680070877
7074687488.0,-0.09424113482236862
7075624960.0,-0.08335757255554199
7076562432.0,-0.07705505192279816
7077499904.0,-0.07324540615081787
7078437376.0,-0.06889930367469788
7079374848.0,-0.06926556676626205
7080312320.0,-0.0708150565624237
7081249792.0,-0.07524681091308594
7082187264.0,-0.08124835789203644
7083125248.0,-0.09088875353336334
7084062720.0,-0.10053085535764694
7085000192.0,-0.2584148049354553
7085937664.0,-0.2713358700275421
7086875136.0,-0.28542906045913696
7087812608.0,-0.3021828234195709
7088750080.0,-0.32110702991485596
7089687552.0,-0.3408041298389435
7090625024.0,-0.362027645111084
7091562496.0,-0.3867175579071045
7092499968.0,-0.41251739859580994
7093437440.0,-0.4388957619667053
7094374912.0,-0.46767422556877136
7095312384.0,-0.4979809820652008
7096249856.0,-0.5277377367019653
7097187328.0,-0.5606499910354614
7098124800.0,-0.5925872325897217
7099062272.0,-0.6241195797920227
7100000256.0,-0.6567447781562805
7100937728.0,-0.6867440342903137
7101875200.0,-0.7177293300628662
7102812672.0,-0.746618390083313
7103750144.0,-0.7741652131080627
7104687616.0,-0.7979638576507568
7105625088.0,-0.8204429149627686
7106562560.0,-0.8391119837760925
7107500032.0,-0.8548609614372253
7108437504.0,-0.8662031292915344
7109374976.0,-0.8743364214897156
7110312448.0,-0.8788090348243713
7111249920.0,-0.8797895908355713
7112187392.0,-0.876579225063324
7113124864.0,-0.8689813017845154
7114062336.0,-0.8590907454490662
7114999808.0,-0.8432661890983582
7115937280.0,-0.8243979215621948
7116874752.0,-0.8036929368972778
7117812736.0,-0.7789093852043152
7118750208.0,-0.7524264454841614
7119687680.0,-0.7231424450874329
7120625152.0,-0.6909019351005554
7121562624.0,-0.6583805084228516
7122500096.0,-0.6244323253631592
7123437568.0,-0.588818371295929
7124375040.0,-0.5528156161308289
7125312512.0,-0.5168293118476868
7126249984.0,-0.48059767484664917
7127187456.0,-0.44471415877342224
7128124928.0,-0.4091304838657379
7129062400.0,-0.3745591640472412
7129999872.0,-0.3415311276912689
7130937344.0,-0.3096170127391815
7131874816.0,-0.2786921262741089
7132812288.0,-0.250118613243103
7133749760.0,-0.2234765589237213
7134687744.0,-0.19814734160900116
7135625216.0,-0.17574234306812286
7136562688.0,-0.1549670249223709
7137500160.0,-0.13724681735038757
7138437632.0,-0.12049351632595062
7139375104.0,-0.10560930520296097
7140312576.0,-0.09293091297149658
7141250048.0,-0.08173047006130219
7142187520.0,-0.07301374524831772
7143124992.0,-0.06572040915489197
7144062464.0,-0.17281486093997955
7144999936.0,-0.1749947965145111
7145937408.0,-0.17831012606620789
7146874880.0,-0.1819821000099182
7147812352.0,-0.1860019713640213
7148749824.0,-0.19058945775032043
7149687296.0,-0.19796229898929596
7150624768.0,-0.2042505294084549
7151562752.0,-0.21290473639965057
7152500224.0,-0.22263532876968384
7153437696.0,-0.2348083108663559
7154375168.0,-0.24852405488491058
7155312640.0,-0.2643760144710541
7156250112.0,-0.28344011306762695
7157187584.0,-0.30332013964653015
7158125056.0,-0.32693159580230713
7159062528.0,-0.35165655612945557
7160000000.0,-0.3781314492225647
7160937472.0,-0.4040939211845398
7161874944.0,-0.4260026514530182
7162812416.0,-0.444293737411499
7163749888.0,-0.45816749334335327
7164687360.0,-0.4709298610687256
7165624832.0,-0.4786316156387329
7166562304.0,-0.48365020751953125
7167499776.0,-0.4887875020503998
7168437248.0,-0.4900974631309509
7169375232.0,-0.4909362196922302
7170312704.0,-0.49123474955558777
7171250176.0,-0.49284467101097107
7172187648.0,-0.4934051036834717
7173125120.0,-0.49647828936576843
7174062592.0,-0.5010987520217896
7175000064.0,-0.5078235268592834
7175937536.0,-0.5186100006103516
7176875008.0,-0.5317105650901794
7177812480.0,-0.5456618070602417
7178749952.0,-0.5632464289665222
7179687424.0,-0.5824259519577026
7180624896.0,-0.6030980944633484
7181562368.0,-0.6237878203392029
7182499840.0,-0.6460273861885071
7183437312.0,-0.6682604551315308
7184374784.0,-0.6880735754966736
7185312256.0,-0.7056759595870972
7186250240.0,-0.7212487459182739
7187187712.0,-0.7332006692886353
7188125184.0,-0.7413022518157959
7189062656.0,-0.7470143437385559
7190000128.0,-0.7484623193740845
7190937600.0,-0.7454798221588135
7191875072.0,-0.7382439970970154
7192812544.0,-0.728337824344635
7193750016.0,-0.7150241732597351
7194687488.0,-0.6983545422554016
7195624960.0,-0.6775848865509033
7196562432.0,-0.6560589671134949
7197499904.0,-0.6311764121055603
7198437376.0,-0.6067235469818115
7199374848.0,-0.5788664817810059
7200312320.0,-0.5539149641990662
7201249792.0,-0.527607262134552
7202187264.0,-0.5022808313369751
7203125248.0,-0.4777419865131378
7204062720.0,-0.6051868200302124
7205000192.0,-0.5982742309570312
7205937664.0,-0.5935056209564209
7206875136.0,-0.5912145376205444
7207812608.0,-0.5910521149635315
7208750080.0,-0.593691885471344
7209687552.0,-0.5976536870002747
7210625024.0,-0.605688750743866
7211562496.0,-0.6183421015739441
7212499968.0,-0.6323975324630737
7213437440.0,-0.649319052696228
7214374912.0,-0.6672042608261108
7215312384.0,-0.6864596009254456
7216249856.0,-0.7057734131813049
7217187328.0,-0.726618766784668
7218124800.0,-0.7466971278190613
7219062272.0,-0.7656774520874023
7219999744.0,-0.7856427431106567
7220937728.0,-0.8030041456222534
7221875200.0,-0.8205876350402832
7222812672.0,-0.8359093070030212
7223750144.0,-0.8503161072731018
7224687616.0,-0.862427294254303
7225625088.0,-0.874681293964386
7226562560.0,-0.8842684626579285
7227500032.0,-0.8912690281867981
7228437504.0,-0.8960340023040771
7229374976.0,-0.8998538255691528
7230312448.0,-0.900667667388916
7231249920.0,-0.9010051488876343
7232187392.0,-0.8994966149330139
7233124864.0,-0.8981996178627014
7234062336.0,-0.8951853513717651
7234999808.0,-0.8916338682174683
7235937280.0,-0.8880046010017395
7236874752.0,-0.8847768902778625
7237812736.0,-0.8809941411018372
7238750208.0,-0.8759270906448364
7239687680.0,-0.8725938200950623
7240625152.0,-0.8690884113311768
7241562624.0,-0.8666467070579529
7242500096.0,-0.8642743229866028
7243437568.0,-0.8637610077857971
7244375040.0,-0.863936185836792
7245312512.0,-0.8647993803024292
7246249984.0,-0.8683175444602966
7247187456.0,-0.8713942766189575
7248124928.0,-0.8780031204223633
7249062400.0,-0.8854297995567322
7249999872.0,-0.8958314657211304
7250937344.0,-0.9066373705863953
7251874816.0,-0.9192562103271484
7252812288.0,-0.9329562783241272
7253749760.0,-0.9474167227745056
7254687744.0,-0.9636470079421997
7255625216.0,-0.9800458550453186
7256562688.0,-0.9973209500312805
7257500160.0,-1.0159598588943481
7258437632.0,-1.0346871614456177
7259375104.0,-1.052302360534668
7260312576.0,-1.070509910583496
7261250048.0,-1.0887647867202759
7262187520.0,-1.1028659343719482
7263124992.0,-1.1169171333312988
7264062464.0,-1.1484295129776
7264999936.0,-1.1629506349563599
7265937408.0,-1.1777530908584595
7266874880.0,-1.1912696361541748
7267812352.0,-1.2045774459838867
7268749824.0,-1.2164268493652344
7269687296.0,-1.228819489479065
7270624768.0,-1.2396975755691528
7271562752.0,-1.2494175434112549
7272500224.0,-1.258081078529358
7273437696.0,-1.2655633687973022
7274375168.0,-1.2713826894760132
7275312640.0,-1.2752118110656738
7276250112.0,-1.2776165008544922
7277187584.0,-1.2780067920684814
7278125056.0,-1.2754160165786743
7279062528.0,-1.272572636604309
7280000000.0,-1.264162540435791
7280937472.0,-1.2548305988311768
7281874944.0,-1.2445087432861328
7282812416.0,-1.2308326959609985
7283749888.0,-1.2167015075683594
7284687360.0,-1.1994538307189941
7285624832.0,-1.1812175512313843
7286562304.0,-1.1589045524597168
7287499776.0,-1.1367669105529785
7288437248.0,-1.1137819290161133
7289375232.0,-1.089175820350647
7290312704.0,-1.0606874227523804
7291250176.0,-1.0322703123092651
7292187648.0,-1.0024820566177368
7293125120.0,-0.9700601100921631
7294062592.0,-0.9375590682029724
7295000064.0,-0.9056828022003174
7295937536.0,-0.8694693446159363
7296875008.0,-0.8356489539146423
7297812480.0,-0.8003556728363037
7298749952.0,-0.7652053833007812
7299687424.0,-0.7299297451972961
7300624896.0,-0.6941838264465332
7301562368.0,-0.6596864461898804
7302499840.0,-0.6250060796737671
7303437312.0,-0.5924044847488403
7304374784.0,-0.5595539212226868
7305312256.0,-0.528080940246582
7306250240.0,-0.49747133255004883
7307187712.0,-0.46847063302993774
7308125184.0,-0.43989595770835876
7309062656.0,-0.4118864834308624
7310000128.0,-0.3854624330997467
7310937600.0,-0.36072295904159546
7311875072.0,-0.33788296580314636
7312812544.0,-0.31839612126350403
7313750016.0,-0.3025047481060028
7314687488.0,-0.2870900630950928
7315624960.0,-0.2743384838104248
7316562432.0,-0.2633008658885956
7317499904.0,-0.2523469626903534
7318437376.0,-0.24462930858135223
7319374848.0,-0.23856642842292786
7320312320.0,-0.23402805626392365
7321249792.0,-0.23240406811237335
7322187264.0,-0.23224122822284698
7323125248.0,-0.23371338844299316
7324062720.0,-0.38878142833709717
7325000192.0,-0.38635191321372986
7325937664.0,-0.3875875174999237
7326875136.0,-0.3883301019668579
7327812608.0,-0.3915911018848419
7328750080.0,-0.39577552676200867
7329687552.0,-0.40083175897598267
7330625024.0,-0.40732231736183167
7331562496.0,-0.4146560728549957
7332499968.0,-0.42414528131484985
7333437440.0,-0.43197867274284363
7334374912.0,-0.44062870740890503
7335312384.0,-0.45097172260284424
7336249856.0,-0.45951998233795166
7337187328.0,-0.46855926513671875
7338124800.0,-0.47860583662986755
7339062272.0,-0.48564431071281433
7340000256.0,-0.4912329912185669
7340937728.0,-0.4988774061203003
7341875200.0,-0.5036512613296509
7342812672.0,-0.5074489116668701
7343750144.0,-0.5098972320556641
7344687616.0,-0.5131222009658813
7345625088.0,-0.5125845074653625
7346562560.0,-0.5122005343437195
7347500032.0,-0.5111492276191711
7348437504.0,-0.5084975361824036
7349374976.0,-0.503035306930542
7350312448.0,-0.4984278380870819
7351249920.0,-0.4914403259754181
7352187392.0,-0.48379307985305786
7353124864.0,-0.47410956025123596
7354062336.0,-0.46415087580680847
7354999808.0,-0.45210474729537964
7355937280.0,-0.43997645378112793
7356874752.0,-0.4271003007888794
7357812736.0,-0.4133736193180084
7358750208.0,-0.39960241317749023
7359687680.0,-0.38474106788635254
7360625152.0,-0.3700399100780487
7361562624.0,-0.35589417815208435
7362500096.0,-0.3404792249202728
7363437568.0,-0.3249880373477936
7364375040.0,-0.3067266047000885
7365312512.0,-0.2886945307254791
7366249984.0,-0.26970797777175903
7367187456.0,-0.25126922130584717
7368124928.0,-0.23353587090969086
7369062400.0,-0.21415941417217255
7369999872.0,-0.19628474116325378
7370937344.0,-0.17712189257144928
7371874816.0,-0.15796974301338196
7372812288.0,-0.13922956585884094
7373749760.0,-0.11934023350477219
7374687744.0,-0.10002313554286957
7375625216.0,-0.08095100522041321
7376562688.0,-0.061892904341220856
7377500160.0,-0.039882026612758636
7378437632.0,-0.02010897733271122
7379375104.0,0.001227007363922894
7380312576.0,0.021902045235037804
7381250048.0,0.04355786740779877
7382187520.0,0.06439106911420822
7383124992.0,0.08484470099210739
7384062464.0,0.0897376537322998
7384999936.0,0.09643493592739105
7385937408.0,0.10334949195384979
7386874880.0,0.10841649770736694
7387812352.0,0.1131535992026329
7388749824.0,0.11942992359399796
7389687296.0,0.12409856170415878
7390624768.0,0.12834709882736206
7391562752.0,0.13337397575378418
7392500224.0,0.13804320991039276
7393437696.0,0.14373938739299774
7394375168.0,0.1492071896791458
7395312640.0,0.15354135632514954
7396250112.0,0.1595543771982193
7397187584.0,0.16478364169597626
7398125056.0,0.17181745171546936
7399062528.0,0.1781928837299347
7400000000.0,0.18437354266643524
7400937472.0,0.19157253205776215
7401874944.0,0.19785580039024353
7402812416.0,0.2039659470319748
7403749888.0,0.21050529181957245
7404687360.0,0.21568119525909424
7405624832.0,0.21873979270458221
7406562304.0,0.221416637301445
7407499776.0,0.22153240442276
7408437248.0,0.22015003859996796
7409375232.0,0.21657301485538483
7410312704.0,0.21046392619609833
7411250176.0,0.20237569510936737
7412187648.0,0.19269827008247375
7413125120.0,0.1793457567691803
7414062592.0,0.16334091126918793
7415000064.0,0.14548605680465698
7415937536.0,0.12629547715187073
7416875008.0,0.10363228619098663
7417812480.0,0.08104986697435379
7418749952.0,0.056078068912029266
7419687424.0,0.029428232461214066
7420624896.0,0.004361021798104048
7421562368.0,-0.022253774106502533
7422499840.0,-0.047922953963279724
7423437312.0,-0.0755114033818245
7424374784.0,-0.10012236982584
7425312256.0,-0.12418242543935776
7426250240.0,-0.14568878710269928
7427187712.0,-0.16699957847595215
7428125184.0,-0.18741728365421295
7429062656.0,-0.20516949892044067
7430000128.0,-0.2216002345085144
7430937600.0,-0.23819619417190552
7431875072.0,-0.2498263716697693
7432812544.0,-0.2618211507797241
7433750016.0,-0.2721674144268036
7434687488.0,-0.28147390484809875
7435624960.0,-0.2884044349193573
7436562432.0,-0.29414448142051697
7437499904.0,-0.2999044358730316
7438437376.0,-0.303154855966568
7439374848.0,-0.3061061501502991
7440312320.0,-0.3076251447200775
7441249792.0,-0.30695030093193054
7442187264.0,-0.305491179227829
7443125248.0,-0.3023105263710022
7444062720.0,-0.06928057223558426
7445000192.0,-0.05110840126872063
7445937664.0,-0.03605138510465622
7446875136.0,-0.02311381883919239
7447812608.0,-0.012836399488151073
7448750080.0,-0.004834937397390604
7449687552.0,0.0025671864859759808
7450625024.0,0.005441996268928051
7451562496.0,0.010269228368997574
7452499968.0,0.012462060898542404
7453437440.0,0.015795473009347916
7454374912.0,0.016288259997963905
7455312384.0,0.019131818786263466
7456249856.0,0.021039921790361404
7457187328.0,0.02402638830244541
7458124800.0,0.027289550751447678
7459062272.0,0.03149197995662689
7459999744.0,0.037088412791490555
7460937728.0,0.043193407356739044
7461875200.0,0.050495073199272156
7462812672.0,0.05841461941599846
7463750144.0,0.06760159879922867
7464687616.0,0.07686079293489456
7465625088.0,0.08774229139089584
7466562560.0,0.09837372601032257
7467500032.0,0.10978619754314423
7468437504.0,0.12130752950906754
7469374976.0,0.1339619904756546
7470312448.0,0.14629006385803223
7471249920.0,0.15685056149959564
7472187392.0,0.16888555884361267
7473124864.0,0.1790134161710739
7474062336.0,0.18975040316581726
7474999808.0,0.1995111107826233
7475937280.0,0.20754770934581757
7476874752.0,0.21598736941814423
7477812736.0,0.22192685306072235
7478750208.0,0.22685499489307404
7479687680.0,0.23054997622966766
7480625152.0,0.23262225091457367
7481562624.0,0.2334684431552887
7482500096.0,0.2322608381509781
7483437568.0,0.22959737479686737
7484375040.0,0.22590143978595734
7485312512.0,0.21948295831680298
7486249984.0,0.2121119499206543
7487187456.0,0.2035520374774933
7488124928.0,0.1941215544939041
7489062400.0,0.18345291912555695
7489999872.0,0.17132802307605743
7490937344.0,0.15845930576324463
7491874816.0,0.14138032495975494
7492812288.0,0.12321612238883972
7493749760.0,0.10576660931110382
7494687744.0,0.08709515631198883
7495625216.0,0.06774216890335083
7496562688.0,0.04951539635658264
7497500160.0,0.03034689836204052
7498437632.0,0.012148573994636536
7499375104.0,-0.006197445560246706
7500312576.0,-0.02350924350321293
7501250048.0,-0.04086969792842865
7502187520.0,-0.05615707486867905
7503124992.0,-0.07020266354084015
7504062464.0,-0.04670756682753563
7504999936.0,-0.0573684424161911
7505937408.0,-0.06659631431102753
7506874880.0,-0.07552987337112427
7507812352.0,-0.08523855358362198
7508749824.0,-0.09270930290222168
7509687296.0,-0.1005554273724556
7510624768.0,-0.10882212966680527
7511562752.0,-0.11450035125017166
7512500224.0,-0.12060540914535522
7513437696.0,-0.12546437978744507
7514375168.0,-0.12995152175426483
7515312640.0,-0.13319945335388184
7516250112.0,-0.13564226031303406
7517187584.0,-0.13781170547008514
7518125056.0,-0.14015692472457886
7519062528.0,-0.14197860658168793
7520000000.0,-0.14172495901584625
7520937472.0,-0.14083153009414673
7521874944.0,-0.13899825513362885
7522812416.0,-0.13625028729438782
7523749888.0,-0.1306188404560089
7524687360.0,-0.12580716609954834
7525624832.0,-0.11971662193536758
7526562304.0,-0.11202912777662277
7527499776.0,-0.10469558089971542
7528437248.0,-0.09599728137254715
7529375232.0,-0.08577384054660797
7530312704.0,-0.07553230226039886
7531250176.0,-0.06362881511449814
7532187648.0,-0.0508599653840065
7533125120.0,-0.037363648414611816
7534062592.0,-0.023739377036690712
7535000064.0,-0.009106029756367207
7535937536.0,0.006349771283566952
7536875008.0,0.021734757348895073
7537812480.0,0.037844374775886536
7538749952.0,0.05469842255115509
7539687424.0,0.07285252213478088
7540624896.0,0.09153155237436295
7541562368.0,0.10911250114440918
7542499840.0,0.129754900932312
7543437312.0,0.15072131156921387
7544374784.0,0.17080175876617432
7545312256.0,0.19128206372261047
7546250240.0,0.2127266675233841
7547187712.0,0.23334021866321564
7548125184.0,0.25333940982818604
7549062656.0,0.2728465497493744
7550000128.0,0.2927916944026947
7550937600.0,0.31224486231803894
7551875072.0,0.3308774530887604
7552812544.0,0.3478046953678131
7553750016.0,0.36588695645332336
7554687488.0,0.3814581632614136
7555624960.0,0.3964683413505554
7556562432.0,0.40972036123275757
7557499904.0,0.4210694134235382
7558437376.0,0.4314069449901581
7559374848.0,0.44048115611076355
7560312320.0,0.44757115840911865
7561249792.0,0.45274221897125244
7562187264.0,0.4556620419025421
7563125248.0,0.4564550817012787
7564062720.0,0.23821748793125153
7565000192.0,0.23590126633644104
7565937664.0,0.23353509604930878
7566875136.0,0.22973312437534332
7567812608.0,0.22685697674751282
7568750080.0,0.2229500561952591
7569687552.0,0.21796706318855286
7570625024.0,0.21128714084625244
7571562496.0,0.2044544368982315
7572499968.0,0.19673685729503632
7573437440.0,0.18772538006305695
7574374912.0,0.1764083355665207
7575312384.0,0.16535276174545288
7576249856.0,0.1533687561750412
7577187328.0,0.13931842148303986
7578124800.0,0.12493345141410828
7579062272.0,0.10989841818809509
7580000256.0,0.09315869212150574
7580937728.0,0.07679372280836105
7581875200.0,0.059135887771844864
7582812672.0,0.040639106184244156
7583750144.0,0.021524913609027863
7584687616.0,0.002704143989831209
7585625088.0,-0.0182326827198267
7586562560.0,-0.038057923316955566
7587500032.0,-0.058257583528757095
7588437504.0,-0.07777167111635208
7589374976.0,-0.09732925146818161
7590312448.0,-0.11675923317670822
7591249920.0,-0.13583062589168549
7592187392.0,-0.15497347712516785
7593124864.0,-0.17219313979148865
7594062336.0,-0.18844643235206604
7594999808.0,-0.20422270894050598
7595937280.0,-0.21860358119010925
7596874752.0,-0.23200280964374542
7597812736.0,-0.24446099996566772
7598750208.0,-0.2538926601409912
7599687680.0,-0.26266196370124817
7600625152.0,-0.2696056663990021
7601562624.0,-0.2737327218055725
7602500096.0,-0.2766644358634949
7603437568.0,-0.2786840796470642
7604375040.0,-0.27786725759506226
7605312512.0,-0.2751542627811432
7606249984.0,-0.26981666684150696
7607187456.0,-0.2632482051849365
7608124928.0,-0.2546336352825165
7609062400.0,-0.24502858519554138
7609999872.0,-0.2328900545835495
7610937344.0,-0.21874096989631653
7611874816.0,-0.20253273844718933
7612812288.0,-0.1831023246049881
7613749760.0,-0.1644866168498993
7614687744.0,-0.143467515707016
7615625216.0,-0.12233279645442963
7616562688.0,-0.0975082516670227
7617500160.0,-0.07403013855218887
7618437632.0,-0.04846237227320671
7619375104.0,-0.020152630284428596
7620312576.0,0.006340811029076576
7621250048.0,0.03337772190570831
7622187520.0,0.06127885356545448
7623124992.0,0.08877550810575485
7624062464.0,0.11729976534843445
7624999936.0,0.1433914601802826
7625937408.0,0.16804338991641998
7626874880.0,0.1934274584054947
7627812352.0,0.21727067232131958
7628749824.0,0.23965850472450256
7629687296.0,0.260254442691803
7630624768.0,0.27874770760536194
7631562752.0,0.2960113286972046
7632500224.0,0.3123624622821808
7633437696.0,0.32570579648017883
7634375168.0,0.3382364809513092
7635312640.0,0.3474828004837036
7636250112.0,0.3543367385864258
7637187584.0,0.3615208864212036
7638125056.0,0.36585578322410583
7639062528.0,0.36764273047447205
7640000000.0,0.36688271164894104
7640937472.0,0.36529186367988586
7641874944.0,0.3603290915489197
7642812416.0,0.3548594117164612
7643749888.0,0.3473499119281769
7644687360.0,0.3382101058959961
7645624832.0,0.3279571533203125
7646562304.0,0.31569769978523254
7647499776.0,0.3023894727230072
7648437248.0,0.2871982157230377
7649375232.0,0.27132436633110046
7650312704.0,0.2533405125141144
7651250176.0,0.23500868678092957
7652187648.0,0.21473245322704315
7653125120.0,0.19393999874591827
7654062592.0,0.17283456027507782
7655000064.0,0.14912520349025726
7655937536.0,0.12431680411100388
7656875008.0,0.10039559006690979
7657812480.0,0.07488340884447098
7658749952.0,0.04931483790278435
7659687424.0,0.023315008729696274
7660624896.0,-0.0030714941676706076
7661562368.0,-0.02895941399037838
7662499840.0,-0.05482911691069603
7663437312.0,-0.08099675178527832
7664374784.0,-0.10597176104784012
7665312256.0,-0.13090671598911285
7666250240.0,-0.15380263328552246
7667187712.0,-0.1758456826210022
7668125184.0,-0.19577939808368683
7669062656.0,-0.2142796516418457
7670000128.0,-0.23305749893188477
7670937600.0,-0.24979867041110992
7671875072.0,-0.2624283730983734
7672812544.0,-0.2752428352832794
7673750016.0,-0.2851577401161194
7674687488.0,-0.2924186587333679
7675624960.0,-0.29743340611457825
7676562432.0,-0.30001702904701233
7677499904.0,-0.2997514605522156
7678437376.0,-0.296318382024765
7679374848.0,-0.29175400733947754
7680312320.0,-0.28490540385246277
7681249792.0,-0.27486228942871094
7682187264.0,-0.2625716030597687
7683125248.0,-0.2491631656885147
7684062720.0,-0.22565801441669464
7685000192.0,-0.21464510262012482
7685937664.0,-0.2017543911933899
7686875136.0,-0.18856854736804962
7687812608.0,-0.17198118567466736
7688750080.0,-0.1548958271741867
7689687552.0,-0.137947216629982
7690625024.0,-0.11981746554374695
7691562496.0,-0.10009633749723434
7692499968.0,-0.07977402210235596
7693437440.0,-0.06035380810499191
7694374912.0,-0.038492269814014435
7695312384.0,-0.0215182825922966
7696249856.0,-0.0030036340467631817
7697187328.0,0.015495799481868744
7698124800.0,0.03320012986660004
7699062272.0,0.049820758402347565
7699999744.0,0.06758511811494827
7700937728.0,0.08301565796136856
7701875200.0,0.09940383583307266
7702812672.0,0.11398176103830338
7703750144.0,0.12876832485198975
7704687616.0,0.14070463180541992
7705625088.0,0.15462952852249146
7706562560.0,0.16667817533016205
7707500032.0,0.177326038479805
7708437504.0,0.18866506218910217
7709374976.0,0.19762951135635376
7710312448.0,0.20766384899616241
7711249920.0,0.21596160531044006
7712187392.0,0.22367911040782928
7713124864.0,0.23124270141124725
7714062336.0,0.23891107738018036
7714999808.0,0.24529720842838287
7715937280.0,0.25119587779045105
7716874752.0,0.2576015889644623
7717812736.0,0.26296326518058777
7718750208.0,0.2682171165943146
7719687680.0,0.27155381441116333
7720625152.0,0.275366872549057
7721562624.0,0.27744820713996887
7722500096.0,0.2787080705165863
7723437568.0,0.28061699867248535
7724375040.0,0.27957797050476074
7725312512.0,0.27903956174850464
7726249984.0,0.2772330045700073
7727187456.0,0.27404311299324036
7728124928.0,0.269726037979126
7729062400.0,0.2648165225982666
7729999872.0,0.2584228515625
7730937344.0,0.2508451044559479
7731874816.0,0.24188408255577087
7732812288.0,0.23028095066547394
7733749760.0,0.21894510090351105
7734687744.0,0.20494376122951508
7735625216.0,0.1900729537010193
7736562688.0,0.1726023107767105
7737500160.0,0.15472492575645447
7738437632.0,0.13560475409030914
7739375104.0,0.1142638698220253
7740312576.0,0.0932382121682167
7741250048.0,0.07002329081296921
7742187520.0,0.04622653126716614
7743124992.0,0.021094171330332756
7744062464.0,-0.0001255636743735522
7744999936.0,-0.003928832709789276
7745937408.0,-0.011366600170731544
7746874880.0,-0.018622588366270065
7747812352.0,-0.02792339399456978
7748749824.0,-0.03843836858868599
7749687296.0,-0.049038395285606384
7750624768.0,-0.061655160039663315
7751562752.0,-0.07553017139434814
7752500224.0,-0.09140442311763763
7753437696.0,-0.10750163346529007
7754375168.0,-0.12403766810894012
7755312640.0,-0.14075717329978943
7756250112.0,-0.1587415486574173
7757187584.0,-0.1774417906999588
7758125056.0,-0.1946210116147995
7759062528.0,-0.2127988338470459
7760000000.0,-0.2318747341632843
7760937472.0,-0.2503993511199951
7761874944.0,-0.26777514815330505
7762812416.0,-0.28447648882865906
7763749888.0,-0.3009270131587982
7764687360.0,-0.31697776913642883
7765624832.0,-0.3298281729221344
7766562304.0,-0.34232664108276367
7767499776.0,-0.353270024061203
7768437248.0,-0.3626265227794647
7769375232.0,-0.3700932264328003
7770312704.0,-0.37526804208755493
7771250176.0,-0.3796911835670471
7772187648.0,-0.3807523250579834
7773125120.0,-0.3810799717903137
7774062592.0,-0.3784770369529724
7775000064.0,-0.37239623069763184
7775937536.0,-0.36563974618911743
7776875008.0,-0.3561520278453827
7777812480.0,-0.3434785008430481
7778749952.0,-0.3298436403274536
7779687424.0,-0.31291452050209045
7780624896.0,-0.2945040464401245
7781562368.0,-0.2734878957271576
7782499840.0,-0.2505629360675812
7783437312.0,-0.22569935023784637
7784374784.0,-0.19984661042690277
7785312256.0,-0.17170724272727966
7786250240.0,-0.1428002119064331
7787187712.0,-0.11222466081380844
7788125184.0,-0.08031217753887177
7789062656.0,-0.04728376120328903
7790000128.0,-0.014931016601622105
7790937600.0,0.017905255779623985
7791875072.0,0.05073469132184982
7792812544.0,0.08346632122993469
7793750016.0,0.1176643893122673
7794687488.0,0.14959785342216492
7795624960.0,0.18131256103515625
7796562432.0,0.21086138486862183
7797499904.0,0.24002820253372192
7798437376.0,0.267145574092865
7799374848.0,0.29295679926872253
7800312320.0,0.3175387680530548
7801249792.0,0.3386245667934418
7802187264.0,0.3577921986579895
7803125248.0,0.3733593225479126
7804062720.0,0.19776152074337006
7805000192.0,0.2086647003889084
7805937664.0,0.21642187237739563
7806875136.0,0.22306181490421295
7807812608.0,0.2280624508857727
7808750080.0,0.2319035530090332
7809687552.0,0.23240260779857635
7810625024.0,0.23189248144626617
7811562496.0,0.22824911773204803
7812499968.0,0.2235112488269806
7813437440.0,0.21586677432060242
7814374912.0,0.20532919466495514
7815312384.0,0.19424113631248474
7816249856.0,0.17880409955978394
7817187328.0,0.16296817362308502
7818124800.0,0.14474785327911377
7819062272.0,0.12429504096508026
7820000256.0,0.10198506712913513
7820937728.0,0.07860890030860901
7821875200.0,0.05354934185743332
7822812672.0,0.029121749103069305
7823750144.0,0.003838993376120925
7824687616.0,-0.02412843331694603
7825625088.0,-0.05086950212717056
7826562560.0,-0.07916329801082611
7827500032.0,-0.107564277946949
7828437504.0,-0.13524101674556732
7829374976.0,-0.1636294722557068
7830312448.0,-0.19220560789108276
7831249920.0,-0.2194865643978119
7832187392.0,-0.24542978405952454
7833124864.0,-0.27117717266082764
7834062336.0,-0.2958582937717438
7834999808.0,-0.31885096430778503
7835937280.0,-0.3408351242542267
7836874752.0,-0.360609769821167
7837812736.0,-0.3779458999633789
7838750208.0,-0.3939579725265503
7839687680.0,-0.4080407917499542
7840625152.0,-0.4198056757450104
7841562624.0,-0.4298037588596344
7842500096.0,-0.43744805455207825
7843437568.0,-0.44404157996177673
7844375040.0,-0.44707751274108887
7845312512.0,-0.44888317584991455
7846249984.0,-0.4477942883968353
7847187456.0,-0.4465181231498718
7848124928.0,-0.43944135308265686
7849062400.0,-0.42941710352897644
7849999872.0,-0.41876474022865295
7850937344.0,-0.40730398893356323
7851874816.0,-0.3934195041656494
7852812288.0,-0.3788340389728546
7853749760.0,-0.36389151215553284
7854687744.0,-0.34699541330337524
7855625216.0,-0.33048567175865173
7856562688.0,-0.31422263383865356
7857500160.0,-0.2966420650482178
7858437632.0,-0.2775075137615204
7859375104.0,-0.25913262367248535
7860312576.0,-0.239580899477005
7861250048.0,-0.22057421505451202
7862187520.0,-0.20162136852741241
7863124992.0,-0.18266506493091583
7864062464.0,-0.16499273478984833
7864999936.0,-0.14648309350013733
7865937408.0,-0.12912650406360626
7866874880.0,-0.11113440245389938
7867812352.0,-0.09316651523113251
7868749824.0,-0.07548375427722931
7869687296.0,-0.057674042880535126
7870624768.0,-0.04077446088194847
7871562752.0,-0.023721517994999886
7872500224.0,-0.007202174514532089
7873437696.0,0.009331787005066872
7874375168.0,0.024844912812113762
7875312640.0,0.03953743726015091
7876250112.0,0.05331404507160187
7877187584.0,0.0660657212138176
7878125056.0,0.07682228088378906
7879062528.0,0.08479589968919754
7880000000.0,0.0932377353310585
7880937472.0,0.09718100726604462
7881874944.0,0.09905030578374863
7882812416.0,0.09860756248235703
7883749888.0,0.0956467017531395
7884687360.0,0.0903015211224556
7885624832.0,0.08214282989501953
7886562304.0,0.07058250159025192
7887499776.0,0.057192277163267136
7888437248.0,0.04016298055648804
7889375232.0,0.021180693060159683
7890312704.0,0.00029462308157235384
7891250176.0,-0.023860305547714233
7892187648.0,-0.0485156774520874
7893125120.0,-0.07403440773487091
7894062592.0,-0.10116518288850784
7895000064.0,-0.12989649176597595
7895937536.0,-0.15808220207691193
7896875008.0,-0.18695403635501862
7897812480.0,-0.2162388563156128
7898749952.0,-0.24651262164115906
7899687424.0,-0.2765330672264099
7900624896.0,-0.30643564462661743
7901562368.0,-0.3350203037261963
7902499840.0,-0.36263689398765564
7903437312.0,-0.3896523416042328
7904374784.0,-0.414713591337204
7905312256.0,-0.4391666352748871
7906250240.0,-0.46217289566993713
7907187712.0,-0.48353642225265503
7908125184.0,-0.5054197311401367
7909062656.0,-0.5242495536804199
7910000128.0,-0.5440388321876526
7910937600.0,-0.5637479424476624
7911875072.0,-0.5810528993606567
7912812544.0,-0.5986535549163818
7913750016.0,-0.6166396737098694
7914687488.0,-0.6345876455307007
7915624960.0,-0.6530836224555969
7916562432.0,-0.6719852089881897
7917499904.0,-0.6906930208206177
7918437376.0,-0.7089351415634155
7919374848.0,-0.728240966796875
7920312320.0,-0.7473741769790649
7921249792.0,-0.7690576910972595
7922187264.0,-0.7896972894668579
7923125248.0,-0.8104173541069031
7924062720.0,-0.837104856967926
7925000192.0,-0.841694176197052
7925937664.0,-0.8443095088005066
7926875136.0,-0.847679078578949
7927812608.0,-0.8500778675079346
7928750080.0,-0.8541153073310852
7929687552.0,-0.8548597693443298
7930625024.0,-0.858014702796936
7931562496.0,-0.8594545722007751
7932499968.0,-0.858269214630127
7933437440.0,-0.8584082722663879
7934374912.0,-0.8579494953155518
7935312384.0,-0.8561972379684448
7936249856.0,-0.852705717086792
7937187328.0,-0.8481827974319458
7938124800.0,-0.8435468673706055
7939062272.0,-0.8385133743286133
7939999744.0,-0.832517147064209
7940937728.0,-0.8245101571083069
7941875200.0,-0.8144293427467346
7942812672.0,-0.8042853474617004
7943750144.0,-0.7919638156890869
7944687616.0,-0.7769579887390137
7945625088.0,-0.7613800168037415
7946562560.0,-0.7432289123535156
7947500032.0,-0.7239561676979065
7948437504.0,-0.7043598294258118
7949374976.0,-0.6813089847564697
7950312448.0,-0.6580568552017212
7951249920.0,-0.6356347799301147
7952187392.0,-0.6111060976982117
7953124864.0,-0.5868480801582336
7954062336.0,-0.5603869557380676
7954999808.0,-0.5336946845054626
7955937280.0,-0.5066922307014465
7956874752.0,-0.47853150963783264
7957812736.0,-0.45101189613342285
7958750208.0,-0.42263710498809814
7959687680.0,-0.3945101797580719
7960625152.0,-0.3661156892776489
7961562624.0,-0.33899298310279846
7962500096.0,-0.31198444962501526
7963437568.0,-0.28652143478393555
7964375040.0,-0.26136425137519836
7965312512.0,-0.23736988008022308
7966249984.0,-0.21453125774860382
7967187456.0,-0.19261933863162994
7968124928.0,-0.17265816032886505
7969062400.0,-0.1534547358751297
7969999872.0,-0.13748319447040558
7970937344.0,-0.12178268283605576
7971874816.0,-0.10935118794441223
7972812288.0,-0.09868640452623367
7973749760.0,-0.08853009343147278
7974687744.0,-0.08069906383752823
7975625216.0,-0.0774000883102417
7976562688.0,-0.07551600784063339
7977500160.0,-0.07421362400054932
7978437632.0,-0.0760655403137207
7979375104.0,-0.07941938936710358
7980312576.0,-0.08408581465482712
7981250048.0,-0.09042611718177795
7982187520.0,-0.09870503097772598
7983124992.0,-0.10824623703956604
7984062464.0,-0.22235986590385437
7984999936.0,-0.2248236984014511
7985937408.0,-0.2292141318321228
7986874880.0,-0.23295752704143524
7987812352.0,-0.2379925549030304
7988749824.0,-0.2439144253730774
7989687296.0,-0.25032636523246765
7990624768.0,-0.25697562098503113
7991562752.0,-0.2656169831752777
7992500224.0,-0.27321240305900574
7993437696.0,-0.28145861625671387
7994375168.0,-0.29135531187057495
7995312640.0,-0.30082303285598755
7996250112.0,-0.3104075789451599
7997187584.0,-0.32167455554008484
7998125056.0,-0.3326793909072876
7999062528.0,-0.34256428480148315
8000000000.0,-0.35159432888031006
