Frequency (Hz),Measurement
2000000000.0,0.15521280467510223
2000937472.0,0.14851562678813934
2001874944.0,0.144006609916687
2002812544.0,0.13959449529647827
2003750016.0,0.1345011442899704
2004687488.0,0.13010740280151367
2005624960.0,0.12446655333042145
2006562560.0,0.1191864088177681
2007500032.0,0.1131419986486435
2008437504.0,0.10755958408117294
2009374976.0,0.10166478157043457
2010312448.0,0.09556690603494644
2011250048.0,0.08965747803449631
2012187520.0,0.08305006474256516
2013124992.0,0.07713671773672104
2014062464.0,0.0700286328792572
2015000064.0,0.06373222917318344
2015937536.0,0.057341594249010086
2016875008.0,0.05090828984975815
2017812480.0,0.04573957622051239
2018749952.0,0.039245180785655975
2019687552.0,0.03400367498397827
2020625024.0,0.02934003807604313
2021562496.0,0.0247969813644886
2022499968.0,0.02112077735364437
2023437440.0,0.01811976730823517
2024375040.0,0.015852995216846466
2025312512.0,0.014603049494326115
2026249984.0,0.013276604935526848
2027187456.0,0.013233101926743984
2028125056.0,0.013805915601551533
2029062528.0,0.01553504727780819
2030000000.0,0.01789151132106781
2030937472.0,0.021034855395555496
2031874944.0,0.024877330288290977
2032812544.0,0.0303544569760561
2033750016.0,0.03464144468307495
2034687488.0,0.04168920964002609
2035624960.0,0.048042722046375275
2036562560.0,0.05555662512779236
2037500032.0,0.06406453996896744
2038437504.0,0.07269749045372009
2039374976.0,0.08046359568834305
2040312448.0,0.08980710059404373
2041250048.0,0.09789068251848221
2042187520.0,0.10653162002563477
2043124992.0,0.11525998264551163
2044062464.0,0.12267252802848816
2044999936.0,0.12926113605499268
2045937536.0,0.13634103536605835
2046875008.0,0.1415501981973648
2047812480.0,0.14549823105335236
2048749952.0,0.15491583943367004
2049687552.0,0.1512039750814438
2050625024.0,0.1446836292743683
2051562496.0,0.13970552384853363
2052499968.0,0.13374167680740356
2053437440.0,0.12746691703796387
2054375040.0,0.12003716826438904
2055312512.0,0.11353675276041031
2056249984.0,0.10663295537233353
2057187456.0,0.09881888329982758
2058125056.0,0.0908081904053688
2059062528.0,0.08528326451778412
2060000000.0,0.07773435860872269
2060937472.0,0.07027991116046906
2061874944.0,0.06429535150527954
2062812544.0,0.058451179414987564
2063750016.0,0.05229828879237175
2064687488.0,0.046605441719293594
2065624960.0,0.041056081652641296
2066562560.0,0.03656042739748955
2067500032.0,0.03180801123380661
2068437504.0,0.027847325429320335
2069374976.0,0.02387203648686409
2070312448.0,0.019392045214772224
2071250048.0,0.01665087416768074
2072187520.0,0.012812602333724499
2073124992.0,0.010110057890415192
2074062464.0,0.008087924681603909
2075000064.0,0.006429243367165327
2075937536.0,0.00492657208815217
2076875008.0,0.004460971802473068
2077812480.0,0.003413137514144182
2078749952.0,0.002768290927633643
2079687552.0,0.0023139254190027714
2080625024.0,0.003139532869681716
2081562496.0,0.004539224784821272
2082499968.0,0.005729599855840206
2083437440.0,0.007875620387494564
2084375040.0,0.009827162139117718
2085312512.0,0.012497765943408012
2086249984.0,0.01500901859253645
2087187456.0,0.019348103553056717
2088125056.0,0.023477718234062195
2089062528.0,0.028305232524871826
2090000000.0,0.033643998205661774
2090937472.0,0.03980996459722519
2091874944.0,0.046104054898023605
2092812544.0,0.054055847227573395
2093750016.0,0.0617000013589859
2094687488.0,0.06983564794063568
2095624960.0,0.0803108960390091
2096562560.0,0.09006112068891525
2097500032.0,0.10029803961515427
2098437504.0,0.1114668920636177
2099374976.0,0.12370903789997101
2100312448.0,0.13592101633548737
2101250048.0,0.14825206995010376
2102187520.0,0.16072171926498413
2103124992.0,0.17370936274528503
2104062464.0,0.18775881826877594
2104999936.0,0.2003346085548401
2105937536.0,0.21438392996788025
2106875008.0,0.227353036403656
2107812480.0,0.23924031853675842
2108749952.0,0.2779664695262909
2109687552.0,0.2867389917373657
2110625024.0,0.29473739862442017
2111562496.0,0.3014591336250305
2112499968.0,0.3071974515914917
2113437440.0,0.31194934248924255
2114375040.0,0.3146696388721466
2115312512.0,0.31428661942481995
2116249984.0,0.3131280243396759
2117187456.0,0.30856940150260925
2118125056.0,0.302386075258255
2119062528.0,0.2923351526260376
2120000000.0,0.2794782221317291
2120937472.0,0.2636411786079407
2121874944.0,0.24697144329547882
2122812544.0,0.22515805065631866
2123750016.0,0.20253054797649384
2124687488.0,0.17745818197727203
2125624960.0,0.15229341387748718
2126562560.0,0.12537182867527008
2127500032.0,0.09792499989271164
2128437504.0,0.0716584175825119
2129374976.0,0.04471037536859512
2130312448.0,0.019101805984973907
2131250048.0,-0.004789069294929504
2132187520.0,-0.026160575449466705
2133124992.0,-0.04659651964902878
2134062464.0,-0.06460382044315338
2135000064.0,-0.07779061049222946
2135937536.0,-0.09014856070280075
2136875008.0,-0.09905906766653061
2137812480.0,-0.10463149100542068
2138749952.0,-0.10781845450401306
2139687552.0,-0.10818783938884735
2140625024.0,-0.10602986812591553
2141562496.0,-0.10198130458593369
2142499968.0,-0.09424816071987152
2143437440.0,-0.08514530956745148
2144375040.0,-0.0742112323641777
2145312512.0,-0.06274492293596268
2146249984.0,-0.04924153909087181
2147187456.0,-0.03556375950574875
2148124928.0,-0.019627859815955162
2149062400.0,-0.005782333202660084
2150000128.0,0.009427797980606556
2150937600.0,0.02438652701675892
2151875072.0,0.039136286824941635
2152812544.0,0.05320870503783226
2153750016.0,0.0667928159236908
2154687488.0,0.07899495959281921
2155624960.0,0.09128694236278534
2156562432.0,0.10222303122282028
2157499904.0,0.11375392973423004
2158437376.0,0.12374583631753922
2159375104.0,0.13236548006534576
2160312576.0,0.1426796019077301
2161250048.0,0.1514292061328888
2162187520.0,0.1593640148639679
2163124992.0,0.1680411994457245
2164062464.0,0.17558717727661133
2164999936.0,0.18327809870243073
2165937408.0,0.1915760338306427
2166874880.0,0.19919666647911072
2167812608.0,0.2070261389017105
2168750080.0,0.2310330718755722
2169687552.0,0.24128034710884094
2170625024.0,0.25177207589149475
2171562496.0,0.26278799772262573
2172499968.0,0.2726132273674011
2173437440.0,0.2814783751964569
2174374912.0,0.2901480495929718
2175312384.0,0.2973974943161011
2176250112.0,0.30371594429016113
2177187584.0,0.3078863322734833
2178125056.0,0.31141361594200134
2179062528.0,0.31218066811561584
2180000000.0,0.3119269907474518
2180937472.0,0.3094979524612427
2181874944.0,0.30418553948402405
2182812416.0,0.29739487171173096
2183749888.0,0.28949517011642456
2184687616.0,0.27843961119651794
2185625088.0,0.2660173177719116
2186562560.0,0.2512279450893402
2187500032.0,0.23525530099868774
2188437504.0,0.2181141972541809
2189374976.0,0.19963890314102173
2190312448.0,0.17982086539268494
2191249920.0,0.15907306969165802
2192187392.0,0.13800419867038727
2193125120.0,0.11692500114440918
2194062592.0,0.09641437232494354
2195000064.0,0.07627642154693604
2195937536.0,0.05592229589819908
2196875008.0,0.03724643588066101
2197812480.0,0.019335273653268814
2198749952.0,0.0029578395187854767
2199687424.0,-0.010989239439368248
2200624896.0,-0.02358141541481018
2201562624.0,-0.033327460289001465
2202500096.0,-0.04137613624334335
2203437568.0,-0.047693025320768356
2204375040.0,-0.05055765062570572
2205312512.0,-0.05256558209657669
2206249984.0,-0.051324982196092606
2207187456.0,-0.04796437919139862
2208124928.0,-0.043108128011226654
2209062400.0,-0.03499668464064598
2209999872.0,-0.0260832030326128
2210937600.0,-0.015104361809790134
2211875072.0,-0.0026742443442344666
2212812544.0,0.011093663983047009
2213750016.0,0.026551727205514908
2214687488.0,0.042996425181627274
2215624960.0,0.0591292679309845
2216562432.0,0.07666847109794617
2217499904.0,0.09342383593320847
2218437376.0,0.11275212466716766
2219375104.0,0.12923625111579895
2220312576.0,0.14551930129528046
2221250048.0,0.16174454987049103
2222187520.0,0.1767127811908722
2223124992.0,0.1913473755121231
2224062464.0,0.2040359377861023
2224999936.0,0.2160697877407074
2225937408.0,0.22633349895477295
2226874880.0,0.23528771102428436
2227812608.0,0.24173589050769806
2228750080.0,0.2138029932975769
2229687552.0,0.21949821710586548
2230625024.0,0.22340409457683563
2231562496.0,0.22759903967380524
2232499968.0,0.22909198701381683
2233437440.0,0.2299944907426834
2234374912.0,0.22842036187648773
2235312384.0,0.22498884797096252
2236250112.0,0.21996842324733734
2237187584.0,0.21181942522525787
2238125056.0,0.20233529806137085
2239062528.0,0.19043314456939697
2240000000.0,0.17666484415531158
2240937472.0,0.16155321896076202
2241874944.0,0.14399321377277374
2242812416.0,0.12540492415428162
2243749888.0,0.10585464537143707
2244687616.0,0.08554967492818832
2245625088.0,0.06398423761129379
2246562560.0,0.043444354087114334
2247500032.0,0.021797383204102516
2248437504.0,0.002312233205884695
2249374976.0,-0.01721198298037052
2250312448.0,-0.03575402870774269
2251249920.0,-0.052211299538612366
2252187392.0,-0.06720943003892899
2253125120.0,-0.0815252810716629
2254062592.0,-0.0922805517911911
2255000064.0,-0.09983222931623459
2255937536.0,-0.10756471008062363
2256875008.0,-0.11061497777700424
2257812480.0,-0.11173666268587112
2258749952.0,-0.11116483062505722
2259687424.0,-0.10672083497047424
2260624896.0,-0.10080015659332275
2261562624.0,-0.09224946051836014
2262500096.0,-0.08274076879024506
2263437568.0,-0.0709458515048027
2264375040.0,-0.05711793527007103
2265312512.0,-0.043251924216747284
2266249984.0,-0.028745608404278755
2267187456.0,-0.011547335423529148
2268124928.0,0.0049179913476109505
2269062400.0,0.022230591624975204
2270000128.0,0.04004155844449997
2270937600.0,0.056982606649398804
2271875072.0,0.07501104474067688
2272812544.0,0.09189340472221375
2273750016.0,0.1087425947189331
2274687488.0,0.12601405382156372
2275624960.0,0.14005878567695618
2276562432.0,0.1543738842010498
2277499904.0,0.16912566125392914
2278437376.0,0.1817459613084793
2279375104.0,0.19275860488414764
2280312576.0,0.20368927717208862
2281250048.0,0.21436402201652527
2282187520.0,0.22240875661373138
2283124992.0,0.2295413613319397
2284062464.0,0.23652510344982147
2284999936.0,0.24324987828731537
2285937408.0,0.2487408071756363
2286874880.0,0.2536596953868866
2287812608.0,0.25698474049568176
2288750080.0,0.2699330747127533
2289687552.0,0.277566134929657
2290625024.0,0.2855645716190338
2291562496.0,0.2941778600215912
2292499968.0,0.3019920289516449
2293437440.0,0.3090457022190094
2294374912.0,0.31536373496055603
2295312384.0,0.3213835060596466
2296250112.0,0.3264528512954712
2297187584.0,0.3292261064052582
2298125056.0,0.3323816955089569
2299062528.0,0.33277446031570435
2300000000.0,0.3314978778362274
2300937472.0,0.32796379923820496
2301874944.0,0.32250091433525085
2302812416.0,0.3135780394077301
2303749888.0,0.30259808897972107
2304687616.0,0.29011568427085876
2305625088.0,0.2744746804237366
2306562560.0,0.2556450664997101
2307500032.0,0.233787402510643
2308437504.0,0.21040627360343933
2309374976.0,0.18510708212852478
2310312448.0,0.15784099698066711
2311249920.0,0.1298644095659256
2312187392.0,0.10034885257482529
2313125120.0,0.07081090658903122
2314062592.0,0.0414101704955101
2315000064.0,0.012717236764729023
2315937536.0,-0.014358417131006718
2316875008.0,-0.04120907932519913
2317812480.0,-0.06487734615802765
2318749952.0,-0.08517884463071823
2319687424.0,-0.10626810789108276
2320624896.0,-0.12366479635238647
2321562624.0,-0.13988161087036133
2322500096.0,-0.15271949768066406
2323437568.0,-0.16337145864963531
2324375040.0,-0.17179156839847565
2325312512.0,-0.17920295894145966
2326249984.0,-0.18240384757518768
2327187456.0,-0.18569640815258026
2328124928.0,-0.18576207756996155
2329062400.0,-0.18426162004470825
2329999872.0,-0.18151357769966125
2330937600.0,-0.17691466212272644
2331875072.0,-0.1710090935230255
2332812544.0,-0.16399189829826355
2333750016.0,-0.15486600995063782
2334687488.0,-0.14466947317123413
2335624960.0,-0.1320955455303192
2336562432.0,-0.1184908077120781
2337499904.0,-0.10234670341014862
2338437376.0,-0.08539643883705139
2339375104.0,-0.06626883894205093
2340312576.0,-0.045370958745479584
2341250048.0,-0.02423757314682007
2342187520.0,-0.0011476167710497975
2343124992.0,0.022901218384504318
2344062464.0,0.04800388216972351
2344999936.0,0.07314030081033707
2345937408.0,0.09997087717056274
2346874880.0,0.12661205232143402
2347812608.0,0.1523837447166443
2348750080.0,0.20794548094272614
2349687552.0,0.22393926978111267
2350625024.0,0.23645338416099548
2351562496.0,0.24641814827919006
2352499968.0,0.2526082694530487
2353437440.0,0.2549573481082916
2354374912.0,0.2547881603240967
2355312384.0,0.25115570425987244
2356250112.0,0.2440015971660614
2357187584.0,0.23321188986301422
2358125056.0,0.21932445466518402
2359062528.0,0.20196335017681122
2360000000.0,0.18217326700687408
2360937472.0,0.16020150482654572
2361874944.0,0.1357925683259964
2362812416.0,0.11034584045410156
2363749888.0,0.08280284702777863
2364687616.0,0.05581049621105194
2365625088.0,0.02607460506260395
2366562560.0,-0.002542810281738639
2367500032.0,-0.03128929063677788
2368437504.0,-0.059231165796518326
2369374976.0,-0.0861307680606842
2370312448.0,-0.1109704002737999
2371249920.0,-0.13477422297000885
2372187392.0,-0.15730644762516022
2373125120.0,-0.17764487862586975
2374062592.0,-0.1954289674758911
2375000064.0,-0.2106780856847763
2375937536.0,-0.22212067246437073
2376875008.0,-0.23216739296913147
2377812480.0,-0.23804709315299988
2378749952.0,-0.24200956523418427
2379687424.0,-0.24355873465538025
2380624896.0,-0.24267351627349854
2381562624.0,-0.2394000142812729
2382500096.0,-0.23360049724578857
2383437568.0,-0.2254296988248825
2384375040.0,-0.215500608086586
2385312512.0,-0.20392264425754547
2386249984.0,-0.19031891226768494
2387187456.0,-0.17454257607460022
2388124928.0,-0.1592758595943451
2389062400.0,-0.14227555692195892
2390000128.0,-0.12521527707576752
2390937600.0,-0.10783251374959946
2391875072.0,-0.09195856004953384
2392812544.0,-0.07558265328407288
2393750016.0,-0.05940725654363632
2394687488.0,-0.04529878497123718
2395624960.0,-0.030991174280643463
2396562432.0,-0.018627244979143143
2397499904.0,-0.007262967061251402
2398437376.0,0.0034266868606209755
2399375104.0,0.012298998422920704
2400312576.0,0.019581319764256477
2401250048.0,0.02593354694545269
2402187520.0,0.031061040237545967
2403124992.0,0.03593777120113373
2404062464.0,0.038786325603723526
2404999936.0,0.04002700373530388
2405937408.0,0.041074544191360474
2406874880.0,0.03952398896217346
2407812608.0,0.03635010868310928
2408750080.0,0.0323195643723011
2409687552.0,0.03642159327864647
2410625024.0,0.04050735384225845
2411562496.0,0.04176970198750496
2412499968.0,0.03952529653906822
2413437440.0,0.03527616336941719
2414374912.0,0.029262740164995193
2415312384.0,0.02107527107000351
2416250112.0,0.010891452431678772
2417187584.0,-0.002127992454916239
2418125056.0,-0.017197493463754654
2419062528.0,-0.03354372829198837
2420000000.0,-0.05161973088979721
2420937472.0,-0.07032383233308792
2421874944.0,-0.0912046954035759
2422812416.0,-0.10972094535827637
2423749888.0,-0.13416247069835663
2424687616.0,-0.15638956427574158
2425625088.0,-0.17853543162345886
2426562560.0,-0.20080119371414185
2427500032.0,-0.2238888442516327
2428437504.0,-0.24447110295295715
2429374976.0,-0.26574066281318665
2430312448.0,-0.2854044735431671
2431249920.0,-0.30536726117134094
2432187392.0,-0.3231961727142334
2433125120.0,-0.33969300985336304
2434062592.0,-0.35539355874061584
2435000064.0,-0.36911651492118835
2435937536.0,-0.3831639289855957
2436875008.0,-0.3946574330329895
2437812480.0,-0.40531396865844727
2438749952.0,-0.4143870174884796
2439687424.0,-0.42082250118255615
2440624896.0,-0.4274183511734009
2441562624.0,-0.4316834807395935
2442500096.0,-0.43349722027778625
2443437568.0,-0.43389472365379333
2444375040.0,-0.434669554233551
2445312512.0,-0.43391263484954834
2446249984.0,-0.4319441020488739
2447187456.0,-0.4285435378551483
2448124928.0,-0.4248589873313904
2449062400.0,-0.4207524061203003
2449999872.0,-0.4142126142978668
2450937600.0,-0.40849804878234863
2451875072.0,-0.40114614367485046
2452812544.0,-0.39503929018974304
2453750016.0,-0.38909751176834106
2454687488.0,-0.3820302188396454
2455624960.0,-0.3761082589626312
2456562432.0,-0.36995062232017517
2457499904.0,-0.36378055810928345
2458437376.0,-0.35892853140830994
2459375104.0,-0.35447943210601807
2460312576.0,-0.3506510257720947
2461250048.0,-0.34772971272468567
2462187520.0,-0.3464500308036804
2463124992.0,-0.3466483950614929
2464062464.0,-0.3481854200363159
2464999936.0,-0.35190990567207336
2465937408.0,-0.3564620614051819
2466874880.0,-0.3644852638244629
2467812608.0,-0.3750331401824951
2468750080.0,-0.4619912803173065
2469687552.0,-0.4829346537590027
2470625024.0,-0.5067691206932068
2471562496.0,-0.5325651168823242
2472499968.0,-0.5621892213821411
2473437440.0,-0.5956363081932068
2474374912.0,-0.6306344270706177
2475312384.0,-0.669333279132843
2476250112.0,-0.7135986089706421
2477187584.0,-0.7607293128967285
2478125056.0,-0.8111241459846497
2479062528.0,-0.864757776260376
2480000000.0,-0.9215459823608398
2480937472.0,-0.9794835448265076
2481874944.0,-1.0408116579055786
2482812416.0,-1.1035891771316528
2483749888.0,-1.172103762626648
2484687616.0,-1.243162989616394
2485625088.0,-1.3188879489898682
2486562560.0,-1.397800087928772
2487500032.0,-1.4813222885131836
2488437504.0,-1.56944739818573
2489374976.0,-1.6621266603469849
2490312448.0,-1.757088303565979
2491249920.0,-1.8590929508209229
2492187392.0,-1.9621983766555786
2493125120.0,-2.0705151557922363
2494062592.0,-2.1831107139587402
2495000064.0,-2.3007445335388184
2495937536.0,-2.4245879650115967
2496875008.0,-2.5546419620513916
2497812480.0,-2.691258430480957
2498749952.0,-2.835771322250366
2499687424.0,-2.989006757736206
2500624896.0,-3.154296398162842
2501562624.0,-3.3301093578338623
2502500096.0,-3.5182666778564453
2503437568.0,-3.719430685043335
2504375040.0,-3.934532403945923
2505312512.0,-4.164939880371094
2506249984.0,-4.412502288818359
2507187456.0,-4.679421424865723
2508124928.0,-4.96340274810791
2509062400.0,-5.2662200927734375
2510000128.0,-5.585165500640869
2510937600.0,-5.916254043579102
2511875072.0,-6.261194229125977
2512812544.0,-6.60453987121582
2513750016.0,-6.936577796936035
2514687488.0,-7.245274066925049
2515624960.0,-7.517637252807617
2516562432.0,-7.734587669372559
2517499904.0,-7.882122039794922
2518437376.0,-7.946313858032227
2519375104.0,-7.924485683441162
2520312576.0,-7.818289756774902
2521250048.0,-7.6267805099487305
2522187520.0,-7.362933158874512
2523124992.0,-7.041101932525635
2524062464.0,-6.682465076446533
2524999936.0,-6.303197383880615
2525937408.0,-5.914989471435547
2526874880.0,-5.5295305252075195
2527812608.0,-5.152233123779297
2528750080.0,-4.784303188323975
2529687552.0,-4.4422149658203125
2530625024.0,-4.119968414306641
2531562496.0,-3.8182995319366455
2532499968.0,-3.536979913711548
2533437440.0,-3.2768173217773438
2534374912.0,-3.0358433723449707
2535312384.0,-2.814668655395508
2536250112.0,-2.612318515777588
2537187584.0,-2.426992654800415
2538125056.0,-2.258969783782959
2539062528.0,-2.1071314811706543
2540000000.0,-1.9681483507156372
2540937472.0,-1.8406314849853516
2541874944.0,-1.7269072532653809
2542812416.0,-1.6220974922180176
2543749888.0,-1.5259921550750732
2544687616.0,-1.438696026802063
2545625088.0,-1.361365795135498
2546562560.0,-1.2902566194534302
2547500032.0,-1.2275652885437012
2548437504.0,-1.1711500883102417
2549374976.0,-1.1205670833587646
2550312448.0,-1.0751663446426392
2551249920.0,-1.0343767404556274
2552187392.0,-0.9977129697799683
2553125120.0,-0.9648675918579102
2554062592.0,-0.9349550008773804
2555000064.0,-0.9080662727355957
2555937536.0,-0.8830746412277222
2556875008.0,-0.8609201312065125
2557812480.0,-0.8398033380508423
2558749952.0,-0.8205102682113647
2559687424.0,-0.8009663224220276
2560624896.0,-0.7826824188232422
2561562624.0,-0.7644193768501282
2562500096.0,-0.7466553449630737
2563437568.0,-0.7274001836776733
2564375040.0,-0.7091900110244751
2565312512.0,-0.6889145374298096
2566249984.0,-0.6692421436309814
2567187456.0,-0.648747980594635
2568124928.0,-0.6268825531005859
2569062400.0,-0.6046683192253113
2569999872.0,-0.5822526216506958
2570937600.0,-0.5575844645500183
2571875072.0,-0.5316354632377625
2572812544.0,-0.5059165358543396
2573750016.0,-0.4782439172267914
2574687488.0,-0.4500958323478699
2575624960.0,-0.42107486724853516
2576562432.0,-0.39134734869003296
2577499904.0,-0.3609166145324707
2578437376.0,-0.3304465115070343
2579375104.0,-0.29943206906318665
2580312576.0,-0.2688707113265991
2581250048.0,-0.23843888938426971
2582187520.0,-0.2086831033229828
2583124992.0,-0.17936186492443085
2584062464.0,-0.15084871649742126
2584999936.0,-0.12305696308612823
2585937408.0,-0.09687945991754532
2586874880.0,-0.07175000756978989
2587812608.0,-0.048040106892585754
2588750080.0,-0.024867797270417213
2589687552.0,-0.010635332204401493
2590625024.0,0.0029287845827639103
2591562496.0,0.013526998460292816
2592499968.0,0.022062839940190315
2593437440.0,0.028740815818309784
2594374912.0,0.03327712044119835
2595312384.0,0.03647952526807785
2596250112.0,0.03639262542128563
2597187584.0,0.03609468415379524
2598125056.0,0.033601000905036926
2599062528.0,0.028997045010328293
2600000000.0,0.022517461329698563
2600937472.0,0.01468662265688181
2601874944.0,0.005633797030895948
2602812416.0,-0.003379478119313717
2603749888.0,-0.01523241214454174
2604687616.0,-0.026796072721481323
2605625088.0,-0.039148278534412384
2606562560.0,-0.051358845084905624
2607500032.0,-0.0648697018623352
2608437504.0,-0.07976362854242325
2609374976.0,-0.0927838459610939
2610312448.0,-0.106183722615242
2611249920.0,-0.11939433962106705
2612187392.0,-0.132407084107399
2613125120.0,-0.14411760866641998
2614062592.0,-0.1554185450077057
2615000064.0,-0.1667264997959137
2615937536.0,-0.17655634880065918
2616875008.0,-0.18511728942394257
2617812480.0,-0.19316264986991882
2618749952.0,-0.19912344217300415
2619687424.0,-0.20436200499534607
2620624896.0,-0.20898252725601196
2621562624.0,-0.20953543484210968
2622500096.0,-0.21090209484100342
2623437568.0,-0.21113833785057068
2624375040.0,-0.20846174657344818
2625312512.0,-0.20437437295913696
2626249984.0,-0.19969233870506287
2627187456.0,-0.1929861158132553
2628124928.0,-0.18345457315444946
2629062400.0,-0.17427338659763336
2630000128.0,-0.16337473690509796
2630937600.0,-0.15066127479076385
2631875072.0,-0.13722994923591614
2632812544.0,-0.12261151522397995
2633750016.0,-0.10713616013526917
2634687488.0,-0.09032971411943436
2635624960.0,-0.07166747003793716
2636562432.0,-0.054007016122341156
2637499904.0,-0.035217512398958206
2638437376.0,-0.01728200353682041
2639375104.0,0.0012078407453373075
2640312576.0,0.021402040496468544
2641250048.0,0.039860717952251434
2642187520.0,0.057896483689546585
2643124992.0,0.07602191716432571
2644062464.0,0.09320953488349915
2644999936.0,0.10941454768180847
2645937408.0,0.12577643990516663
2646874880.0,0.14092186093330383
2647812608.0,0.1654808521270752
2648750080.0,0.17899812757968903
2649687552.0,0.1918877214193344
2650625024.0,0.2017340362071991
2651562496.0,0.2094319611787796
2652499968.0,0.21453380584716797
2653437440.0,0.21838213503360748
2654374912.0,0.2172306776046753
2655312384.0,0.21584780514240265
2656250112.0,0.21099400520324707
2657187584.0,0.20376832783222198
2658125056.0,0.19493931531906128
2659062528.0,0.18387654423713684
2660000000.0,0.17036861181259155
2660937472.0,0.15522074699401855
2661874944.0,0.13807058334350586
2662812416.0,0.12047573924064636
2663749888.0,0.10153114050626755
2664687616.0,0.08152574300765991
2665625088.0,0.060329802334308624
2666562560.0,0.03969830647110939
2667500032.0,0.018757835030555725
2668437504.0,-0.0026023266837000847
2669374976.0,-0.02306109294295311
2670312448.0,-0.042673517018556595
2671249920.0,-0.061252493411302567
2672187392.0,-0.07883381098508835
2673125120.0,-0.09562350064516068
2674062592.0,-0.11044629663228989
2675000064.0,-0.12399251759052277
2675937536.0,-0.13583216071128845
2676875008.0,-0.1453564316034317
2677812480.0,-0.15278887748718262
2678749952.0,-0.15763884782791138
2679687424.0,-0.1620999276638031
2680624896.0,-0.1634839028120041
2681562624.0,-0.16344596445560455
2682500096.0,-0.16071482002735138
2683437568.0,-0.1559058427810669
2684375040.0,-0.1488228440284729
2685312512.0,-0.140552818775177
2686249984.0,-0.12995024025440216
2687187456.0,-0.11740420013666153
2688124928.0,-0.10393480211496353
2689062400.0,-0.08924692124128342
2689999872.0,-0.07222673296928406
2690937600.0,-0.055363718420267105
2691875072.0,-0.037610240280628204
2692812544.0,-0.01980438269674778
2693750016.0,-0.0009245866094715893
2694687488.0,0.018225200474262238
2695624960.0,0.037122368812561035
2696562432.0,0.05562422052025795
2697499904.0,0.07378686219453812
2698437376.0,0.09124681353569031
2699375104.0,0.10863880813121796
2700312576.0,0.12512461841106415
2701250048.0,0.14072200655937195
2702187520.0,0.1550898402929306
2703124992.0,0.16850616037845612
2704062464.0,0.18009409308433533
2704999936.0,0.19205740094184875
2705937408.0,0.20155835151672363
2706874880.0,0.20937973260879517
2707812608.0,0.22763396799564362
2708750080.0,0.23114754259586334
2709687552.0,0.23433072865009308
2710625024.0,0.235774427652359
2711562496.0,0.2352367490530014
2712499968.0,0.2348121553659439
2713437440.0,0.2325565069913864
2714374912.0,0.22942310571670532
2715312384.0,0.2250114530324936
2716250112.0,0.21823851764202118
2717187584.0,0.21063753962516785
2718125056.0,0.2018943578004837
2719062528.0,0.19153445959091187
2720000000.0,0.18051698803901672
2720937472.0,0.16749584674835205
2721874944.0,0.1527474969625473
2722812416.0,0.13773904740810394
2723749888.0,0.12214624136686325
2724687616.0,0.10433430224657059
2725625088.0,0.08559189736843109
2726562560.0,0.06713150441646576
2727500032.0,0.04762769490480423
2728437504.0,0.027836740016937256
2729374976.0,0.008024919778108597
2730312448.0,-0.01201717834919691
2731249920.0,-0.032219331711530685
2732187392.0,-0.05312714725732803
2733125120.0,-0.07113784551620483
2734062592.0,-0.08983296155929565
2735000064.0,-0.10805805027484894
2735937536.0,-0.12378723919391632
2736875008.0,-0.13906723260879517
2737812480.0,-0.15152199566364288
2738749952.0,-0.16460643708705902
2739687424.0,-0.17389826476573944
2740624896.0,-0.18155746161937714
2741562624.0,-0.18791861832141876
2742500096.0,-0.190817192196846
2743437568.0,-0.19158679246902466
2744375040.0,-0.19044376909732819
2745312512.0,-0.18705643713474274
2746249984.0,-0.1805352419614792
2747187456.0,-0.17206546664237976
2748124928.0,-0.16011036932468414
2749062400.0,-0.14806731045246124
2750000128.0,-0.1326810121536255
2750937600.0,-0.11594029515981674
2751875072.0,-0.09731943905353546
2752812544.0,-0.07710184901952744
2753750016.0,-0.05666303262114525
2754687488.0,-0.03349488228559494
2755624960.0,-0.01091673318296671
2756562432.0,0.011155742220580578
2757499904.0,0.035105831921100616
2758437376.0,0.05924821272492409
2759375104.0,0.08101067692041397
2760312576.0,0.10295680910348892
2761250048.0,0.12417944520711899
2762187520.0,0.1435755044221878
2763124992.0,0.16142967343330383
2764062464.0,0.17766699194908142
2764999936.0,0.19292402267456055
2765937408.0,0.20567786693572998
2766874880.0,0.21540135145187378
2767812608.0,0.2565714418888092
2768750080.0,0.2598424255847931
2769687552.0,0.2626539170742035
2770625024.0,0.2628166377544403
2771562496.0,0.26077157258987427
2772499968.0,0.25803259015083313
2773437440.0,0.2525925934314728
2774374912.0,0.2467212975025177
2775312384.0,0.23936423659324646
2776250112.0,0.23016299307346344
2777187584.0,0.21962684392929077
2778125056.0,0.20858365297317505
2779062528.0,0.1972135752439499
2780000000.0,0.18327687680721283
2780937472.0,0.1694662719964981
2781874944.0,0.15503425896167755
2782812416.0,0.1404525190591812
2783749888.0,0.1250145435333252
2784687616.0,0.10988946259021759
2785625088.0,0.09430506825447083
2786562560.0,0.07850872725248337
2787500032.0,0.06285212188959122
2788437504.0,0.046684350818395615
2789374976.0,0.03187032416462898
2790312448.0,0.017068373039364815
2791249920.0,0.0030874181538820267
2792187392.0,-0.01037570834159851
2793125120.0,-0.023707304149866104
2794062592.0,-0.036184635013341904
2795000064.0,-0.04682489112019539
2795937536.0,-0.05679931119084358
2796875008.0,-0.06611605733633041
2797812480.0,-0.07352929562330246
2798749952.0,-0.08016251027584076
2799687424.0,-0.08546791970729828
2800624896.0,-0.08812344074249268
2801562624.0,-0.09164401143789291
2802500096.0,-0.09202486276626587
2803437568.0,-0.09077563136816025
2804375040.0,-0.08930734544992447
2805312512.0,-0.08489766716957092
2806249984.0,-0.07865659892559052
2807187456.0,-0.07345964759588242
2808124928.0,-0.0639893040060997
2809062400.0,-0.054498422890901566
2809999872.0,-0.04449744522571564
2810937600.0,-0.03184008225798607
2811875072.0,-0.018203098326921463
2812812544.0,-0.0042444076389074326
2813750016.0,0.010783020406961441
2814687488.0,0.02620193548500538
2815624960.0,0.0427030585706234
2816562432.0,0.05992768332362175
2817499904.0,0.07723978161811829
2818437376.0,0.09403855353593826
2819375104.0,0.11145969480276108
2820312576.0,0.12805311381816864
2821250048.0,0.1443687230348587
2822187520.0,0.15963871777057648
2823124992.0,0.1747858077287674
2824062464.0,0.1877930760383606
2824999936.0,0.20045602321624756
2825937408.0,0.21145762503147125
2826874880.0,0.2211199700832367
2827812608.0,0.2346823662519455
2828750080.0,0.24024039506912231
2829687552.0,0.24448511004447937
2830625024.0,0.24642343819141388
2831562496.0,0.2457493394613266
2832499968.0,0.2426985651254654
2833437440.0,0.23881803452968597
2834374912.0,0.23326602578163147
2835312384.0,0.2257961928844452
2836250112.0,0.21603800356388092
2837187584.0,0.20517554879188538
2838125056.0,0.1938597857952118
2839062528.0,0.1802830696105957
2840000000.0,0.16689716279506683
2840937472.0,0.151020348072052
2841874944.0,0.13555343449115753
2842812416.0,0.11973129212856293
2843749888.0,0.10313215106725693
2844687616.0,0.08660279214382172
2845625088.0,0.06958004832267761
2846562560.0,0.0520445816218853
2847500032.0,0.035362593829631805
2848437504.0,0.019359609112143517
2849374976.0,0.003420911030843854
2850312448.0,-0.010746442712843418
2851249920.0,-0.025354042649269104
2852187392.0,-0.038602493703365326
2853125120.0,-0.04979125037789345
2854062592.0,-0.06136973202228546
2855000064.0,-0.07160855829715729
2855937536.0,-0.07925519347190857
2856875008.0,-0.08588696271181107
2857812480.0,-0.09048275649547577
2858749952.0,-0.09423884749412537
2859687424.0,-0.09483363479375839
2860624896.0,-0.09542368352413177
2861562624.0,-0.0938933715224266
2862500096.0,-0.08991479873657227
2863437568.0,-0.08458048105239868
2864375040.0,-0.07830926775932312
2865312512.0,-0.06980589777231216
2866249984.0,-0.06034740060567856
2867187456.0,-0.04987712576985359
2868124928.0,-0.03800523653626442
2869062400.0,-0.024778345599770546
2870000128.0,-0.011001826263964176
2870937600.0,0.004409207496792078
2871875072.0,0.01994343288242817
2872812544.0,0.035936444997787476
2873750016.0,0.05224382132291794
2874687488.0,0.0691777765750885
2875624960.0,0.08564069122076035
2876562432.0,0.10157737880945206
2877499904.0,0.11861304193735123
2878437376.0,0.1335897296667099
2879375104.0,0.14855395257472992
2880312576.0,0.1629786491394043
2881250048.0,0.1773851364850998
2882187520.0,0.18959280848503113
2883124992.0,0.20132224261760712
2884062464.0,0.2119322121143341
2884999936.0,0.22161567211151123
2885937408.0,0.22963884472846985
2886874880.0,0.23693716526031494
2887812608.0,0.21958251297473907
2888750080.0,0.22214218974113464
2889687552.0,0.2241077572107315
2890625024.0,0.2254677414894104
2891562496.0,0.22538655996322632
2892499968.0,0.22469866275787354
2893437440.0,0.22258278727531433
2894374912.0,0.21951265633106232
2895312384.0,0.21400399506092072
2896250112.0,0.2077483832836151
2897187584.0,0.20086897909641266
2898125056.0,0.1922057420015335
2899062528.0,0.18168924748897552
2900000000.0,0.17012782394886017
2900937472.0,0.15783852338790894
2901874944.0,0.14390413463115692
2902812416.0,0.12912455201148987
2903749888.0,0.11326298862695694
2904687616.0,0.09711378067731857
2905625088.0,0.08099870383739471
2906562560.0,0.06296300143003464
2907500032.0,0.046819381415843964
2908437504.0,0.03028147853910923
2909374976.0,0.013379271142184734
2910312448.0,-0.0033093176316469908
2911249920.0,-0.017960740253329277
2912187392.0,-0.03140726685523987
2913125120.0,-0.04420660063624382
2914062592.0,-0.05610980838537216
2915000064.0,-0.06568212807178497
2915937536.0,-0.07411620020866394
2916875008.0,-0.07947690784931183
2917812480.0,-0.08372198790311813
2918749952.0,-0.08526436984539032
2919687424.0,-0.08542177826166153
2920624896.0,-0.08267993479967117
2921562624.0,-0.0792233794927597
2922500096.0,-0.07203052192926407
2923437568.0,-0.06378883123397827
2924375040.0,-0.05214368551969528
2925312512.0,-0.04031242057681084
2926249984.0,-0.027415806427598
2927187456.0,-0.01234098244458437
2928124928.0,0.0045843287371098995
2929062400.0,0.02114257402718067
2929999872.0,0.03822970390319824
2930937600.0,0.05630996823310852
2931875072.0,0.07424603402614594
2932812544.0,0.09189668297767639
2933750016.0,0.10968328267335892
2934687488.0,0.12599584460258484
2935624960.0,0.14185366034507751
2936562432.0,0.15766090154647827
2937499904.0,0.17077364027500153
2938437376.0,0.1849120855331421
2939375104.0,0.1959986388683319
2940312576.0,0.20565609633922577
2941250048.0,0.2154175490140915
2942187520.0,0.22171777486801147
2943124992.0,0.22734197974205017
2944062464.0,0.23161739110946655
2944999936.0,0.2356477677822113
2945937408.0,0.23759041726589203
2946874880.0,0.23881185054779053
2947812608.0,0.2175235003232956
2948750080.0,0.21502281725406647
2949687552.0,0.21172435581684113
2950625024.0,0.20839932560920715
2951562496.0,0.20432838797569275
2952499968.0,0.19960875809192657
2953437440.0,0.19588270783424377
2954374912.0,0.1913091391324997
2955312384.0,0.1867874264717102
2956250112.0,0.18143261969089508
2957187584.0,0.17706917226314545
2958125056.0,0.17221374809741974
2959062528.0,0.16743752360343933
2960000000.0,0.16199009120464325
2960937472.0,0.15643280744552612
2961874944.0,0.15156665444374084
2962812416.0,0.14696988463401794
2963749888.0,0.13965950906276703
2964687616.0,0.13425807654857635
2965625088.0,0.12820175290107727
2966562560.0,0.12239774316549301
2967500032.0,0.11582168936729431
2968437504.0,0.10921496897935867
2969374976.0,0.1020725890994072
2970312448.0,0.09472295641899109
2971249920.0,0.0877557247877121
2972187392.0,0.08032672107219696
2973125120.0,0.07379293441772461
2974062592.0,0.0655801072716713
2975000064.0,0.05867457389831543
2975937536.0,0.051441557705402374
2976875008.0,0.045337725430727005
2977812480.0,0.0384707972407341
2978749952.0,0.03283637389540672
2979687424.0,0.028071338310837746
2980624896.0,0.02152588963508606
2981562624.0,0.01775379665195942
2982500096.0,0.013759687542915344
2983437568.0,0.010344095528125763
2984375040.0,0.007447028532624245
2985312512.0,0.006491950247436762
2986249984.0,0.0043663568794727325
2987187456.0,0.00377301755361259
2988124928.0,0.004093701485544443
2989062400.0,0.00476717809215188
2990000128.0,0.004990295972675085
2990937600.0,0.007682344876229763
2991875072.0,0.009408908896148205
2992812544.0,0.011584576219320297
2993750016.0,0.013249150477349758
2994687488.0,0.015185627155005932
2995624960.0,0.018351905047893524
2996562432.0,0.021413734182715416
2997499904.0,0.024401376023888588
2998437376.0,0.026438379660248756
2999375104.0,0.029597418382763863
3000312576.0,0.035282034426927567
3001250048.0,0.03757777810096741
3002187520.0,0.04066943749785423
3003124992.0,0.04296477884054184
3004062464.0,0.044991571456193924
3004999936.0,0.04786226525902748
3005937408.0,0.04954361170530319
3006874880.0,0.05179797485470772
3007812608.0,0.14344848692417145
3008750080.0,0.14182035624980927
3009687552.0,0.13850876688957214
3010625024.0,0.1351597160100937
3011562496.0,0.13167038559913635
3012499968.0,0.12803314626216888
3013437440.0,0.12385853379964828
3014374912.0,0.11904266476631165
3015312384.0,0.1140798032283783
3016250112.0,0.1094445139169693
3017187584.0,0.10401462018489838
3018125056.0,0.09879264235496521
3019062528.0,0.09406831860542297
3020000000.0,0.08774244785308838
3020937472.0,0.0820721685886383
3021874944.0,0.07598776370286942
3022812416.0,0.07038343697786331
3023749888.0,0.06428409367799759
3024687616.0,0.05781644210219383
3025625088.0,0.052031971514225006
3026562560.0,0.04585268348455429
3027500032.0,0.040340352803468704
3028437504.0,0.03373883664608002
3029374976.0,0.02782687544822693
3030312448.0,0.022187616676092148
3031249920.0,0.016014035791158676
3032187392.0,0.009874148294329643
3033125120.0,0.004922849591821432
3034062592.0,-0.001146618858911097
3035000064.0,-0.007482507266104221
3035937536.0,-0.012312226928770542
3036875008.0,-0.017262481153011322
3037812480.0,-0.023641474545001984
3038749952.0,-0.02906079962849617
3039687424.0,-0.033858221024274826
3040624896.0,-0.03802778199315071
3041562624.0,-0.042650144547224045
3042500096.0,-0.04708271846175194
3043437568.0,-0.04995608329772949
3044375040.0,-0.053745087236166
3045312512.0,-0.05512920394539833
3046249984.0,-0.057646311819553375
3047187456.0,-0.0594065822660923
3048124928.0,-0.06012788042426109
3049062400.0,-0.061336226761341095
3049999872.0,-0.06091909855604172
3050937600.0,-0.05993187054991722
3051875072.0,-0.05761280655860901
3052812544.0,-0.05542103946208954
3053750016.0,-0.05204804614186287
3054687488.0,-0.04775622487068176
3055624960.0,-0.04362663999199867
3056562432.0,-0.03739097714424133
3057499904.0,-0.029852548614144325
3058437376.0,-0.02320621721446514
3059375104.0,-0.015828853473067284
3060312576.0,-0.005678534507751465
3061250048.0,0.00474341306835413
3062187520.0,0.014845483936369419
3063124992.0,0.025795891880989075
3064062464.0,0.038346730172634125
3064999936.0,0.05100047588348389
3065937408.0,0.06400452554225922
3066874880.0,0.07744493335485458
3067812608.0,0.14300642907619476
3068750080.0,0.14856527745723724
3069687552.0,0.15353217720985413
3070625024.0,0.15640060603618622
3071562496.0,0.1595613807439804
3072499968.0,0.15942582488059998
3073437440.0,0.15901637077331543
3074374912.0,0.15704362094402313
3075312384.0,0.15367922186851501
3076250112.0,0.1491950899362564
3077187584.0,0.14449623227119446
3078125056.0,0.13725914061069489
3079062528.0,0.13040463626384735
3080000000.0,0.1220821961760521
3080937472.0,0.11163797229528427
3081874944.0,0.10252265632152557
3082812416.0,0.09268462657928467
3083749888.0,0.08247271180152893
3084687616.0,0.07286666333675385
3085625088.0,0.06303663551807404
3086562560.0,0.053236428648233414
3087500032.0,0.04347352311015129
3088437504.0,0.035009533166885376
3089374976.0,0.02749616652727127
3090312448.0,0.019130798056721687
3091249920.0,0.013405045494437218
3092187392.0,0.006972959265112877
3093125120.0,0.0023394415620714426
3094062592.0,-0.001402093912474811
3095000064.0,-0.0035261239390820265
3095937536.0,-0.004966629669070244
3096875008.0,-0.005204224493354559
3097812480.0,-0.005435887724161148
3098749952.0,-0.003473886288702488
3099687424.0,-0.0009522998007014394
3100624896.0,0.0027369072195142508
3101562624.0,0.007093651685863733
3102500096.0,0.012797762639820576
3103437568.0,0.01858937181532383
3104375040.0,0.02433423139154911
3105312512.0,0.03160322085022926
3106249984.0,0.03834875300526619
3107187456.0,0.04552488401532173
3108124928.0,0.052974194288253784
3109062400.0,0.06031642109155655
3110000128.0,0.0672687217593193
3110937600.0,0.07468706369400024
3111875072.0,0.08138083666563034
3112812544.0,0.08831477910280228
3113750016.0,0.09504572302103043
3114687488.0,0.1004275232553482
3115624960.0,0.1058034896850586
3116562432.0,0.11073576658964157
3117499904.0,0.11662473529577255
3118437376.0,0.12064926326274872
3119375104.0,0.12408572435379028
3120312576.0,0.12680546939373016
3121250048.0,0.13022880256175995
3122187520.0,0.13363061845302582
3123124992.0,0.13553816080093384
3124062464.0,0.13764062523841858
3124999936.0,0.13959576189517975
3125937408.0,0.14182570576667786
3126874880.0,0.14294447004795074
3127812608.0,0.1481950432062149
3128750080.0,0.1485985368490219
3129687552.0,0.14788232743740082
3130625024.0,0.14636749029159546
3131562496.0,0.14463122189044952
3132499968.0,0.14284776151180267
3133437440.0,0.1403113752603531
3134374912.0,0.13728095591068268
3135312384.0,0.13479283452033997
3136250112.0,0.13119888305664062
3137187584.0,0.12906944751739502
3138125056.0,0.12662693858146667
3139062528.0,0.12584847211837769
3140000000.0,0.12544704973697662
3140937472.0,0.126265287399292
3141874944.0,0.12820273637771606
3142812416.0,0.13124144077301025
3143749888.0,0.13558846712112427
3144687616.0,0.14065571129322052
3145625088.0,0.14727890491485596
3146562560.0,0.15236419439315796
3147500032.0,0.1575859636068344
3148437504.0,0.1620817929506302
3149374976.0,0.16494135558605194
3150312448.0,0.1659601479768753
3151249920.0,0.1653902381658554
3152187392.0,0.16281332075595856
3153125120.0,0.15820202231407166
3154062592.0,0.15147347748279572
3155000064.0,0.14242449402809143
3155937536.0,0.13191449642181396
3156875008.0,0.11872722953557968
3157812480.0,0.10553845763206482
3158749952.0,0.09075819700956345
3159687424.0,0.07629629224538803
3160624896.0,0.06103240326046944
3161562624.0,0.04691402614116669
3162500096.0,0.0330420546233654
3163437568.0,0.020811354741454124
3164375040.0,0.009741990827023983
3165312512.0,-0.0007709325291216373
3166249984.0,-0.007814306765794754
3167187456.0,-0.013585844077169895
3168124928.0,-0.016466256231069565
3169062400.0,-0.01739250309765339
3169999872.0,-0.015801656991243362
3170937600.0,-0.011849603615701199
3171875072.0,-0.0059879133477807045
3172812544.0,0.0014130653580650687
3173750016.0,0.011955663561820984
3174687488.0,0.02233612909913063
3175624960.0,0.03515619412064552
3176562432.0,0.048817653208971024
3177499904.0,0.06355755776166916
3178437376.0,0.07843559980392456
3179375104.0,0.09348732978105545
3180312576.0,0.10957358032464981
3181250048.0,0.1245303526520729
3182187520.0,0.13865500688552856
3183124992.0,0.1532703936100006
3184062464.0,0.16681250929832458
3184999936.0,0.18004782497882843
3185937408.0,0.19238229095935822
3186874880.0,0.2035437971353531
3187812608.0,0.16824038326740265
3188750080.0,0.1640787422657013
3189687552.0,0.15868526697158813
3190625024.0,0.15217076241970062
3191562496.0,0.14691422879695892
3192499968.0,0.13958387076854706
3193437440.0,0.13432075083255768
3194374912.0,0.12707364559173584
3195312384.0,0.1215122640132904
3196250112.0,0.11548428237438202
3197187584.0,0.10981480777263641
3198125056.0,0.10496894270181656
3199062528.0,0.10063966363668442
3200000000.0,0.09690281748771667
3200937472.0,0.09356890618801117
3201874944.0,0.0915643647313118
3202812416.0,0.09001094102859497
3203749888.0,0.08993387222290039
3204687616.0,0.08969186246395111
3205625088.0,0.08952588587999344
3206562560.0,0.09106715023517609
3207500032.0,0.09199485927820206
3208437504.0,0.09391815215349197
3209374976.0,0.09607978910207748
3210312448.0,0.09753953665494919
3211249920.0,0.1005333736538887
3212187392.0,0.10232634842395782
3213125120.0,0.10427402704954147
3214062592.0,0.10676209628582001
3215000064.0,0.10880439728498459
3215937536.0,0.11125564575195312
3216875008.0,0.11291512846946716
3217812480.0,0.11406607925891876
3218749952.0,0.11572747677564621
3219687424.0,0.11695528030395508
3220624896.0,0.11708677560091019
3221562624.0,0.11714343726634979
3222500096.0,0.11642350256443024
3223437568.0,0.11657459288835526
3224375040.0,0.1159670427441597
3225312512.0,0.11626693606376648
3226249984.0,0.11521627008914948
3227187456.0,0.1153072714805603
3228124928.0,0.115789495408535
3229062400.0,0.11571869999170303
3230000128.0,0.11718558520078659
3230937600.0,0.11783984303474426
3231875072.0,0.11896280944347382
3232812544.0,0.12093565613031387
3233750016.0,0.12492356449365616
3234687488.0,0.12745030224323273
3235624960.0,0.13123495876789093
3236562432.0,0.1350470334291458
3237499904.0,0.14051613211631775
3238437376.0,0.1465180665254593
3239375104.0,0.15191219747066498
3240312576.0,0.15884241461753845
3241250048.0,0.16609124839305878
3242187520.0,0.17225463688373566
3243124992.0,0.17913222312927246
3244062464.0,0.1867961287498474
3244999936.0,0.19361348450183868
3245937408.0,0.1999783217906952
3246874880.0,0.2058226317167282
3247812608.0,0.11764957010746002
3248750080.0,0.1084766834974289
3249687552.0,0.10023121535778046
3250625024.0,0.08984947204589844
3251562496.0,0.07950396090745926
3252499968.0,0.07022552937269211
3253437440.0,0.06024976074695587
3254374912.0,0.05196826905012131
3255312384.0,0.04426155239343643
3256250112.0,0.037900812923908234
3257187584.0,0.03416929021477699
3258125056.0,0.03175066411495209
3259062528.0,0.03291182219982147
3260000000.0,0.033776696771383286
3260937472.0,0.036369435489177704
3261874944.0,0.038695551455020905
3262812416.0,0.042631927877664566
3263749888.0,0.046989183872938156
3264687616.0,0.050133220851421356
3265625088.0,0.05473602935671806
3266562560.0,0.057626873254776
3267500032.0,0.06043001264333725
3268437504.0,0.06379465013742447
3269374976.0,0.06559672951698303
3270312448.0,0.06741758435964584
3271249920.0,0.06931919604539871
3272187392.0,0.07048184424638748
3273125120.0,0.07213398814201355
3274062592.0,0.07286659628152847
3275000064.0,0.07399944216012955
3275937536.0,0.07507314532995224
3276875008.0,0.07624243944883347
3277812480.0,0.07661402225494385
3278749952.0,0.07722502946853638
3279687424.0,0.07726450264453888
3280624896.0,0.07817990332841873
3281562624.0,0.07803734391927719
3282500096.0,0.07885038107633591
3283437568.0,0.0795256495475769
3284375040.0,0.07877548784017563
3285312512.0,0.07839260995388031
3286249984.0,0.07903005182743073
3287187456.0,0.07862891256809235
3288124928.0,0.0786992758512497
3289062400.0,0.07843084633350372
3289999872.0,0.0781986340880394
3290937600.0,0.07917696237564087
3291875072.0,0.07991603761911392
3292812544.0,0.0809336006641388
3293750016.0,0.08187884092330933
3294687488.0,0.08266650140285492
3295624960.0,0.08363676816225052
3296562432.0,0.08575259894132614
3297499904.0,0.08728238195180893
3298437376.0,0.08964814990758896
3299375104.0,0.09260581433773041
3300312576.0,0.09438548982143402
3301250048.0,0.09809795022010803
3302187520.0,0.10213448852300644
3303124992.0,0.10596222430467606
3304062464.0,0.11111292988061905
3304999936.0,0.11563285440206528
3305937408.0,0.12124307453632355
3306874880.0,0.12642443180084229
3307812608.0,0.14016713201999664
3308750080.0,0.1483701914548874
3309687552.0,0.15557806193828583
3310625024.0,0.16472207009792328
3311562496.0,0.17324146628379822
3312499968.0,0.1822545826435089
3313437440.0,0.1901589035987854
3314374912.0,0.19758690893650055
3315312384.0,0.20456013083457947
3316250112.0,0.21111145615577698
3317187584.0,0.21722745895385742
3318125056.0,0.2219872772693634
3319062528.0,0.22714047133922577
3320000000.0,0.23060286045074463
3320937472.0,0.23285093903541565
3321874944.0,0.2337869107723236
3322812416.0,0.23415040969848633
3323749888.0,0.23346556723117828
3324687616.0,0.23078785836696625
3325625088.0,0.228398859500885
3326562560.0,0.22322800755500793
3327500032.0,0.21602284908294678
3328437504.0,0.209247425198555
3329374976.0,0.2015884965658188
3330312448.0,0.19289915263652802
3331249920.0,0.18319927155971527
3332187392.0,0.1738283932209015
3333125120.0,0.16262751817703247
3334062592.0,0.15161825716495514
3335000064.0,0.14099925756454468
3335937536.0,0.13018636405467987
3336875008.0,0.11771238595247269
3337812480.0,0.10711340606212616
3338749952.0,0.09660875797271729
3339687424.0,0.08573025465011597
3340624896.0,0.07705183327198029
3341562624.0,0.06702359020709991
3342500096.0,0.05857253074645996
3343437568.0,0.05165768042206764
3344375040.0,0.044731900095939636
3345312512.0,0.04006737098097801
3346249984.0,0.03556964546442032
3347187456.0,0.03219902515411377
3348124928.0,0.029797198250889778
3349062400.0,0.029732005670666695
3350000128.0,0.029031742364168167
3350937600.0,0.031671732664108276
3351875072.0,0.034288812428712845
3352812544.0,0.038066085427999496
3353750016.0,0.04279271513223648
3354687488.0,0.0480647049844265
3355624960.0,0.05459919944405556
3356562432.0,0.06238330900669098
3357499904.0,0.07058290392160416
3358437376.0,0.07904818654060364
3359375104.0,0.08818884193897247
3360312576.0,0.0978880524635315
3361250048.0,0.10655851662158966
3362187520.0,0.11668438464403152
3363124992.0,0.1263183206319809
3364062464.0,0.13515737652778625
3364999936.0,0.14274784922599792
3365937408.0,0.15118947625160217
3366874880.0,0.15879254043102264
3367812608.0,0.04066634178161621
3368750080.0,0.04415956512093544
3369687552.0,0.04704045131802559
3370625024.0,0.04955429211258888
3371562496.0,0.05059777572751045
3372499968.0,0.052902769297361374
3373437440.0,0.053737007081508636
3374374912.0,0.05436375364661217
3375312384.0,0.05353233218193054
3376250112.0,0.05165558680891991
3377187584.0,0.04869773983955383
3378125056.0,0.04469327628612518
3379062528.0,0.03990713879466057
3380000000.0,0.03466765210032463
3380937472.0,0.02799270860850811
3381874944.0,0.020992843434214592
3382812416.0,0.01273232139647007
3383749888.0,0.0039287144318223
3384687616.0,-0.005712358746677637
3385625088.0,-0.01433074101805687
3386562560.0,-0.025105122476816177
3387500032.0,-0.03529174253344536
3388437504.0,-0.04475009813904762
3389374976.0,-0.055218204855918884
3390312448.0,-0.06584404408931732
3391249920.0,-0.07478690892457962
3392187392.0,-0.08399195969104767
3393125120.0,-0.09247089922428131
3394062592.0,-0.10064586251974106
3395000064.0,-0.10827243328094482
3395937536.0,-0.11501026898622513
3396875008.0,-0.11898605525493622
3397812480.0,-0.12454993277788162
3398749952.0,-0.12787199020385742
3399687424.0,-0.13142511248588562
3400624896.0,-0.13335056602954865
3401562624.0,-0.13420715928077698
3402500096.0,-0.13549214601516724
3403437568.0,-0.135185107588768
3404375040.0,-0.13458919525146484
3405312512.0,-0.13461507856845856
3406249984.0,-0.132873997092247
3407187456.0,-0.13152411580085754
3408124928.0,-0.13075676560401917
3409062400.0,-0.12924730777740479
3409999872.0,-0.12836667895317078
3410937600.0,-0.12788784503936768
3411875072.0,-0.12817256152629852
3412812544.0,-0.12914898991584778
3413750016.0,-0.13089820742607117
3414687488.0,-0.13508561253547668
3415624960.0,-0.14077670872211456
3416562432.0,-0.14730466902256012
3417499904.0,-0.1560182273387909
3418437376.0,-0.1670226901769638
3419375104.0,-0.18018804490566254
3420312576.0,-0.19489197432994843
3421250048.0,-0.2121708244085312
3422187520.0,-0.23179097473621368
3423124992.0,-0.25365522503852844
3424062464.0,-0.2766845226287842
3424999936.0,-0.30090266466140747
3425937408.0,-0.32875144481658936
3426874880.0,-0.35780924558639526
3427812608.0,-0.3876281678676605
3428750080.0,-0.41623035073280334
3429687552.0,-0.44516557455062866
3430625024.0,-0.4742046892642975
3431562496.0,-0.502508282661438
3432499968.0,-0.5308695435523987
3433437440.0,-0.5581223964691162
3434374912.0,-0.586588978767395
3435312384.0,-0.6145818829536438
3436250112.0,-0.6421419978141785
3437187584.0,-0.6696128845214844
3438125056.0,-0.6977145671844482
3439062528.0,-0.7259615659713745
3440000000.0,-0.7558491230010986
3440937472.0,-0.787676215171814
3441874944.0,-0.8199872374534607
3442812416.0,-0.8562220931053162
3443749888.0,-0.8928559422492981
3444687616.0,-0.9322702288627625
3445625088.0,-0.9745897054672241
3446562560.0,-1.0202690362930298
3447500032.0,-1.0676617622375488
3448437504.0,-1.118317723274231
3449374976.0,-1.172507405281067
3450312448.0,-1.2297052145004272
3451249920.0,-1.2887530326843262
3452187392.0,-1.3493584394454956
3453125120.0,-1.4092738628387451
3454062592.0,-1.4721548557281494
3455000064.0,-1.5351628065109253
3455937536.0,-1.599510669708252
3456875008.0,-1.6608335971832275
3457812480.0,-1.7201980352401733
3458749952.0,-1.776021122932434
3459687424.0,-1.824599027633667
3460624896.0,-1.8673076629638672
3461562624.0,-1.9020423889160156
3462500096.0,-1.9297306537628174
3463437568.0,-1.9483762979507446
3464375040.0,-1.9588714838027954
3465312512.0,-1.960485816001892
3466249984.0,-1.9557925462722778
3467187456.0,-1.9455374479293823
3468124928.0,-1.9276636838912964
3469062400.0,-1.9056569337844849
3470000128.0,-1.877811074256897
3470937600.0,-1.8448305130004883
3471875072.0,-1.8069870471954346
3472812544.0,-1.7649829387664795
3473750016.0,-1.7182523012161255
3474687488.0,-1.6675636768341064
3475624960.0,-1.6140483617782593
3476562432.0,-1.5606322288513184
3477499904.0,-1.5054106712341309
3478437376.0,-1.4521657228469849
3479375104.0,-1.3995041847229004
3480312576.0,-1.35024094581604
3481250048.0,-1.3009592294692993
3482187520.0,-1.2519601583480835
3483124992.0,-1.2018463611602783
3484062464.0,-1.1544936895370483
3484999936.0,-1.106837511062622
3485937408.0,-1.0610154867172241
3486874880.0,-1.0192921161651611
3487812608.0,-1.012762427330017
3488750080.0,-0.9745033383369446
3489687552.0,-0.9397290349006653
3490625024.0,-0.9052344560623169
3491562496.0,-0.8727291226387024
3492499968.0,-0.8432328701019287
3493437440.0,-0.8160281777381897
3494374912.0,-0.7885915040969849
3495312384.0,-0.7633389234542847
3496250112.0,-0.7397016882896423
3497187584.0,-0.7193112969398499
3498125056.0,-0.7008148431777954
3499062528.0,-0.6849489808082581
3500000000.0,-0.6696808934211731
3500937472.0,-0.65491783618927
3501874944.0,-0.6417548656463623
3502812416.0,-0.6280940175056458
3503749888.0,-0.6158446669578552
3504687616.0,-0.6034131646156311
3505625088.0,-0.5922054052352905
3506562560.0,-0.5817534923553467
3507500032.0,-0.5702770948410034
3508437504.0,-0.5590786337852478
3509374976.0,-0.5462787747383118
3510312448.0,-0.5361544489860535
3511249920.0,-0.5251460075378418
3512187392.0,-0.5128836631774902
3513125120.0,-0.4999470114707947
3514062592.0,-0.48592880368232727
3515000064.0,-0.4706929922103882
3515937536.0,-0.4554826319217682
3516875008.0,-0.43812206387519836
3517812480.0,-0.42130693793296814
3518749952.0,-0.4026561677455902
3519687424.0,-0.3851987421512604
3520624896.0,-0.366651713848114
3521562624.0,-0.34759676456451416
3522500096.0,-0.33044546842575073
3523437568.0,-0.31176942586898804
3524375040.0,-0.2932829260826111
3525312512.0,-0.27665814757347107
3526249984.0,-0.25776103138923645
3527187456.0,-0.24013064801692963
3528124928.0,-0.22305087745189667
3529062400.0,-0.2063843309879303
3529999872.0,-0.19117599725723267
3530937600.0,-0.17667286098003387
3531875072.0,-0.1631915271282196
3532812544.0,-0.15095345675945282
3533750016.0,-0.14154136180877686
3534687488.0,-0.13363400101661682
3535624960.0,-0.12552690505981445
3536562432.0,-0.12251612544059753
3537499904.0,-0.11914098262786865
3538437376.0,-0.11857770383358002
3539375104.0,-0.11963499337434769
3540312576.0,-0.12243128567934036
3541250048.0,-0.12584401667118073
3542187520.0,-0.1308831423521042
3543124992.0,-0.13718026876449585
3544062464.0,-0.1450120359659195
3544999936.0,-0.1547386348247528
3545937408.0,-0.16355948150157928
3546874880.0,-0.1743623912334442
3547812608.0,-0.20646849274635315
3548750080.0,-0.19723717868328094
3549687552.0,-0.1889711618423462
3550625024.0,-0.18048682808876038
3551562496.0,-0.17257988452911377
3552499968.0,-0.16347190737724304
3553437440.0,-0.15513776242733002
3554374912.0,-0.1482626348733902
3555312384.0,-0.14200018346309662
3556250112.0,-0.13805876672267914
3557187584.0,-0.13419176638126373
3558125056.0,-0.13038112223148346
3559062528.0,-0.12632828950881958
3560000000.0,-0.12309471517801285
3560937472.0,-0.1187526285648346
3561874944.0,-0.11543363332748413
3562812416.0,-0.11263853311538696
3563749888.0,-0.10846143215894699
3564687616.0,-0.10454165190458298
3565625088.0,-0.10199860483407974
3566562560.0,-0.09862007200717926
3567500032.0,-0.09654874354600906
3568437504.0,-0.09277980774641037
3569374976.0,-0.09002180397510529
3570312448.0,-0.08819127082824707
3571249920.0,-0.08518514037132263
3572187392.0,-0.08248524367809296
3573125120.0,-0.07919090241193771
3574062592.0,-0.07627803087234497
3575000064.0,-0.07170993089675903
3575937536.0,-0.06871256977319717
3576875008.0,-0.06422999501228333
3577812480.0,-0.061353668570518494
3578749952.0,-0.05651535838842392
3579687424.0,-0.05266429856419563
3580624896.0,-0.04829825460910797
3581562624.0,-0.04471453279256821
3582500096.0,-0.04154818877577782
3583437568.0,-0.03911836817860603
3584375040.0,-0.037205103784799576
3585312512.0,-0.035681143403053284
3586249984.0,-0.034835442900657654
3587187456.0,-0.03416505455970764
3588124928.0,-0.03301910683512688
3589062400.0,-0.03291625529527664
3590000128.0,-0.032879509031772614
3590937600.0,-0.03402193263173103
3591875072.0,-0.03388258069753647
3592812544.0,-0.0363437719643116
3593750016.0,-0.03836240619421005
3594687488.0,-0.040374379605054855
3595624960.0,-0.04380467161536217
3596562432.0,-0.04736926406621933
3597499904.0,-0.050455491989851
3598437376.0,-0.05433530732989311
3599375104.0,-0.05761650949716568
3600312576.0,-0.06195812672376633
3601250048.0,-0.06586049497127533
3602187520.0,-0.0701911598443985
3603124992.0,-0.07330195605754852
3604062464.0,-0.07567515969276428
3604999936.0,-0.0782431960105896
3605937408.0,-0.08051323890686035
3606874880.0,-0.08254166692495346
3607812608.0,-0.08843892067670822
3608750080.0,-0.08696818351745605
3609687552.0,-0.0857062116265297
3610625024.0,-0.08425576239824295
3611562496.0,-0.08368092030286789
3612499968.0,-0.08357726782560349
3613437440.0,-0.08418767154216766
3614374912.0,-0.08426874130964279
3615312384.0,-0.08505667746067047
3616250112.0,-0.08641323447227478
3617187584.0,-0.0878990963101387
3618125056.0,-0.0894932821393013
3619062528.0,-0.09181715548038483
3620000000.0,-0.0948762372136116
3620937472.0,-0.09648725390434265
3621874944.0,-0.09907788038253784
3622812416.0,-0.1004972830414772
3623749888.0,-0.10233348608016968
3624687616.0,-0.10254718363285065
3625625088.0,-0.10362396389245987
3626562560.0,-0.10570764541625977
3627500032.0,-0.1060875803232193
3628437504.0,-0.1082397997379303
3629374976.0,-0.10839727520942688
3630312448.0,-0.10783937573432922
3631249920.0,-0.10644800961017609
3632187392.0,-0.10497479885816574
3633125120.0,-0.10182356089353561
3634062592.0,-0.09902255237102509
3635000064.0,-0.09567098319530487
3635937536.0,-0.09116339683532715
3636875008.0,-0.0865662470459938
3637812480.0,-0.08093911409378052
3638749952.0,-0.0750485509634018
3639687424.0,-0.06750741600990295
3640624896.0,-0.059847600758075714
3641562624.0,-0.05203082412481308
3642500096.0,-0.04492960125207901
3643437568.0,-0.03755371645092964
3644375040.0,-0.029534457251429558
3645312512.0,-0.021288851276040077
3646249984.0,-0.012467500753700733
3647187456.0,-0.004234797786921263
3648124928.0,0.004199214745312929
3649062400.0,0.011575214564800262
3649999872.0,0.018059205263853073
3650937600.0,0.023761842399835587
3651875072.0,0.029773900285363197
3652812544.0,0.035214729607105255
3653750016.0,0.04026796296238899
3654687488.0,0.04323744773864746
3655624960.0,0.04713902994990349
3656562432.0,0.05068217217922211
3657499904.0,0.053943660110235214
3658437376.0,0.05424955487251282
3659375104.0,0.05547081306576729
3660312576.0,0.055517688393592834
3661250048.0,0.053624242544174194
3662187520.0,0.05156705528497696
3663124992.0,0.047349024564027786
3664062464.0,0.043655045330524445
3664999936.0,0.03876848146319389
3665937408.0,0.03229781612753868
3666874880.0,0.025838501751422882
3667812608.0,0.01714336685836315
3668750080.0,0.011160040274262428
3669687552.0,0.005878221709281206
3670625024.0,0.0030557250138372183
3671562496.0,-0.0016456193989142776
3672499968.0,-0.004898819141089916
3673437440.0,-0.008075056597590446
3674374912.0,-0.009496643207967281
3675312384.0,-0.011807983741164207
3676250112.0,-0.01386631466448307
3677187584.0,-0.01374221220612526
3678125056.0,-0.01467216294258833
3679062528.0,-0.015266028232872486
3680000000.0,-0.014434072189033031
3680937472.0,-0.013098150491714478
3681874944.0,-0.011823286302387714
3682812416.0,-0.010714076459407806
3683749888.0,-0.007238187827169895
3684687616.0,-0.005348950624465942
3685625088.0,-0.003271830268204212
3686562560.0,-0.0003353958891239017
3687500032.0,0.002894014585763216
3688437504.0,0.004994152579456568
3689374976.0,0.008577270433306694
3690312448.0,0.011049591936171055
3691249920.0,0.01475473865866661
3692187392.0,0.01736350916326046
3693125120.0,0.02051195316016674
3694062592.0,0.02420656383037567
3695000064.0,0.025908254086971283
3695937536.0,0.028589362278580666
3696875008.0,0.030831318348646164
3697812480.0,0.032668761909008026
3698749952.0,0.0341106653213501
3699687424.0,0.03624492138624191
3700624896.0,0.03708554431796074
3701562624.0,0.037384696304798126
3702500096.0,0.036150865256786346
3703437568.0,0.03415379673242569
3704375040.0,0.032398927956819534
3705312512.0,0.0269523523747921
3706249984.0,0.022505031898617744
3707187456.0,0.016119493171572685
3708124928.0,0.008490380831062794
3709062400.0,-0.0002730372070800513
3710000128.0,-0.011182849295437336
3710937600.0,-0.022808346897363663
3711875072.0,-0.03597274050116539
3712812544.0,-0.05008763074874878
3713750016.0,-0.06558166444301605
3714687488.0,-0.08265277743339539
3715624960.0,-0.1000552549958229
3716562432.0,-0.11896113306283951
3717499904.0,-0.13853318989276886
3718437376.0,-0.15843071043491364
3719375104.0,-0.17780756950378418
3720312576.0,-0.19677932560443878
3721250048.0,-0.21773862838745117
3722187520.0,-0.238024041056633
3723124992.0,-0.2576018273830414
3724062464.0,-0.27589455246925354
3724999936.0,-0.29326459765434265
3725937408.0,-0.30798906087875366
3726874880.0,-0.3223612904548645
3727812608.0,-0.008132888935506344
3728750080.0,-0.005836913362145424
3729687552.0,-0.007120487280189991
3730625024.0,-0.0077896807342767715
3731562496.0,-0.01006123423576355
3732499968.0,-0.012648230418562889
3733437440.0,-0.015451219864189625
3734374912.0,-0.019677292555570602
3735312384.0,-0.02184293419122696
3736250112.0,-0.023966267704963684
3737187584.0,-0.026047563180327415
3738125056.0,-0.02771972306072712
3739062528.0,-0.029225926846265793
3740000000.0,-0.02916082553565502
3740937472.0,-0.028257710859179497
3741874944.0,-0.026684874668717384
3742812416.0,-0.025491679087281227
3743749888.0,-0.023111891001462936
3744687616.0,-0.019052324816584587
3745625088.0,-0.014664447866380215
3746562560.0,-0.009408533573150635
3747500032.0,-0.003820940386503935
3748437504.0,0.002858646446838975
3749374976.0,0.010460947640240192
3750312448.0,0.01790003664791584
3751249920.0,0.027762342244386673
3752187392.0,0.037411876022815704
3753125120.0,0.047728996723890305
3754062592.0,0.05774771422147751
3755000064.0,0.06693827360868454
3755937536.0,0.07695329934358597
3756875008.0,0.08613242954015732
3757812480.0,0.0945025086402893
3758749952.0,0.10256537050008774
3759687424.0,0.10975515842437744
3760624896.0,0.11590615659952164
3761562624.0,0.12198442965745926
3762500096.0,0.12571708858013153
3763437568.0,0.12839853763580322
3764375040.0,0.1303933560848236
3765312512.0,0.1303299367427826
3766249984.0,0.1285121589899063
3767187456.0,0.1256752610206604
3768124928.0,0.12134650349617004
3769062400.0,0.11540429294109344
3769999872.0,0.10918139666318893
3770937600.0,0.10143711417913437
3771875072.0,0.09288465976715088
3772812544.0,0.08286808431148529
3773750016.0,0.07205885648727417
3774687488.0,0.06118937209248543
3775624960.0,0.05058150738477707
3776562432.0,0.03910624608397484
3777499904.0,0.027052970603108406
3778437376.0,0.01597912609577179
3779375104.0,0.004517452325671911
3780312576.0,-0.006371396593749523
3781250048.0,-0.0176226906478405
3782187520.0,-0.028259778395295143
3783124992.0,-0.03761318325996399
3784062464.0,-0.04767097905278206
3784999936.0,-0.05561235174536705
3785937408.0,-0.06447350233793259
3786874880.0,-0.05335244908928871
3787812608.0,-0.05684253200888634
3788750080.0,-0.059774916619062424
3789687552.0,-0.06262972950935364
3790625024.0,-0.0656394436955452
3791562496.0,-0.067759670317173
3792499968.0,-0.07136829942464828
3793437440.0,-0.0738847479224205
3794374912.0,-0.07625804096460342
3795312384.0,-0.07717444747686386
3796250112.0,-0.07762515544891357
3797187584.0,-0.07700571417808533
3798125056.0,-0.07618162781000137
3799062528.0,-0.07360388338565826
3800000000.0,-0.07053167372941971
3800937472.0,-0.06555897742509842
3801874944.0,-0.06007770448923111
3802812416.0,-0.05357619747519493
3803749888.0,-0.04549601674079895
3804687616.0,-0.03817395865917206
3805625088.0,-0.029761232435703278
3806562560.0,-0.020786214619874954
3807500032.0,-0.011097966693341732
3808437504.0,-0.0029953306075185537
3809374976.0,0.006070357281714678
3810312448.0,0.01473991945385933
3811249920.0,0.022997114807367325
3812187392.0,0.03125365823507309
3813125120.0,0.03903408348560333
3814062592.0,0.04460449516773224
3815000064.0,0.05083329603075981
3815937536.0,0.05612669140100479
3816875008.0,0.061232663691043854
3817812480.0,0.0652555301785469
3818749952.0,0.06762007623910904
3819687424.0,0.06881581991910934
3820624896.0,0.07062921673059464
3821562624.0,0.06988571584224701
3822500096.0,0.06875041127204895
3823437568.0,0.06705733388662338
3824375040.0,0.06463130563497543
3825312512.0,0.06140473857522011
3826249984.0,0.05831620469689369
3827187456.0,0.05347726121544838
3828124928.0,0.04853855445981026
3829062400.0,0.044252585619688034
3830000128.0,0.03921965882182121
3830937600.0,0.033891934901475906
3831875072.0,0.02793777734041214
3832812544.0,0.02255396917462349
3833750016.0,0.015772290527820587
3834687488.0,0.010151563212275505
3835624960.0,0.0038037418853491545
3836562432.0,-0.0009395541856065392
3837499904.0,-0.006055105477571487
3838437376.0,-0.01122733112424612
3839375104.0,-0.016808893531560898
3840312576.0,-0.020793292671442032
3841250048.0,-0.02560547925531864
3842187520.0,-0.02970198541879654
3843124992.0,-0.03246581181883812
3844062464.0,-0.036397404968738556
3844999936.0,-0.04028861224651337
3845937408.0,-0.04453093558549881
3846874880.0,-0.04225028678774834
3847812608.0,-0.04531770199537277
3848750080.0,-0.04777936637401581
3849687552.0,-0.04946012794971466
3850625024.0,-0.051437001675367355
3851562496.0,-0.05296224728226662
3852499968.0,-0.05431906878948212
3853437440.0,-0.055513352155685425
3854374912.0,-0.056969236582517624
3855312384.0,-0.057103727012872696
3856250112.0,-0.05764738470315933
3857187584.0,-0.056021180003881454
3858125056.0,-0.05404258519411087
3859062528.0,-0.05327935889363289
3860000000.0,-0.05057809129357338
3860937472.0,-0.04860468581318855
3861874944.0,-0.04509616270661354
3862812416.0,-0.043815840035676956
3863749888.0,-0.041817620396614075
3864687616.0,-0.041278574615716934
3865625088.0,-0.0403604656457901
3866562560.0,-0.041471149772405624
3867500032.0,-0.043975308537483215
3868437504.0,-0.04971875995397568
3869374976.0,-0.05559969320893288
3870312448.0,-0.06424989551305771
3871249920.0,-0.07416010648012161
3872187392.0,-0.0842832401394844
3873125120.0,-0.09492088854312897
3874062592.0,-0.10618940740823746
3875000064.0,-0.11862289905548096
3875937536.0,-0.12864536046981812
3876875008.0,-0.13919039070606232
3877812480.0,-0.14751602709293365
3878749952.0,-0.15480268001556396
3879687424.0,-0.15895888209342957
3880624896.0,-0.16188856959342957
3881562624.0,-0.16240324079990387
3882500096.0,-0.1605563759803772
3883437568.0,-0.1570441722869873
3884375040.0,-0.15192368626594543
3885312512.0,-0.1437634378671646
3886249984.0,-0.13544516265392303
3887187456.0,-0.12528492510318756
3888124928.0,-0.11387865990400314
3889062400.0,-0.10122019797563553
3889999872.0,-0.0895068421959877
3890937600.0,-0.07685290277004242
3891875072.0,-0.06476438790559769
3892812544.0,-0.05386187508702278
3893750016.0,-0.04261600598692894
3894687488.0,-0.03294847533106804
3895624960.0,-0.024723835289478302
3896562432.0,-0.01713895983994007
3897499904.0,-0.011061228811740875
3898437376.0,-0.005261622369289398
3899375104.0,-0.0015386779559776187
3900312576.0,0.0020399298518896103
3901250048.0,0.004259075969457626
3902187520.0,0.0054701645858585835
3903124992.0,0.006336404010653496
3904062464.0,0.006966412998735905
3904999936.0,0.007648878265172243
3905937408.0,0.008932199329137802
3906874880.0,-0.0020903246477246284
3907812608.0,-0.010543511249125004
3908750080.0,-0.018252380192279816
3909687552.0,-0.023493262007832527
3910625024.0,-0.027779405936598778
3911562496.0,-0.03009820356965065
3912499968.0,-0.030437184497714043
3913437440.0,-0.0286936704069376
3914374912.0,-0.02579973079264164
3915312384.0,-0.02083771862089634
3916250112.0,-0.015389988198876381
3917187584.0,-0.007969935424625874
3918125056.0,0.0011986198369413614
3919062528.0,0.01069608423858881
3920000000.0,0.021795324981212616
3920937472.0,0.03226340562105179
3921874944.0,0.04161110520362854
3922812416.0,0.05208186060190201
3923749888.0,0.06216804310679436
3924687616.0,0.07219599932432175
3925625088.0,0.08083003014326096
3926562560.0,0.08851481974124908
3927500032.0,0.09494435042142868
3928437504.0,0.10123459994792938
3929374976.0,0.10522742569446564
3930312448.0,0.10828249901533127
3931249920.0,0.10976541042327881
3932187392.0,0.10982055217027664
3933125120.0,0.10851898789405823
3934062592.0,0.10593370348215103
3935000064.0,0.1014610156416893
3935937536.0,0.09663858264684677
3936875008.0,0.08930068463087082
3937812480.0,0.08158016204833984
3938749952.0,0.07245202362537384
3939687424.0,0.06212564930319786
3940624896.0,0.05173517018556595
3941562624.0,0.0409972183406353
3942500096.0,0.02919190190732479
3943437568.0,0.016710052266716957
3944375040.0,0.004892074503004551
3945312512.0,-0.007894695736467838
3946249984.0,-0.019806277006864548
3947187456.0,-0.031694985926151276
3948124928.0,-0.043855298310518265
3949062400.0,-0.05557108297944069
3950000128.0,-0.06610796600580215
3950937600.0,-0.07624945789575577
3951875072.0,-0.08553538471460342
3952812544.0,-0.09458980709314346
3953750016.0,-0.10416332632303238
3954687488.0,-0.1120133250951767
3955624960.0,-0.11955565959215164
3956562432.0,-0.12677635252475739
3957499904.0,-0.1330600082874298
3958437376.0,-0.13855686783790588
3959375104.0,-0.14326483011245728
3960312576.0,-0.14924263954162598
3961250048.0,-0.15408077836036682
3962187520.0,-0.15933910012245178
3963124992.0,-0.16415880620479584
3964062464.0,-0.1681550294160843
3964999936.0,-0.17342157661914825
3965937408.0,-0.1759362816810608
3966874880.0,-0.0687321200966835
3967812608.0,-0.07442306727170944
3968750080.0,-0.08144956082105637
3969687552.0,-0.08573433011770248
3970625024.0,-0.09021539986133575
3971562496.0,-0.09413015842437744
3972499968.0,-0.09657306969165802
3973437440.0,-0.0983482301235199
3974374912.0,-0.09887026995420456
3975312384.0,-0.09950311481952667
3976250112.0,-0.09953545033931732
3977187584.0,-0.09793581813573837
3978125056.0,-0.09468696266412735
3979062528.0,-0.09166489541530609
3980000000.0,-0.08660459518432617
3980937472.0,-0.0841851532459259
3981874944.0,-0.07875239849090576
3982812416.0,-0.07383915781974792
3983749888.0,-0.06898580491542816
3984687616.0,-0.06423341482877731
3985625088.0,-0.05977560952305794
3986562560.0,-0.05399846285581589
3987500032.0,-0.04885757714509964
3988437504.0,-0.04316084831953049
3989374976.0,-0.03784571960568428
3990312448.0,-0.03304818645119667
3991249920.0,-0.02883272059261799
3992187392.0,-0.02535899728536606
3993125120.0,-0.020902156829833984
3994062592.0,-0.019928794354200363
3995000064.0,-0.018251966685056686
3995937536.0,-0.01636650785803795
3996875008.0,-0.016372106969356537
3997812480.0,-0.016014913097023964
3998749952.0,-0.01775282621383667
3999687424.0,-0.017728189006447792
4000624896.0,-0.009498586878180504
4001562624.0,-0.01424637995660305
4002500096.0,-0.01869777962565422
4003437568.0,-0.02596547082066536
4004375040.0,-0.031903643161058426
4005312512.0,-0.038270942866802216
4006249984.0,-0.045242540538311005
4007187456.0,-0.053239766508340836
4008124928.0,-0.0616564117372036
4009062400.0,-0.06994319707155228
4009999872.0,-0.07872378826141357
4010937600.0,-0.08834126591682434
4011875072.0,-0.09741766005754471
4012812544.0,-0.10633477568626404
4013750016.0,-0.11445740610361099
4014687488.0,-0.12252846360206604
4015624960.0,-0.12994693219661713
4016562432.0,-0.13802441954612732
4017499904.0,-0.14494042098522186
4018437376.0,-0.15208613872528076
4019375104.0,-0.15848718583583832
4020312576.0,-0.16408668458461761
4021250048.0,-0.17025476694107056
4022187520.0,-0.17477768659591675
4023124992.0,-0.17955151200294495
4024062464.0,-0.1840669810771942
4024999936.0,-0.18712127208709717
4025937408.0,-0.18996712565422058
4026874880.0,-0.18234334886074066
4027812608.0,-0.18455377221107483
4028750080.0,-0.18744352459907532
4029687552.0,-0.18906982243061066
4030625024.0,-0.19113391637802124
4031562496.0,-0.19218692183494568
4032499968.0,-0.1942577362060547
4033437440.0,-0.19493812322616577
4034374912.0,-0.19628430902957916
4035312384.0,-0.19614306092262268
4036250112.0,-0.19577094912528992
4037187584.0,-0.19547072052955627
4038125056.0,-0.19438734650611877
4039062528.0,-0.19318294525146484
4040000000.0,-0.19224320352077484
4040937472.0,-0.18998625874519348
4041874944.0,-0.18738791346549988
4042812416.0,-0.18444626033306122
4043749888.0,-0.18087823688983917
4044687616.0,-0.1774187982082367
4045625088.0,-0.17140845954418182
4046562560.0,-0.1657613217830658
4047500032.0,-0.1584356725215912
4048437504.0,-0.15176469087600708
4049374976.0,-0.14316274225711823
4050312448.0,-0.13389641046524048
4051249920.0,-0.12300406396389008
4052187392.0,-0.11297106742858887
4053125120.0,-0.10156121850013733
4054062592.0,-0.09069215506315231
4055000064.0,-0.0795176699757576
4055937536.0,-0.06774304807186127
4056875008.0,-0.05523255467414856
4057812480.0,-0.04428291320800781
4058749952.0,-0.03290307894349098
4059687424.0,-0.021350020542740822
4060624896.0,-0.01083914004266262
4061562624.0,-0.0004439086187630892
4062500096.0,0.00965453777462244
4063437568.0,0.017699992284178734
4064375040.0,0.025865374132990837
4065312512.0,0.03153706714510918
4066249984.0,0.03853891044855118
4067187456.0,0.04367619380354881
4068124928.0,0.04701020196080208
4069062400.0,0.04948870837688446
4070000128.0,0.0503249317407608
4070937600.0,0.05001988634467125
4071875072.0,0.04920821636915207
4072812544.0,0.04603852704167366
4073750016.0,0.04250210151076317
4074687488.0,0.038359832018613815
4075624960.0,0.03315446898341179
4076562432.0,0.02682746760547161
4077499904.0,0.019668856635689735
4078437376.0,0.012388024479150772
4079375104.0,0.0037842176388949156
4080312576.0,-0.006058576051145792
4081250048.0,-0.01703449711203575
4082187520.0,-0.027575509622693062
4083124992.0,-0.03984794393181801
4084062464.0,-0.04976296052336693
4084999936.0,-0.05954117700457573
4085937408.0,-0.0696541965007782
4086874880.0,-0.0944109857082367
4087812608.0,-0.10061293840408325
4088750080.0,-0.10652186721563339
4089687552.0,-0.11043025553226471
4090625024.0,-0.11281221359968185
4091562496.0,-0.11477228999137878
4092499968.0,-0.1174502819776535
4093437440.0,-0.11849352717399597
4094374912.0,-0.12044627964496613
4095312384.0,-0.12130308896303177
4096250112.0,-0.12205847352743149
4097187584.0,-0.12260296195745468
4098125056.0,-0.1230861023068428
4099062528.0,-0.12348861247301102
4100000000.0,-0.12473936378955841
4100937472.0,-0.12530066072940826
4101874944.0,-0.12543177604675293
4102812416.0,-0.1256040334701538
4103749888.0,-0.12594588100910187
4104687616.0,-0.12706021964550018
4105625088.0,-0.12707039713859558
4106562560.0,-0.1283309906721115
4107500032.0,-0.12841013073921204
4108437504.0,-0.1286853402853012
4109374976.0,-0.12852725386619568
4110312448.0,-0.12891332805156708
4111249920.0,-0.12977315485477448
4112187392.0,-0.1283312886953354
4113125120.0,-0.12738792598247528
4114062592.0,-0.12704642117023468
4115000064.0,-0.12485284358263016
4115937536.0,-0.12365783751010895
4116875008.0,-0.12141890823841095
4117812480.0,-0.11999676376581192
4118749952.0,-0.11794345080852509
4119687424.0,-0.11384397745132446
4120624896.0,-0.11105924844741821
4121562624.0,-0.1086101084947586
4122500096.0,-0.10292156040668488
4123437568.0,-0.09983497858047485
4124375040.0,-0.09575028717517853
4125312512.0,-0.09157968312501907
4126249984.0,-0.08779004216194153
4127187456.0,-0.08489929884672165
4128124928.0,-0.08078953623771667
4129062400.0,-0.07688475400209427
4129999872.0,-0.07311578840017319
4130937600.0,-0.06899786740541458
4131875072.0,-0.0661337673664093
4132812544.0,-0.06336867064237595
4133750016.0,-0.06079503521323204
4134687488.0,-0.05878323316574097
4135624960.0,-0.05701193958520889
4136562432.0,-0.05528966337442398
4137499904.0,-0.05354912579059601
4138437376.0,-0.052131351083517075
4139375104.0,-0.05124862492084503
4140312576.0,-0.04959888756275177
4141250048.0,-0.04899517819285393
4142187520.0,-0.049780767410993576
4143124992.0,-0.04848269373178482
4144062464.0,-0.0485040619969368
4144999936.0,-0.04726884886622429
4145937408.0,-0.04557877779006958
4146874880.0,-0.08626379072666168
4147812608.0,-0.0876617506146431
4148750080.0,-0.08862756937742233
4149687552.0,-0.08888226747512817
4150625024.0,-0.08906415104866028
4151562496.0,-0.08839157968759537
4152499968.0,-0.0862974300980568
4153437440.0,-0.08438853919506073
4154374912.0,-0.08129357546567917
4155312384.0,-0.07777552306652069
4156250112.0,-0.07369302213191986
4157187584.0,-0.06860273331403732
4158125056.0,-0.06361469626426697
4159062528.0,-0.05867728963494301
4160000000.0,-0.053924158215522766
4160937472.0,-0.0491478331387043
4161874944.0,-0.043679799884557724
4162812416.0,-0.03932139277458191
4163749888.0,-0.033057212829589844
4164687616.0,-0.03024768829345703
4165625088.0,-0.02738315425813198
4166562560.0,-0.024306509643793106
4167500032.0,-0.023782508447766304
4168437504.0,-0.022073857486248016
4169374976.0,-0.020552517846226692
4170312448.0,-0.021395670250058174
4171249920.0,-0.021587684750556946
4172187392.0,-0.022038443014025688
4173125120.0,-0.02437008172273636
4174062592.0,-0.026467114686965942
4175000064.0,-0.029468197375535965
4175937536.0,-0.033452533185482025
4176875008.0,-0.03676159307360649
4177812480.0,-0.04058755934238434
4178749952.0,-0.045396506786346436
4179687424.0,-0.04963541775941849
4180624896.0,-0.05438077077269554
4181562624.0,-0.05849907174706459
4182500096.0,-0.06396717578172684
4183437568.0,-0.06927143037319183
4184375040.0,-0.07328355312347412
4185312512.0,-0.07775712013244629
4186249984.0,-0.08209928125143051
4187187456.0,-0.08727502822875977
4188124928.0,-0.09058519452810287
4189062400.0,-0.09328654408454895
4190000128.0,-0.09643548727035522
4190937600.0,-0.09887579828500748
4191875072.0,-0.10240830481052399
4192812544.0,-0.10523027181625366
4193750016.0,-0.10867492109537125
4194687488.0,-0.1112266480922699
4195624960.0,-0.11465470492839813
4196562432.0,-0.11841697990894318
4197499904.0,-0.12219181656837463
4198437376.0,-0.12650831043720245
4199375104.0,-0.13226383924484253
4200312576.0,-0.137772336602211
4201250048.0,-0.14370153844356537
4202187520.0,-0.14854075014591217
4203124992.0,-0.1534864455461502
4204062464.0,-0.15805014967918396
4204999936.0,-0.1637028455734253
4205937408.0,-0.16785027086734772
4206874880.0,-0.1584445834159851
4207812608.0,-0.16488292813301086
4208750080.0,-0.17024850845336914
4209687552.0,-0.17426590621471405
4210625024.0,-0.17852263152599335
4211562496.0,-0.1823350489139557
4212499968.0,-0.18528155982494354
4213437440.0,-0.18755388259887695
4214374912.0,-0.18735867738723755
4215312384.0,-0.18753984570503235
4216250112.0,-0.18620529770851135
4217187584.0,-0.18304254114627838
4218125056.0,-0.1777547299861908
4219062528.0,-0.17177720367908478
4220000000.0,-0.16484056413173676
4220937472.0,-0.15432389080524445
4221874944.0,-0.1440833956003189
4222812416.0,-0.13140876591205597
4223749888.0,-0.11915630847215652
4224687616.0,-0.10542285442352295
4225625088.0,-0.09041548520326614
4226562560.0,-0.07630150020122528
4227500032.0,-0.06071333959698677
4228437504.0,-0.045005638152360916
4229374976.0,-0.029194431379437447
4230312448.0,-0.01247498206794262
4231249920.0,0.005056239198893309
4232187392.0,0.020868003368377686
4233125120.0,0.03701702505350113
4234062592.0,0.052061501890420914
4235000064.0,0.06709235161542892
4235937536.0,0.08062778413295746
4236875008.0,0.09356696903705597
4237812480.0,0.10601378977298737
4238749952.0,0.1165456473827362
4239687424.0,0.12538038194179535
4240624896.0,0.13397236168384552
4241562624.0,0.14064423739910126
4242500096.0,0.14527097344398499
4243437568.0,0.1486765444278717
4244375040.0,0.15162396430969238
4245312512.0,0.15232834219932556
4246249984.0,0.1521904468536377
4247187456.0,0.14908111095428467
4248124928.0,0.1445370465517044
4249062400.0,0.1389203667640686
4249999872.0,0.13141483068466187
4250937600.0,0.1219887062907219
4251875072.0,0.11051897704601288
4252812544.0,0.09802477061748505
4253750016.0,0.08317282795906067
4254687488.0,0.06692265719175339
4255624960.0,0.050654683262109756
4256562432.0,0.03204995021224022
4257499904.0,0.012602453120052814
4258437376.0,-0.00778991961851716
4259375104.0,-0.02882111258804798
4260312576.0,-0.05015263333916664
4261250048.0,-0.07153555750846863
4262187520.0,-0.09307537227869034
4263124992.0,-0.11526595056056976
4264062464.0,-0.1350124329328537
4264999936.0,-0.156138077378273
4265937408.0,-0.17474614083766937
4266874880.0,-0.18479251861572266
4267812608.0,-0.19138363003730774
4268750080.0,-0.198698952794075
4269687552.0,-0.20478497445583344
4270625024.0,-0.21114414930343628
4271562496.0,-0.21598301827907562
4272499968.0,-0.22107931971549988
4273437440.0,-0.22400297224521637
4274374912.0,-0.22651681303977966
4275312384.0,-0.22758665680885315
4276250112.0,-0.22570814192295074
4277187584.0,-0.22296783328056335
4278125056.0,-0.21835286915302277
4279062528.0,-0.21103745698928833
4280000000.0,-0.20191633701324463
4280937472.0,-0.19038192927837372
4281874944.0,-0.1766558587551117
4282812416.0,-0.1615224927663803
4283749888.0,-0.14602935314178467
4284687616.0,-0.1276567429304123
4285625088.0,-0.10778288543224335
4286562560.0,-0.08713201433420181
4287500032.0,-0.06464019417762756
4288437504.0,-0.04240070655941963
4289374976.0,-0.019059810787439346
4290312448.0,0.004352806601673365
4291249920.0,0.02764103375375271
4292187392.0,0.0495510958135128
4293125120.0,0.07221797853708267
4294062592.0,0.0934462621808052
4295000064.0,0.1129470244050026
4295937536.0,0.13137830793857574
4296875008.0,0.14757446944713593
4297812480.0,0.16152238845825195
4298749952.0,0.17431257665157318
4299687424.0,0.18520575761795044
4300624896.0,0.19318214058876038
4301562368.0,0.19896499812602997
4302499840.0,0.20162233710289001
4303437312.0,0.2029377818107605
4304374784.0,0.20084647834300995
4305312256.0,0.19731198251247406
4306250240.0,0.18996670842170715
4307187712.0,0.18173553049564362
4308125184.0,0.1705792397260666
4309062656.0,0.1570136994123459
4310000128.0,0.14253969490528107
4310937600.0,0.1249849796295166
4311875072.0,0.10685187578201294
4312812544.0,0.08803293108940125
4313750016.0,0.06714193522930145
4314687488.0,0.04739033803343773
4315624960.0,0.026954717934131622
4316562432.0,0.006437063217163086
4317499904.0,-0.01401184219866991
4318437376.0,-0.03284458816051483
4319374848.0,-0.052116863429546356
4320312320.0,-0.07087007910013199
4321249792.0,-0.08758360147476196
4322187264.0,-0.10454004257917404
4323125248.0,-0.11900438368320465
4324062720.0,-0.13306279480457306
4325000192.0,-0.1456824094057083
4325937664.0,-0.1552232950925827
4326875136.0,-0.2128710299730301
4327812608.0,-0.21095123887062073
4328750080.0,-0.20769813656806946
4329687552.0,-0.20246392488479614
4330625024.0,-0.19718576967716217
4331562496.0,-0.1895870864391327
4332499968.0,-0.18314774334430695
4333437440.0,-0.17314821481704712
4334374912.0,-0.1637965589761734
4335312384.0,-0.15416587889194489
4336249856.0,-0.14334994554519653
4337187328.0,-0.13297995924949646
4338124800.0,-0.1231277734041214
4339062272.0,-0.1138267070055008
4339999744.0,-0.10595572739839554
4340937728.0,-0.09741176664829254
4341875200.0,-0.08966033160686493
4342812672.0,-0.08478247374296188
4343750144.0,-0.07989224791526794
4344687616.0,-0.07455824315547943
4345625088.0,-0.07055461406707764
4346562560.0,-0.06623315811157227
4347500032.0,-0.06236930936574936
4348437504.0,-0.060695089399814606
4349374976.0,-0.06042423099279404
4350312448.0,-0.060325805097818375
4351249920.0,-0.061491288244724274
4352187392.0,-0.0624777115881443
4353124864.0,-0.0643036961555481
4354062336.0,-0.06581298261880875
4354999808.0,-0.06688936054706573
4355937280.0,-0.06887447834014893
4356874752.0,-0.07124606519937515
4357812736.0,-0.07564693689346313
4358750208.0,-0.07911711931228638
4359687680.0,-0.0828946977853775
4360625152.0,-0.08754099160432816
4361562624.0,-0.0908210277557373
4362500096.0,-0.09460042417049408
4363437568.0,-0.09828920662403107
4364375040.0,-0.10166154056787491
4365312512.0,-0.10615777224302292
4366249984.0,-0.1100502535700798
4367187456.0,-0.11478269845247269
4368124928.0,-0.11934249848127365
4369062400.0,-0.12376949191093445
4369999872.0,-0.12894277274608612
4370937344.0,-0.13315436244010925
4371874816.0,-0.13703559339046478
4372812288.0,-0.14129382371902466
4373749760.0,-0.1468578726053238
4374687744.0,-0.15094353258609772
4375625216.0,-0.15663644671440125
4376562688.0,-0.1631859838962555
4377500160.0,-0.169126957654953
4378437632.0,-0.17605815827846527
4379375104.0,-0.18425869941711426
4380312576.0,-0.19214674830436707
4381250048.0,-0.19991780817508698
4382187520.0,-0.20894435048103333
4383124992.0,-0.21800914406776428
4384062464.0,-0.22954733669757843
4384999936.0,-0.23944298923015594
4385937408.0,-0.2504814565181732
4386874880.0,-0.3200617730617523
4387812352.0,-0.3273771405220032
4388749824.0,-0.3337748050689697
4389687296.0,-0.3388126790523529
4390624768.0,-0.3411615788936615
4391562752.0,-0.34277471899986267
4392500224.0,-0.34106409549713135
4393437696.0,-0.338289350271225
4394375168.0,-0.3344016969203949
4395312640.0,-0.32795101404190063
4396250112.0,-0.32184702157974243
4397187584.0,-0.3137303292751312
4398125056.0,-0.3033279776573181
4399062528.0,-0.29108095169067383
4400000000.0,-0.2778891324996948
4400937472.0,-0.26353469491004944
4401874944.0,-0.24761849641799927
4402812416.0,-0.2311680018901825
4403749888.0,-0.21445949375629425
4404687360.0,-0.1958719938993454
4405624832.0,-0.17839281260967255
4406562304.0,-0.1602095365524292
4407499776.0,-0.1426742821931839
4408437248.0,-0.12578636407852173
4409375232.0,-0.10917554795742035
4410312704.0,-0.09272095561027527
4411250176.0,-0.07854459434747696
4412187648.0,-0.06371182948350906
4413125120.0,-0.051758598536252975
4414062592.0,-0.04177521541714668
4415000064.0,-0.03341849893331528
4415937536.0,-0.027283785864710808
4416875008.0,-0.024381272494792938
4417812480.0,-0.02325127273797989
4418749952.0,-0.024756411090493202
4419687424.0,-0.02869783155620098
4420624896.0,-0.03467482700943947
4421562368.0,-0.044199857860803604
4422499840.0,-0.05370499938726425
4423437312.0,-0.06701842695474625
4424374784.0,-0.0812608003616333
4425312256.0,-0.09704650193452835
4426250240.0,-0.11509232968091965
4427187712.0,-0.13540589809417725
4428125184.0,-0.15642721951007843
4429062656.0,-0.17818902432918549
4430000128.0,-0.20042096078395844
4430937600.0,-0.2241697460412979
4431875072.0,-0.24748967587947845
4432812544.0,-0.2709878385066986
4433750016.0,-0.2945338189601898
4434687488.0,-0.31747251749038696
4435624960.0,-0.3413749635219574
4436562432.0,-0.363486647605896
4437499904.0,-0.3858734369277954
4438437376.0,-0.4070795476436615
4439374848.0,-0.4258092939853668
4440312320.0,-0.4443323016166687
4441249792.0,-0.46167615056037903
4442187264.0,-0.4766829311847687
4443125248.0,-0.49060380458831787
4444062720.0,-0.5018521547317505
4445000192.0,-0.5115817785263062
4445937664.0,-0.5179030299186707
4446875136.0,-0.5277236700057983
4447812608.0,-0.5357263088226318
4448750080.0,-0.5395401120185852
4449687552.0,-0.5427706837654114
4450625024.0,-0.5457531809806824
4451562496.0,-0.5441846251487732
4452499968.0,-0.5422075986862183
4453437440.0,-0.5372316837310791
4454374912.0,-0.5295097231864929
4455312384.0,-0.5207832455635071
4456249856.0,-0.5105447769165039
4457187328.0,-0.49815860390663147
4458124800.0,-0.484393447637558
4459062272.0,-0.4690701961517334
4460000256.0,-0.4533647298812866
4460937728.0,-0.4368450939655304
4461875200.0,-0.420647531747818
4462812672.0,-0.4047394394874573
4463750144.0,-0.3880268931388855
4464687616.0,-0.37120485305786133
4465625088.0,-0.3570699095726013
4466562560.0,-0.3412858247756958
4467500032.0,-0.3265395760536194
4468437504.0,-0.31319698691368103
4469374976.0,-0.30245542526245117
4470312448.0,-0.29148396849632263
4471249920.0,-0.28149208426475525
4472187392.0,-0.2734578847885132
4473124864.0,-0.26782000064849854
4474062336.0,-0.2626371383666992
4474999808.0,-0.26001498103141785
4475937280.0,-0.2585110366344452
4476874752.0,-0.2592838406562805
4477812736.0,-0.2619888186454773
4478750208.0,-0.26636889576911926
4479687680.0,-0.27192601561546326
4480625152.0,-0.27923327684402466
4481562624.0,-0.2902531027793884
4482500096.0,-0.30266284942626953
4483437568.0,-0.3175424635410309
4484375040.0,-0.33454570174217224
4485312512.0,-0.35552290081977844
4486249984.0,-0.3779411315917969
4487187456.0,-0.4025595784187317
4488124928.0,-0.42865145206451416
4489062400.0,-0.45644843578338623
4489999872.0,-0.4857242703437805
4490937344.0,-0.5138136148452759
4491874816.0,-0.5444109439849854
4492812288.0,-0.5760320425033569
4493749760.0,-0.6077844500541687
4494687744.0,-0.6405580639839172
4495625216.0,-0.6748870611190796
4496562688.0,-0.7074688673019409
4497500160.0,-0.7395246028900146
4498437632.0,-0.7703509330749512
4499375104.0,-0.7999740839004517
4500312576.0,-0.8270931839942932
4501250048.0,-0.8536067008972168
4502187520.0,-0.878894031047821
4503124992.0,-0.9024267792701721
4504062464.0,-0.9233541488647461
4504999936.0,-0.9426781535148621
4505937408.0,-0.9588271379470825
4506874880.0,-0.9223285913467407
4507812352.0,-0.9359781742095947
4508749824.0,-0.9468364715576172
4509687296.0,-0.9547263383865356
4510624768.0,-0.9604995846748352
4511562752.0,-0.9626712203025818
4512500224.0,-0.9628437161445618
4513437696.0,-0.9598308801651001
4514375168.0,-0.9532763361930847
4515312640.0,-0.9453028440475464
4516250112.0,-0.9359703063964844
4517187584.0,-0.9237143397331238
4518125056.0,-0.9112173914909363
4519062528.0,-0.8980500102043152
4520000000.0,-0.8841084837913513
4520937472.0,-0.8698723316192627
4521874944.0,-0.8549957275390625
4522812416.0,-0.8414176106452942
4523749888.0,-0.8272101879119873
4524687360.0,-0.8130882382392883
4525624832.0,-0.8011214733123779
4526562304.0,-0.7912315130233765
4527499776.0,-0.7815577387809753
4528437248.0,-0.7735897302627563
4529375232.0,-0.7679699063301086
4530312704.0,-0.7639390230178833
4531250176.0,-0.7622776627540588
4532187648.0,-0.7633476853370667
4533125120.0,-0.7662931680679321
4534062592.0,-0.7720445394515991
4535000064.0,-0.781091570854187
4535937536.0,-0.7927266955375671
4536875008.0,-0.8081606030464172
4537812480.0,-0.8296219706535339
4538749952.0,-0.8539941310882568
4539687424.0,-0.882747232913971
4540624896.0,-0.9145941138267517
4541562368.0,-0.9491751790046692
4542499840.0,-0.9856611490249634
4543437312.0,-1.025927186012268
4544374784.0,-1.0699046850204468
4545312256.0,-1.1155872344970703
4546250240.0,-1.1652086973190308
4547187712.0,-1.2165720462799072
4548125184.0,-1.2724080085754395
4549062656.0,-1.3311964273452759
4550000128.0,-1.392174482345581
4550937600.0,-1.4564152956008911
4551875072.0,-1.5217503309249878
4552812544.0,-1.591291069984436
4553750016.0,-1.6615039110183716
4554687488.0,-1.7347242832183838
4555624960.0,-1.8069547414779663
4556562432.0,-1.8784894943237305
4557499904.0,-1.9496666193008423
4558437376.0,-2.0177125930786133
4559374848.0,-2.0859148502349854
4560312320.0,-2.1528937816619873
4561249792.0,-2.2192397117614746
4562187264.0,-2.2849111557006836
4563125248.0,-2.3478310108184814
4564062720.0,-2.4082796573638916
4565000192.0,-2.466184139251709
4565937664.0,-2.5235254764556885
4566875136.0,-2.392458200454712
4567812608.0,-2.4217851161956787
4568750080.0,-2.450230360031128
4569687552.0,-2.478747606277466
4570625024.0,-2.5092580318450928
4571562496.0,-2.5401644706726074
4572499968.0,-2.571023941040039
4573437440.0,-2.6008994579315186
4574374912.0,-2.6307332515716553
4575312384.0,-2.6611874103546143
4576249856.0,-2.6923038959503174
4577187328.0,-2.7236194610595703
4578124800.0,-2.7546944618225098
4579062272.0,-2.7891597747802734
4579999744.0,-2.825080156326294
4580937728.0,-2.8625717163085938
4581875200.0,-2.898566722869873
4582812672.0,-2.934843063354492
4583750144.0,-2.9698479175567627
4584687616.0,-3.005286931991577
4585625088.0,-3.0443077087402344
4586562560.0,-3.084568977355957
4587500032.0,-3.1274638175964355
4588437504.0,-3.168463706970215
4589374976.0,-3.210278034210205
4590312448.0,-3.2496843338012695
4591249920.0,-3.289036512374878
4592187392.0,-3.3282487392425537
4593124864.0,-3.3701329231262207
4594062336.0,-3.4133689403533936
4594999808.0,-3.459182024002075
4595937280.0,-3.5076072216033936
4596874752.0,-3.557762861251831
4597812736.0,-3.606562376022339
4598750208.0,-3.6556873321533203
4599687680.0,-3.7057197093963623
4600625152.0,-3.761255979537964
4601562624.0,-3.8156187534332275
4602500096.0,-3.8697242736816406
4603437568.0,-3.918116569519043
4604375040.0,-3.9621150493621826
4605312512.0,-4.004063129425049
4606249984.0,-4.044388294219971
4607187456.0,-4.082290172576904
4608124928.0,-4.122338771820068
4609062400.0,-4.165771007537842
4609999872.0,-4.208194255828857
4610937344.0,-4.250277996063232
4611874816.0,-4.2855544090271
4612812288.0,-4.318950653076172
4613749760.0,-4.348355293273926
4614687744.0,-4.375974655151367
4615625216.0,-4.399466514587402
4616562688.0,-4.418562412261963
4617500160.0,-4.434342861175537
4618437632.0,-4.445230960845947
4619375104.0,-4.454585075378418
4620312576.0,-4.4630866050720215
4621250048.0,-4.4708452224731445
4622187520.0,-4.4761881828308105
4623124992.0,-4.4776611328125
4624062464.0,-4.475783348083496
4624999936.0,-4.4677252769470215
4625937408.0,-4.4574103355407715
4626874880.0,-4.6215715408325195
4627812352.0,-4.583741664886475
4628749824.0,-4.538379669189453
4629687296.0,-4.487815856933594
4630624768.0,-4.427518367767334
4631562752.0,-4.358071804046631
4632500224.0,-4.282925605773926
4633437696.0,-4.200865268707275
4634375168.0,-4.112305641174316
4635312640.0,-4.0189290046691895
4636250112.0,-3.9233078956604004
4637187584.0,-3.8209738731384277
4638125056.0,-3.7172703742980957
4639062528.0,-3.612611770629883
4640000000.0,-3.507957696914673
4640937472.0,-3.401878595352173
4641874944.0,-3.2933497428894043
4642812416.0,-3.1825459003448486
4643749888.0,-3.0702898502349854
4644687360.0,-2.9576256275177
4645624832.0,-2.844935178756714
4646562304.0,-2.7329578399658203
4647499776.0,-2.6223108768463135
4648437248.0,-2.5138189792633057
4649375232.0,-2.4098963737487793
4650312704.0,-2.310835599899292
4651250176.0,-2.215782642364502
4652187648.0,-2.1269428730010986
4653125120.0,-2.042119264602661
4654062592.0,-1.9616713523864746
4655000064.0,-1.887818694114685
4655937536.0,-1.8169479370117188
4656875008.0,-1.7532873153686523
4657812480.0,-1.6931105852127075
4658749952.0,-1.6387723684310913
4659687424.0,-1.5879573822021484
4660624896.0,-1.5426907539367676
4661562368.0,-1.5039305686950684
4662499840.0,-1.4684734344482422
4663437312.0,-1.439780592918396
4664374784.0,-1.4140344858169556
4665312256.0,-1.3904668092727661
4666250240.0,-1.369055986404419
4667187712.0,-1.3497254848480225
4668125184.0,-1.333470106124878
4669062656.0,-1.3174632787704468
4670000128.0,-1.3039360046386719
4670937600.0,-1.293214201927185
4671875072.0,-1.2841683626174927
4672812544.0,-1.2765235900878906
4673750016.0,-1.269761323928833
4674687488.0,-1.2632200717926025
4675624960.0,-1.255892038345337
4676562432.0,-1.2487962245941162
4677499904.0,-1.2416051626205444
4678437376.0,-1.2316675186157227
4679374848.0,-1.2190927267074585
4680312320.0,-1.205854892730713
4681249792.0,-1.1895405054092407
4682187264.0,-1.172904372215271
4683125248.0,-1.1546688079833984
4684062720.0,-1.1347976922988892
4685000192.0,-1.1125200986862183
4685937664.0,-1.0902525186538696
4686875136.0,-1.0907450914382935
4687812608.0,-1.064709186553955
4688750080.0,-1.0370811223983765
4689687552.0,-1.0084171295166016
4690625024.0,-0.9802426099777222
4691562496.0,-0.9502813816070557
4692499968.0,-0.9200826287269592
4693437440.0,-0.8896376490592957
4694374912.0,-0.8578070402145386
4695312384.0,-0.825396716594696
4696249856.0,-0.7903757691383362
4697187328.0,-0.7574553489685059
4698124800.0,-0.7236074805259705
4699062272.0,-0.6913462281227112
4700000256.0,-0.6570882797241211
4700937728.0,-0.6236394643783569
4701875200.0,-0.5914990901947021
4702812672.0,-0.5592081546783447
4703750144.0,-0.5289218425750732
4704687616.0,-0.4989944398403168
4705625088.0,-0.47065261006355286
4706562560.0,-0.44489866495132446
4707500032.0,-0.42010247707366943
4708437504.0,-0.39659854769706726
4709374976.0,-0.37491121888160706
4710312448.0,-0.3538237512111664
4711249920.0,-0.3345223665237427
4712187392.0,-0.3183138966560364
4713124864.0,-0.3020886778831482
4714062336.0,-0.28912782669067383
4714999808.0,-0.27800679206848145
4715937280.0,-0.26830318570137024
4716874752.0,-0.26104676723480225
4717812736.0,-0.25374239683151245
4718750208.0,-0.25050637125968933
4719687680.0,-0.24872642755508423
4720625152.0,-0.24916337430477142
4721562624.0,-0.2518991529941559
4722500096.0,-0.2562721073627472
4723437568.0,-0.26251548528671265
4724375040.0,-0.2715262174606323
4725312512.0,-0.2810419797897339
4726249984.0,-0.2918013334274292
4727187456.0,-0.30423423647880554
4728124928.0,-0.317485511302948
4729062400.0,-0.3329107165336609
4729999872.0,-0.3476119041442871
4730937344.0,-0.36441540718078613
4731874816.0,-0.3805994391441345
4732812288.0,-0.3981704115867615
4733749760.0,-0.41671106219291687
4734687744.0,-0.4332749843597412
4735625216.0,-0.45123040676116943
4736562688.0,-0.46911677718162537
4737500160.0,-0.4868713915348053
4738437632.0,-0.5025535821914673
4739375104.0,-0.5194389820098877
4740312576.0,-0.5340605974197388
4741250048.0,-0.5485506653785706
4742187520.0,-0.5613418817520142
4743124992.0,-0.5724335312843323
4744062464.0,-0.5836620926856995
4744999936.0,-0.5927059054374695
4745937408.0,-0.599981963634491
4746874880.0,-0.41620776057243347
4747812352.0,-0.4145105183124542
4748749824.0,-0.413567453622818
4749687296.0,-0.41058027744293213
4750624768.0,-0.4067608416080475
4751562752.0,-0.40413975715637207
4752500224.0,-0.40082913637161255
4753437696.0,-0.39757025241851807
4754375168.0,-0.3930547833442688
4755312640.0,-0.3900078535079956
4756250112.0,-0.3842608630657196
4757187584.0,-0.3801369071006775
4758125056.0,-0.37423086166381836
4759062528.0,-0.36867421865463257
4760000000.0,-0.36183804273605347
4760937472.0,-0.35394486784935
4761874944.0,-0.3470102548599243
4762812416.0,-0.3374982476234436
4763749888.0,-0.32816311717033386
4764687360.0,-0.31864091753959656
4765624832.0,-0.3078520894050598
4766562304.0,-0.29661235213279724
4767499776.0,-0.28640568256378174
4768437248.0,-0.2745110094547272
4769375232.0,-0.2624673843383789
4770312704.0,-0.249489888548851
4771250176.0,-0.2355312705039978
4772187648.0,-0.2199832648038864
4773125120.0,-0.20481790602207184
4774062592.0,-0.18959923088550568
4775000064.0,-0.17246365547180176
4775937536.0,-0.15464052557945251
4776875008.0,-0.13650105893611908
4777812480.0,-0.11672339588403702
4778749952.0,-0.09678099304437637
4779687424.0,-0.07725262641906738
4780624896.0,-0.05649222433567047
4781562368.0,-0.03621437028050423
4782499840.0,-0.01533129345625639
4783437312.0,0.0044907089322805405
4784374784.0,0.02465302124619484
4785312256.0,0.04461216926574707
4786250240.0,0.06360632181167603
4787187712.0,0.0831398144364357
4788125184.0,0.10032690316438675
4789062656.0,0.11727751791477203
4790000128.0,0.13205313682556152
4790937600.0,0.14625422656536102
4791875072.0,0.15929439663887024
4792812544.0,0.1695856899023056
4793750016.0,0.17737968266010284
4794687488.0,0.1835293024778366
4795624960.0,0.18843859434127808
4796562432.0,0.18900500237941742
4797499904.0,0.18792764842510223
4798437376.0,0.18364888429641724
4799374848.0,0.17793723940849304
4800312320.0,0.16966979205608368
4801249792.0,0.15897926688194275
4802187264.0,0.14559948444366455
4803125248.0,0.1293887495994568
4804062720.0,0.11206471920013428
4805000192.0,0.0912855863571167
4805937664.0,0.06851744651794434
4806875136.0,-0.20606698095798492
4807812608.0,-0.2109772115945816
4808750080.0,-0.2167763113975525
4809687552.0,-0.2212761789560318
4810625024.0,-0.2272108644247055
4811562496.0,-0.23083838820457458
4812499968.0,-0.23493516445159912
4813437440.0,-0.2387942522764206
4814374912.0,-0.24230457842350006
4815312384.0,-0.2446451187133789
4816249856.0,-0.24649886786937714
4817187328.0,-0.2475530058145523
4818124800.0,-0.24808402359485626
4819062272.0,-0.24755243957042694
4819999744.0,-0.24655480682849884
4820937728.0,-0.24372124671936035
4821875200.0,-0.240544393658638
4822812672.0,-0.23685906827449799
4823750144.0,-0.2314774990081787
4824687616.0,-0.2250383049249649
4825625088.0,-0.21845771372318268
4826562560.0,-0.21023356914520264
4827500032.0,-0.20146672427654266
4828437504.0,-0.19228394329547882
4829374976.0,-0.18128962814807892
4830312448.0,-0.1719033122062683
4831249920.0,-0.1610783040523529
4832187392.0,-0.1508241891860962
4833124864.0,-0.13953469693660736
4834062336.0,-0.12904275953769684
4834999808.0,-0.11928226798772812
4835937280.0,-0.10864651948213577
4836874752.0,-0.09874256700277328
4837812736.0,-0.09018773585557938
4838750208.0,-0.08186419308185577
4839687680.0,-0.07554042339324951
4840625152.0,-0.06870537996292114
4841562624.0,-0.06481899321079254
4842500096.0,-0.06127113476395607
4843437568.0,-0.05903460457921028
4844375040.0,-0.05833086371421814
4845312512.0,-0.06011062487959862
4846249984.0,-0.06333556771278381
4847187456.0,-0.06752721220254898
4848124928.0,-0.07365023344755173
4849062400.0,-0.08012112230062485
4849999872.0,-0.08861717581748962
4850937344.0,-0.09863850474357605
4851874816.0,-0.10971808433532715
4852812288.0,-0.12160717695951462
4853749760.0,-0.13573437929153442
4854687744.0,-0.1495283842086792
4855625216.0,-0.16509652137756348
4856562688.0,-0.18017363548278809
4857500160.0,-0.19498325884342194
4858437632.0,-0.21041445434093475
4859375104.0,-0.22550034523010254
4860312576.0,-0.24004708230495453
4861250048.0,-0.25315427780151367
4862187520.0,-0.2665337920188904
4863124992.0,-0.2786913514137268
4864062464.0,-0.2886403799057007
4864999936.0,-0.297598659992218
4865937408.0,-0.30428794026374817
4866874880.0,-0.2886909246444702
4867812352.0,-0.29499638080596924
4868749824.0,-0.3016343116760254
4869687296.0,-0.306657612323761
4870624768.0,-0.31066930294036865
4871562752.0,-0.31359127163887024
4872500224.0,-0.3156764507293701
4873437696.0,-0.31727200746536255
4874375168.0,-0.3175363540649414
4875312640.0,-0.31656596064567566
4876250112.0,-0.3142990171909332
4877187584.0,-0.31097638607025146
4878125056.0,-0.30713197588920593
4879062528.0,-0.3020855784416199
4880000000.0,-0.29568785429000854
4880937472.0,-0.28808584809303284
4881874944.0,-0.28053903579711914
4882812416.0,-0.27059534192085266
4883749888.0,-0.26086777448654175
4884687360.0,-0.24964569509029388
4885624832.0,-0.23889775574207306
4886562304.0,-0.2268390953540802
4887499776.0,-0.21450336277484894
4888437248.0,-0.20139409601688385
4889375232.0,-0.18705308437347412
4890312704.0,-0.17388136684894562
4891250176.0,-0.15930922329425812
4892187648.0,-0.14557263255119324
4893125120.0,-0.13188393414020538
4894062592.0,-0.1168462410569191
4895000064.0,-0.10360218584537506
4895937536.0,-0.08952891826629639
4896875008.0,-0.07564003765583038
4897812480.0,-0.06255350261926651
4898749952.0,-0.050156764686107635
4899687424.0,-0.036965806037187576
4900624896.0,-0.026119058951735497
4901562368.0,-0.015608894638717175
4902499840.0,-0.005186633672565222
4903437312.0,0.0033276428002864122
4904374784.0,0.009796030819416046
4905312256.0,0.016307801008224487
4906250240.0,0.02125563845038414
4907187712.0,0.024894753471016884
4908125184.0,0.02665763907134533
4909062656.0,0.028635883703827858
4910000128.0,0.02738286554813385
4910937600.0,0.026686236262321472
4911875072.0,0.024184072390198708
4912812544.0,0.0193952564150095
4913750016.0,0.01492510735988617
4914687488.0,0.009518014267086983
4915624960.0,0.00193423789460212
4916562432.0,-0.005949696991592646
4917499904.0,-0.015554054640233517
4918437376.0,-0.02534148097038269
4919374848.0,-0.03548779711127281
4920312320.0,-0.04678555950522423
4921249792.0,-0.05879587680101395
4922187264.0,-0.07035258412361145
4923125248.0,-0.08288086205720901
4924062720.0,-0.09604689478874207
4925000192.0,-0.10828528553247452
4925937664.0,-0.16768889129161835
4926875136.0,-0.16841059923171997
4927812608.0,-0.16915585100650787
4928750080.0,-0.17041485011577606
4929687552.0,-0.17119772732257843
4930625024.0,-0.17062151432037354
4931562496.0,-0.17165911197662354
4932499968.0,-0.17138394713401794
4933437440.0,-0.17094245553016663
4934374912.0,-0.17033275961875916
4935312384.0,-0.16852664947509766
4936249856.0,-0.16634170711040497
4937187328.0,-0.16409848630428314
4938124800.0,-0.16087709367275238
4939062272.0,-0.15668661892414093
4940000256.0,-0.15170522034168243
4940937728.0,-0.14574690163135529
4941875200.0,-0.14025522768497467
4942812672.0,-0.13253451883792877
4943750144.0,-0.12527216970920563
4944687616.0,-0.11690234392881393
4945625088.0,-0.10828077793121338
4946562560.0,-0.09928630292415619
4947500032.0,-0.08897953480482101
4948437504.0,-0.078813336789608
4949374976.0,-0.06808169186115265
4950312448.0,-0.058428745716810226
4951249920.0,-0.047490838915109634
4952187392.0,-0.037144921720027924
4953124864.0,-0.02645627036690712
4954062336.0,-0.016066405922174454
4954999808.0,-0.006249732803553343
4955937280.0,0.004095310345292091
4956874752.0,0.013032913208007812
4957812736.0,0.022460324689745903
4958750208.0,0.030638888478279114
4959687680.0,0.03768904507160187
4960625152.0,0.0445074625313282
4961562624.0,0.04977668449282646
4962500096.0,0.054368454962968826
4963437568.0,0.058691155165433884
4964375040.0,0.060219671577215195
4965312512.0,0.06259733438491821
4966249984.0,0.06248284876346588
4967187456.0,0.0611547976732254
4968124928.0,0.05954630300402641
4969062400.0,0.05661002919077873
4969999872.0,0.05142334848642349
4970937344.0,0.04592840373516083
4971874816.0,0.04061020538210869
4972812288.0,0.033795397728681564
4973749760.0,0.026853417977690697
4974687744.0,0.017954614013433456
4975625216.0,0.008651169948279858
4976562688.0,4.147008075960912e-05
4977500160.0,-0.009437697939574718
4978437632.0,-0.01957731880247593
4979375104.0,-0.030025696381926537
4980312576.0,-0.038864150643348694
4981250048.0,-0.04820541664958
4982187520.0,-0.05862467736005783
4983124992.0,-0.06754107028245926
4984062464.0,-0.076484814286232
4984999936.0,-0.08430308848619461
4985937408.0,-0.1273277997970581
4986874880.0,-0.13704416155815125
4987812352.0,-0.14591048657894135
4988749824.0,-0.15457472205162048
4989687296.0,-0.16116052865982056
4990624768.0,-0.16520808637142181
4991562752.0,-0.1701469123363495
4992500224.0,-0.17241957783699036
4993437696.0,-0.17363229393959045
4994375168.0,-0.1748267412185669
4995312640.0,-0.17413577437400818
4996250112.0,-0.17234334349632263
4997187584.0,-0.1690843403339386
4998125056.0,-0.16497507691383362
4999062528.0,-0.1607525795698166
5000000000.0,-0.15363875031471252
5000937472.0,-0.1469467431306839
5001874944.0,-0.13834206759929657
5002812416.0,-0.1298571527004242
5003749888.0,-0.11951784789562225
5004687360.0,-0.10934735834598541
5005624832.0,-0.09935390204191208
5006562304.0,-0.08779420703649521
5007499776.0,-0.07673846930265427
5008437248.0,-0.06567227095365524
5009375232.0,-0.053816910833120346
5010312704.0,-0.04332731291651726
5011250176.0,-0.03285573050379753
5012187648.0,-0.022148482501506805
5013125120.0,-0.011101367883384228
5014062592.0,0.000534560764208436
5015000064.0,0.009509660303592682
5015937536.0,0.018117835745215416
5016875008.0,0.026902442798018456
5017812480.0,0.03451353311538696
5018749952.0,0.04114748165011406
5019687424.0,0.047617148607969284
5020624896.0,0.05243702977895737
5021562368.0,0.05560506135225296
5022499840.0,0.059384122490882874
5023437312.0,0.060751061886548996
5024374784.0,0.06274917721748352
5025312256.0,0.06209614500403404
5026250240.0,0.06120000779628754
5027187712.0,0.0596538782119751
5028125184.0,0.0571306012570858
5029062656.0,0.054037708789110184
5030000128.0,0.049862414598464966
5030937600.0,0.04555222764611244
5031875072.0,0.04083862528204918
5032812544.0,0.0347612239420414
5033750016.0,0.02900034561753273
5034687488.0,0.022874532267451286
5035624960.0,0.014970722608268261
5036562432.0,0.008669617585837841
5037499904.0,0.00010942665539914742
5038437376.0,-0.007292220834642649
5039374848.0,-0.015522981993854046
5040312320.0,-0.022943174466490746
5041249792.0,-0.030981939285993576
5042187264.0,-0.039429303258657455
5043125248.0,-0.04695592448115349
5044062720.0,-0.05542857199907303
5045000192.0,-0.0631621927022934
5045937664.0,-0.07952646911144257
5046875136.0,-0.08899368345737457
5047812608.0,-0.0964415967464447
5048750080.0,-0.10382886976003647
5049687552.0,-0.11084231734275818
5050625024.0,-0.11717675626277924
5051562496.0,-0.12297648936510086
5052499968.0,-0.12843415141105652
5053437440.0,-0.13287276029586792
5054374912.0,-0.13655884563922882
5055312384.0,-0.1401258111000061
5056249856.0,-0.14356912672519684
5057187328.0,-0.14601999521255493
5058124800.0,-0.14741137623786926
5059062272.0,-0.14817261695861816
5059999744.0,-0.14921125769615173
5060937728.0,-0.14937974512577057
5061875200.0,-0.14820243418216705
5062812672.0,-0.14734454452991486
5063750144.0,-0.14444348216056824
5064687616.0,-0.1415160596370697
5065625088.0,-0.13826100528240204
5066562560.0,-0.13389450311660767
5067500032.0,-0.1283068209886551
5068437504.0,-0.12266654521226883
5069374976.0,-0.11645849794149399
5070312448.0,-0.11021172255277634
5071249920.0,-0.10321909189224243
5072187392.0,-0.09716934710741043
5073124864.0,-0.09114459156990051
5074062336.0,-0.08369344472885132
5074999808.0,-0.07683978229761124
5075937280.0,-0.07093879580497742
5076874752.0,-0.06390122324228287
5077812736.0,-0.05779845267534256
5078750208.0,-0.051523223519325256
5079687680.0,-0.04462160915136337
5080625152.0,-0.03941567614674568
5081562624.0,-0.03528589382767677
5082500096.0,-0.030859623104333878
5083437568.0,-0.026320960372686386
5084375040.0,-0.02299061045050621
5085312512.0,-0.020296525210142136
5086249984.0,-0.0176465455442667
5087187456.0,-0.015117299742996693
5088124928.0,-0.013710551895201206
5089062400.0,-0.012775393202900887
5089999872.0,-0.011903740465641022
5090937344.0,-0.011186770163476467
5091874816.0,-0.011815235950052738
5092812288.0,-0.012556382454931736
5093749760.0,-0.012284287251532078
5094687744.0,-0.013674956746399403
5095625216.0,-0.015543256886303425
5096562688.0,-0.018102895468473434
5097500160.0,-0.019978445023298264
5098437632.0,-0.02366039715707302
5099375104.0,-0.026603130623698235
5100312576.0,-0.030136127024888992
5101250048.0,-0.03411049768328667
5102187520.0,-0.03719526156783104
5103124992.0,-0.04187875613570213
5104062464.0,-0.045563533902168274
5104999936.0,-0.05059892684221268
5105937408.0,-0.12351477146148682
5106874880.0,-0.12835387885570526
5107812352.0,-0.13271930813789368
5108749824.0,-0.1368556171655655
5109687296.0,-0.13866592943668365
5110624768.0,-0.1413828730583191
5111562752.0,-0.14228129386901855
5112500224.0,-0.14281333982944489
5113437696.0,-0.14287173748016357
5114375168.0,-0.14194355905056
5115312640.0,-0.140700563788414
5116250112.0,-0.13860173523426056
5117187584.0,-0.13500580191612244
5118125056.0,-0.13178154826164246
5119062528.0,-0.12705233693122864
5120000000.0,-0.12264595925807953
5120937472.0,-0.1174064353108406
5121874944.0,-0.11223337054252625
5122812416.0,-0.10675789415836334
5123749888.0,-0.10190489143133163
5124687360.0,-0.09628280252218246
5125624832.0,-0.09051068872213364
5126562304.0,-0.0859135165810585
5127499776.0,-0.08110730350017548
5128437248.0,-0.07508191466331482
5129375232.0,-0.0702269896864891
5130312704.0,-0.0652250349521637
5131250176.0,-0.05961226671934128
5132187648.0,-0.053988609462976456
5133125120.0,-0.04896536096930504
5134062592.0,-0.04535062611103058
5135000064.0,-0.04089551791548729
5135937536.0,-0.03798497095704079
5136875008.0,-0.03543702885508537
5137812480.0,-0.03257938474416733
5138749952.0,-0.03224816173315048
5139687424.0,-0.030610352754592896
5140624896.0,-0.030805926769971848
5141562368.0,-0.030584266409277916
5142499840.0,-0.030386248603463173
5143437312.0,-0.03137653321027756
5144374784.0,-0.03368973359465599
5145312256.0,-0.034469716250896454
5146250240.0,-0.03867802023887634
5147187712.0,-0.042042508721351624
5148125184.0,-0.04587237536907196
5149062656.0,-0.05010100081562996
5150000128.0,-0.05614423751831055
5150937600.0,-0.060869138687849045
5151875072.0,-0.06583458930253983
5152812544.0,-0.07294302433729172
5153750016.0,-0.07925010472536087
5154687488.0,-0.08568549901247025
5155624960.0,-0.09228498488664627
5156562432.0,-0.10111916810274124
5157499904.0,-0.1082874983549118
5158437376.0,-0.11591164022684097
5159374848.0,-0.12447070330381393
5160312320.0,-0.13262882828712463
5161249792.0,-0.14121517539024353
5162187264.0,-0.15070459246635437
5163125248.0,-0.16008834540843964
5164062720.0,-0.1695440411567688
5165000192.0,-0.1791386902332306
5165937664.0,-0.17970038950443268
5166875136.0,-0.19120648503303528
5167812608.0,-0.20268473029136658
5168750080.0,-0.21148023009300232
5169687552.0,-0.22007207572460175
5170625024.0,-0.22745318710803986
5171562496.0,-0.23285245895385742
5172499968.0,-0.23757129907608032
5173437440.0,-0.24021458625793457
5174374912.0,-0.2431272566318512
5175312384.0,-0.2423698902130127
5176249856.0,-0.24155694246292114
5177187328.0,-0.2386895716190338
5178124800.0,-0.23593471944332123
5179062272.0,-0.230580672621727
5180000256.0,-0.22430597245693207
5180937728.0,-0.2172466367483139
5181875200.0,-0.209237739443779
5182812672.0,-0.20047177374362946
5183750144.0,-0.19200095534324646
5184687616.0,-0.18031734228134155
5185625088.0,-0.16978637874126434
5186562560.0,-0.15726406872272491
5187500032.0,-0.14513857662677765
5188437504.0,-0.13240070641040802
5189374976.0,-0.12025049328804016
5190312448.0,-0.10626871138811111
5191249920.0,-0.09357796609401703
5192187392.0,-0.08078961819410324
5193124864.0,-0.06757122278213501
5194062336.0,-0.05582968145608902
5194999808.0,-0.04333742335438728
5195937280.0,-0.03213322535157204
5196874752.0,-0.02007036842405796
5197812736.0,-0.010116313584148884
5198750208.0,-0.0009272090974263847
5199687680.0,0.009370088577270508
5200625152.0,0.016719309613108635
5201562624.0,0.024112874642014503
5202500096.0,0.029398685321211815
5203437568.0,0.033766213804483414
5204375040.0,0.037432000041007996
5205312512.0,0.04057944566011429
5206249984.0,0.040784720331430435
5207187456.0,0.04081112518906593
5208124928.0,0.038977526128292084
5209062400.0,0.036468733102083206
5209999872.0,0.03161055967211723
5210937344.0,0.026417860761284828
5211874816.0,0.0199823547154665
5212812288.0,0.013207514770328999
5213749760.0,0.0031256931833922863
5214687744.0,-0.008223463781177998
5215625216.0,-0.020038191229104996
5216562688.0,-0.03281724825501442
5217500160.0,-0.04616795480251312
5218437632.0,-0.06233561038970947
5219375104.0,-0.07737044245004654
5220312576.0,-0.09387814253568649
5221250048.0,-0.11007672548294067
5222187520.0,-0.1274886280298233
5223124992.0,-0.1438300609588623
5224062464.0,-0.16097180545330048
5224999936.0,-0.17802351713180542
5225937408.0,-0.18743392825126648
5226874880.0,-0.20112530887126923
5227812352.0,-0.21613216400146484
5228749824.0,-0.22851116955280304
5229687296.0,-0.23943635821342468
5230624768.0,-0.24956481158733368
5231562752.0,-0.25787439942359924
5232500224.0,-0.26539745926856995
5233437696.0,-0.2712310552597046
5234375168.0,-0.2743144631385803
5235312640.0,-0.2752429246902466
5236250112.0,-0.27477362751960754
5237187584.0,-0.2729995846748352
5238125056.0,-0.26848337054252625
5239062528.0,-0.26237162947654724
5240000000.0,-0.25568604469299316
5240937472.0,-0.245585098862648
5241874944.0,-0.23455341160297394
5242812416.0,-0.2236909121274948
5243749888.0,-0.20952968299388885
5244687360.0,-0.1947023719549179
5245624832.0,-0.17893768846988678
5246562304.0,-0.1651972234249115
5247499776.0,-0.14838576316833496
5248437248.0,-0.13083115220069885
5249375232.0,-0.11297627538442612
5250312704.0,-0.09646262228488922
5251250176.0,-0.07892803847789764
5252187648.0,-0.06215622276067734
5253125120.0,-0.04552153870463371
5254062592.0,-0.029429804533720016
5255000064.0,-0.014067904092371464
5255937536.0,-0.00038825630326755345
5256875008.0,0.012494122609496117
5257812480.0,0.0248841792345047
5258749952.0,0.034530412405729294
5259687424.0,0.043805524706840515
5260624896.0,0.052482832223176956
5261562368.0,0.05840611085295677
5262499840.0,0.06305737793445587
5263437312.0,0.06688103079795837
5264374784.0,0.06868096441030502
5265312256.0,0.06944708526134491
5266250240.0,0.06850557029247284
5267187712.0,0.06576181948184967
5268125184.0,0.06135230511426926
5269062656.0,0.05646386742591858
5270000128.0,0.04958820343017578
5270937600.0,0.042052313685417175
5271875072.0,0.03309192508459091
5272812544.0,0.02418592758476734
5273750016.0,0.012758566066622734
5274687488.0,0.001812182948924601
5275624960.0,-0.010530279949307442
5276562432.0,-0.022676339372992516
5277499904.0,-0.0363953560590744
5278437376.0,-0.05101533606648445
5279374848.0,-0.06565241515636444
5280312320.0,-0.07971948385238647
5281249792.0,-0.09561047703027725
5282187264.0,-0.10993307083845139
5283125248.0,-0.12687233090400696
5284062720.0,-0.14163190126419067
5285000192.0,-0.15606112778186798
5285937664.0,-0.18324650824069977
5286875136.0,-0.19725219905376434
5287812608.0,-0.2115214616060257
5288750080.0,-0.22580845654010773
5289687552.0,-0.2387750744819641
5290625024.0,-0.25194811820983887
5291562496.0,-0.2640105187892914
5292499968.0,-0.27792322635650635
5293437440.0,-0.2904360592365265
5294374912.0,-0.3027556836605072
5295312384.0,-0.3116566240787506
5296249856.0,-0.3212515413761139
5297187328.0,-0.32962945103645325
5298124800.0,-0.3355582058429718
5299062272.0,-0.34131377935409546
5299999744.0,-0.344600111246109
5300937728.0,-0.34724196791648865
5301875200.0,-0.3482118844985962
5302812672.0,-0.348375529050827
5303750144.0,-0.3473893702030182
5304687616.0,-0.3440120220184326
5305625088.0,-0.33904147148132324
5306562560.0,-0.3330093026161194
5307500032.0,-0.3249572217464447
5308437504.0,-0.31714800000190735
5309374976.0,-0.3062950372695923
5310312448.0,-0.2947951853275299
5311249920.0,-0.2825220227241516
5312187392.0,-0.26944828033447266
5313124864.0,-0.25412610173225403
5314062336.0,-0.23845544457435608
5314999808.0,-0.2235880047082901
5315937280.0,-0.20627056062221527
5316874752.0,-0.1894507259130478
5317812736.0,-0.1720009595155716
5318750208.0,-0.15486417710781097
5319687680.0,-0.13675998151302338
5320625152.0,-0.11901947110891342
5321562624.0,-0.10188326984643936
5322500096.0,-0.08371990919113159
5323437568.0,-0.06687738001346588
5324375040.0,-0.04930577799677849
5325312512.0,-0.03328806906938553
5326249984.0,-0.017887255176901817
5327187456.0,-0.0033032060600817204
5328124928.0,0.009438450448215008
5329062400.0,0.021997887641191483
5329999872.0,0.03288484737277031
5330937344.0,0.04254879429936409
5331874816.0,0.05282413586974144
5332812288.0,0.05728121101856232
5333749760.0,0.05914720520377159
5334687744.0,0.060596875846385956
5335625216.0,0.059933148324489594
5336562688.0,0.05692232400178909
5337500160.0,0.05222560837864876
5338437632.0,0.046155259013175964
5339375104.0,0.03702860698103905
5340312576.0,0.026572469621896744
5341250048.0,0.013620489276945591
5342187520.0,-0.0030854428187012672
5343124992.0,-0.020018169656395912
5344062464.0,-0.039064664393663406
5344999936.0,-0.06004607677459717
5345937408.0,-0.3402791917324066
5346874880.0,-0.3538318872451782
5347812352.0,-0.3680645227432251
5348749824.0,-0.38109320402145386
5349687296.0,-0.3937041163444519
5350624768.0,-0.40478017926216125
5351562752.0,-0.4155351519584656
5352500224.0,-0.4247247576713562
5353437696.0,-0.4328773021697998
5354375168.0,-0.439694344997406
5355312640.0,-0.4452739357948303
5356250112.0,-0.44940507411956787
5357187584.0,-0.4523330330848694
5358125056.0,-0.45186081528663635
5359062528.0,-0.45113885402679443
5360000000.0,-0.4480530023574829
5360937472.0,-0.44227731227874756
5361874944.0,-0.4355068802833557
5362812416.0,-0.4269047677516937
5363749888.0,-0.4166824519634247
5364687360.0,-0.4048769772052765
5365624832.0,-0.3929778039455414
5366562304.0,-0.3788173198699951
5367499776.0,-0.3632065951824188
5368437248.0,-0.3475220799446106
5369375232.0,-0.3308916985988617
5370312704.0,-0.31391778588294983
5371250176.0,-0.29577821493148804
5372187648.0,-0.27786970138549805
5373125120.0,-0.25932085514068604
5374062592.0,-0.24029573798179626
5375000064.0,-0.2222508192062378
5375937536.0,-0.20402882993221283
5376875008.0,-0.1852293163537979
5377812480.0,-0.1678723841905594
5378749952.0,-0.15084321796894073
5379687424.0,-0.13514700531959534
5380624896.0,-0.12022675573825836
5381562368.0,-0.10618700087070465
5382499840.0,-0.09178446233272552
5383437312.0,-0.07839228957891464
5384374784.0,-0.06629820168018341
5385312256.0,-0.0551602840423584
5386250240.0,-0.046350620687007904
5387187712.0,-0.03890635445713997
5388125184.0,-0.03486638516187668
5389062656.0,-0.03296643868088722
5390000128.0,-0.03204931691288948
5390937600.0,-0.0351649671792984
5391875072.0,-0.03905991464853287
5392812544.0,-0.04657210037112236
5393750016.0,-0.05642758309841156
5394687488.0,-0.06733383983373642
5395624960.0,-0.08141598850488663
5396562432.0,-0.0969315692782402
5397499904.0,-0.11434075981378555
5398437376.0,-0.13378530740737915
5399374848.0,-0.1535038948059082
5400312320.0,-0.17634238302707672
5401249792.0,-0.19873644411563873
5402187264.0,-0.22043868899345398
5403125248.0,-0.24315696954727173
5404062720.0,-0.26443591713905334
5405000192.0,-0.28631699085235596
5405937664.0,-0.3289268910884857
5406875136.0,-0.3429829776287079
5407812608.0,-0.3563803434371948
5408750080.0,-0.3693176209926605
5409687552.0,-0.3783911466598511
5410625024.0,-0.3857779800891876
5411562496.0,-0.39124178886413574
5412499968.0,-0.3961009979248047
5413437440.0,-0.3969639241695404
5414374912.0,-0.39645621180534363
5415312384.0,-0.3914576768875122
5416249856.0,-0.3851171135902405
5417187328.0,-0.37602463364601135
5418124800.0,-0.365303099155426
5419062272.0,-0.35253915190696716
5420000256.0,-0.3370971381664276
5420937728.0,-0.3203900158405304
5421875200.0,-0.3033474385738373
5422812672.0,-0.2838098108768463
5423750144.0,-0.26356592774391174
5424687616.0,-0.24261651933193207
5425625088.0,-0.22151626646518707
5426562560.0,-0.19911709427833557
5427500032.0,-0.17699722945690155
5428437504.0,-0.15462620556354523
5429374976.0,-0.13255983591079712
5430312448.0,-0.11279388517141342
5431249920.0,-0.0928213968873024
5432187392.0,-0.07393863052129745
5433124864.0,-0.056647028774023056
5434062336.0,-0.04194318503141403
5434999808.0,-0.028241483494639397
5435937280.0,-0.017367104068398476
5436874752.0,-0.007382276467978954
5437812736.0,4.676714524975978e-05
5438750208.0,0.004653528798371553
5439687680.0,0.006520074326545
5440625152.0,0.007045468781143427
5441562624.0,0.0046695987693965435
5442500096.0,-0.0008185410988517106
5443437568.0,-0.007933822460472584
5444375040.0,-0.017790662124753
5445312512.0,-0.02980770170688629
5446249984.0,-0.045507077127695084
5447187456.0,-0.06346572190523148
5448124928.0,-0.08210663497447968
5449062400.0,-0.10408150404691696
5449999872.0,-0.12720157206058502
5450937344.0,-0.15175504982471466
5451874816.0,-0.17725925147533417
5452812288.0,-0.20308680832386017
5453749760.0,-0.23186807334423065
5454687744.0,-0.26028358936309814
5455625216.0,-0.2890969514846802
5456562688.0,-0.31776565313339233
5457500160.0,-0.34656354784965515
5458437632.0,-0.37496867775917053
5459375104.0,-0.4011651575565338
5460312576.0,-0.42610037326812744
5461250048.0,-0.44831615686416626
5462187520.0,-0.4693625569343567
5463124992.0,-0.4888448417186737
5464062464.0,-0.5055127143859863
5464999936.0,-0.521114706993103
5465937408.0,-0.4444015622138977
5466874880.0,-0.45753026008605957
5467812352.0,-0.4706389009952545
5468749824.0,-0.4795859754085541
5469687296.0,-0.4888964891433716
5470624768.0,-0.4962617754936218
5471562752.0,-0.4995294213294983
5472500224.0,-0.5010595917701721
5473437696.0,-0.49987757205963135
5474375168.0,-0.4947061538696289
5475312640.0,-0.48697227239608765
5476250112.0,-0.477796733379364
5477187584.0,-0.464611679315567
5478125056.0,-0.4513263404369354
5479062528.0,-0.43560341000556946
5480000000.0,-0.4182164967060089
5480937472.0,-0.3995986878871918
5481874944.0,-0.37971144914627075
5482812416.0,-0.3591776192188263
5483749888.0,-0.3375498950481415
5484687360.0,-0.31641221046447754
5485624832.0,-0.2945999503135681
5486562304.0,-0.27415236830711365
5487499776.0,-0.2540985941886902
5488437248.0,-0.2341175675392151
5489375232.0,-0.21649399399757385
5490312704.0,-0.19934315979480743
5491250176.0,-0.18326006829738617
5492187648.0,-0.16933414340019226
5493125120.0,-0.1572609543800354
5494062592.0,-0.14841260015964508
5495000064.0,-0.14048424363136292
5495937536.0,-0.1365308165550232
5496875008.0,-0.13543245196342468
5497812480.0,-0.13511331379413605
5498749952.0,-0.1382261961698532
5499687424.0,-0.14458312094211578
5500624896.0,-0.15200702846050262
5501562368.0,-0.16234682500362396
5502499840.0,-0.1748497635126114
5503437312.0,-0.19042645394802094
5504374784.0,-0.20898215472698212
5505312256.0,-0.22803287208080292
5506250240.0,-0.2506027817726135
5507187712.0,-0.27419188618659973
5508125184.0,-0.30116361379623413
5509062656.0,-0.3284415900707245
5510000128.0,-0.3567672073841095
5510937600.0,-0.38854455947875977
5511875072.0,-0.42150914669036865
5512812544.0,-0.45495954155921936
5513750016.0,-0.4878509044647217
5514687488.0,-0.5196828842163086
5515624960.0,-0.5533570051193237
5516562432.0,-0.5856953859329224
5517499904.0,-0.6178767681121826
5518437376.0,-0.6482325792312622
5519374848.0,-0.6798824667930603
5520312320.0,-0.7088653445243835
5521249792.0,-0.7378782629966736
5522187264.0,-0.7663409113883972
5523125248.0,-0.7920364141464233
5524062720.0,-0.8195164203643799
5525000192.0,-0.8453556895256042
5525937664.0,-0.7106192708015442
5526875136.0,-0.7212175726890564
5527812608.0,-0.7344653606414795
5528750080.0,-0.7494603395462036
5529687552.0,-0.7629061341285706
5530625024.0,-0.7802936434745789
5531562496.0,-0.7987800240516663
5532499968.0,-0.8171026110649109
5533437440.0,-0.8385450839996338
5534374912.0,-0.8605086803436279
5535312384.0,-0.8831178545951843
5536249856.0,-0.9067472219467163
5537187328.0,-0.9301614165306091
5538124800.0,-0.9537779092788696
5539062272.0,-0.9757291078567505
5539999744.0,-0.9953177571296692
5540937728.0,-1.013237476348877
5541875200.0,-1.0288515090942383
5542812672.0,-1.0408830642700195
5543750144.0,-1.0502172708511353
5544687616.0,-1.055067777633667
5545625088.0,-1.0561341047286987
5546562560.0,-1.0527080297470093
5547500032.0,-1.0438523292541504
5548437504.0,-1.030192255973816
5549374976.0,-1.0146321058273315
5550312448.0,-0.9961062669754028
5551249920.0,-0.9737621545791626
5552187392.0,-0.9489696025848389
5553124864.0,-0.9207092523574829
5554062336.0,-0.8914036154747009
5554999808.0,-0.8604521751403809
5555937280.0,-0.830459475517273
5556874752.0,-0.799434244632721
5557812736.0,-0.7688656449317932
5558750208.0,-0.7403878569602966
5559687680.0,-0.7134987711906433
5560625152.0,-0.6866985559463501
5561562624.0,-0.6608172655105591
5562500096.0,-0.63731449842453
5563437568.0,-0.6167312264442444
5564375040.0,-0.5978907942771912
5565312512.0,-0.5833284854888916
5566249984.0,-0.5674235224723816
5567187456.0,-0.5553116798400879
5568124928.0,-0.5425084233283997
5569062400.0,-0.5311902165412903
5569999872.0,-0.5185859203338623
5570937344.0,-0.5081678032875061
5571874816.0,-0.4971310496330261
5572812288.0,-0.4852217137813568
5573749760.0,-0.47569623589515686
5574687744.0,-0.4663790762424469
5575625216.0,-0.45884430408477783
5576562688.0,-0.4506305456161499
5577500160.0,-0.44560307264328003
5578437632.0,-0.441756933927536
5579375104.0,-0.43998122215270996
5580312576.0,-0.43861842155456543
5581250048.0,-0.4385281801223755
5582187520.0,-0.43878915905952454
5583124992.0,-0.4394777715206146
5584062464.0,-0.44140830636024475
5584999936.0,-0.44396695494651794
5585937408.0,-0.4175227880477905
5586874880.0,-0.40775254368782043
5587812352.0,-0.39575129747390747
5588749824.0,-0.38274940848350525
5589687296.0,-0.3691103160381317
5590624768.0,-0.35337895154953003
5591562752.0,-0.3356960117816925
5592500224.0,-0.3185064196586609
5593437696.0,-0.300115168094635
5594375168.0,-0.2809824049472809
5595312640.0,-0.26153916120529175
5596250112.0,-0.24090181291103363
5597187584.0,-0.22122499346733093
5598125056.0,-0.20120921730995178
5599062528.0,-0.18048149347305298
5600000000.0,-0.16208916902542114
5600937472.0,-0.14355747401714325
5601874944.0,-0.1268119364976883
5602812416.0,-0.11155012995004654
5603749888.0,-0.09665554016828537
5604687360.0,-0.08345276117324829
5605624832.0,-0.0707564502954483
5606562304.0,-0.061037808656692505
5607499776.0,-0.05225474014878273
5608437248.0,-0.0461115799844265
5609375232.0,-0.04147860035300255
5610312704.0,-0.036714065819978714
5611250176.0,-0.035672031342983246
5612187648.0,-0.035051338374614716
5613125120.0,-0.03727898746728897
5614062592.0,-0.04030907154083252
5615000064.0,-0.0461299903690815
5615937536.0,-0.052492931485176086
5616875008.0,-0.05993492528796196
5617812480.0,-0.06978059560060501
5618749952.0,-0.08008463680744171
5619687424.0,-0.09208214282989502
5620624896.0,-0.10405678302049637
5621562368.0,-0.11610040068626404
5622499840.0,-0.13038267195224762
5623437312.0,-0.14418639242649078
5624374784.0,-0.15869957208633423
5625312256.0,-0.1711948961019516
5626250240.0,-0.18426702916622162
5627187712.0,-0.1970495581626892
5628125184.0,-0.2102528065443039
5629062656.0,-0.22127005457878113
5630000128.0,-0.23161287605762482
5630937600.0,-0.24039913713932037
5631875072.0,-0.24885398149490356
5632812544.0,-0.2555135190486908
5633750016.0,-0.2605930268764496
5634687488.0,-0.2643831968307495
5635624960.0,-0.26601916551589966
5636562432.0,-0.2663770020008087
5637499904.0,-0.2650233805179596
5638437376.0,-0.261898934841156
5639374848.0,-0.2566832900047302
5640312320.0,-0.2502199709415436
5641249792.0,-0.2424040138721466
5642187264.0,-0.2330508530139923
5643125248.0,-0.2233373522758484
5644062720.0,-0.21155786514282227
5645000192.0,-0.1981462836265564
5645937664.0,-0.17014813423156738
5646875136.0,-0.17465046048164368
5647812608.0,-0.17673003673553467
5648750080.0,-0.17783962190151215
5649687552.0,-0.1768169105052948
5650625024.0,-0.17438890039920807
5651562496.0,-0.17226459085941315
5652499968.0,-0.16718263924121857
5653437440.0,-0.16290025413036346
5654374912.0,-0.15683862566947937
5655312384.0,-0.14997100830078125
5656249856.0,-0.14250610768795013
5657187328.0,-0.13513626158237457
5658124800.0,-0.12751246988773346
5659062272.0,-0.11962136626243591
5660000256.0,-0.11242244392633438
5660937728.0,-0.10541374981403351
5661875200.0,-0.09865868836641312
5662812672.0,-0.0927664190530777
5663750144.0,-0.08765756338834763
5664687616.0,-0.08418115228414536
5665625088.0,-0.08110681176185608
5666562560.0,-0.07886699587106705
5667500032.0,-0.07739732414484024
5668437504.0,-0.07787103205919266
5669374976.0,-0.07964005321264267
5670312448.0,-0.0812794417142868
5671249920.0,-0.08514557778835297
5672187392.0,-0.08931440114974976
5673124864.0,-0.09368692338466644
5674062336.0,-0.10022547841072083
5674999808.0,-0.10633977502584457
5675937280.0,-0.11337000131607056
5676874752.0,-0.12183323502540588
5677812736.0,-0.13018646836280823
5678750208.0,-0.1380470097064972
5679687680.0,-0.14660410583019257
5680625152.0,-0.15522877871990204
5681562624.0,-0.16355447471141815
5682500096.0,-0.17173539102077484
5683437568.0,-0.17968764901161194
5684375040.0,-0.18751199543476105
5685312512.0,-0.19440792500972748
5686249984.0,-0.20064599812030792
5687187456.0,-0.20543232560157776
5688124928.0,-0.21041558682918549
5689062400.0,-0.21426668763160706
5689999872.0,-0.21787039935588837
5690937344.0,-0.22197137773036957
5691874816.0,-0.2251272201538086
5692812288.0,-0.22785353660583496
5693749760.0,-0.23101936280727386
5694687744.0,-0.23342359066009521
5695625216.0,-0.23671633005142212
5696562688.0,-0.23999091982841492
5697500160.0,-0.2445751428604126
5698437632.0,-0.249746635556221
5699375104.0,-0.25466325879096985
5700312576.0,-0.2614998519420624
5701250048.0,-0.26869702339172363
5702187520.0,-0.27735432982444763
5703124992.0,-0.28692930936813354
5704062464.0,-0.29843416810035706
5704999936.0,-0.31034791469573975
5705937408.0,-0.20087586343288422
5706874880.0,-0.22299447655677795
5707812352.0,-0.24379204213619232
5708749824.0,-0.26578959822654724
5709687296.0,-0.2856253385543823
5710624768.0,-0.3060484826564789
5711562752.0,-0.32340869307518005
5712500224.0,-0.33912429213523865
5713437696.0,-0.35227125883102417
5714375168.0,-0.361851304769516
5715312640.0,-0.3684372901916504
5716250112.0,-0.37161409854888916
5717187584.0,-0.3699592649936676
5718125056.0,-0.36363595724105835
5719062528.0,-0.3543413579463959
5720000000.0,-0.338418185710907
5720937472.0,-0.3194827735424042
5721874944.0,-0.29591065645217896
5722812416.0,-0.2693503499031067
5723749888.0,-0.23738710582256317
5724687360.0,-0.20369186997413635
5725624832.0,-0.1664944738149643
5726562304.0,-0.1262899935245514
5727499776.0,-0.08711686730384827
5728437248.0,-0.04624766483902931
5729375232.0,-0.005344136618077755
5730312704.0,0.0336659736931324
5731250176.0,0.07065342366695404
5732187648.0,0.105596162378788
5733125120.0,0.13576079905033112
5734062592.0,0.164170503616333
5735000064.0,0.18785688281059265
5735937536.0,0.20703233778476715
5736875008.0,0.22127828001976013
5737812480.0,0.2326342761516571
5738749952.0,0.23663336038589478
5739687424.0,0.23848110437393188
5740624896.0,0.23738478124141693
5741562368.0,0.23107896745204926
5742499840.0,0.22205154597759247
5743437312.0,0.21126143634319305
5744374784.0,0.1992264688014984
5745312256.0,0.18476425111293793
5746250240.0,0.17135457694530487
5747187712.0,0.15641318261623383
5748125184.0,0.14211903512477875
5749062656.0,0.12742771208286285
5750000128.0,0.11359389126300812
5750937600.0,0.10111746191978455
5751875072.0,0.08885397017002106
5752812544.0,0.07756026089191437
5753750016.0,0.06725610047578812
5754687488.0,0.05731802061200142
5755624960.0,0.043422628194093704
5756562432.0,0.024161525070667267
5757499904.0,0.0017315542791038752
5758437376.0,-0.023691795766353607
5759374848.0,-0.05123848468065262
5760312320.0,-0.08171848952770233
5761249792.0,-0.11132984608411789
5762187264.0,-0.14102359116077423
5763125248.0,-0.1730339527130127
5764062720.0,-0.203322634100914
5765000192.0,-0.23362064361572266
5765937664.0,-0.16746951639652252
5766875136.0,-0.17428264021873474
5767812608.0,-0.1825772076845169
5768750080.0,-0.19073717296123505
5769687552.0,-0.19951699674129486
5770625024.0,-0.21050627529621124
5771562496.0,-0.21980740129947662
5772499968.0,-0.22911600768566132
5773437440.0,-0.23979976773262024
5774374912.0,-0.25026458501815796
5775312384.0,-0.2607448399066925
5776249856.0,-0.27135196328163147
5777187328.0,-0.28238576650619507
5778124800.0,-0.29363107681274414
5779062272.0,-0.30420413613319397
5779999744.0,-0.31424659490585327
5780937728.0,-0.32553553581237793
5781875200.0,-0.33646196126937866
5782812672.0,-0.3473477363586426
5783750144.0,-0.35791996121406555
5784687616.0,-0.36756569147109985
5785625088.0,-0.377352237701416
5786562560.0,-0.38644951581954956
5787500032.0,-0.3936510682106018
5788437504.0,-0.4009569585323334
5789374976.0,-0.406421422958374
5790312448.0,-0.40974459052085876
5791249920.0,-0.41416406631469727
5792187392.0,-0.41732096672058105
5793124864.0,-0.4184717535972595
5794062336.0,-0.4175657331943512
5794999808.0,-0.41626471281051636
5795937280.0,-0.4135119616985321
5796874752.0,-0.40943506360054016
5797812736.0,-0.40362927317619324
5798750208.0,-0.3956373631954193
5799687680.0,-0.3862895369529724
5800625152.0,-0.37591034173965454
5801562624.0,-0.36248162388801575
5802500096.0,-0.3482242822647095
5803437568.0,-0.33241087198257446
5804375040.0,-0.31531739234924316
5805312512.0,-0.2970483899116516
5806249984.0,-0.2792828381061554
5807187456.0,-0.25927141308784485
5808124928.0,-0.2394063025712967
5809062400.0,-0.21994797885417938
5809999872.0,-0.20110753178596497
5810937344.0,-0.18130069971084595
5811874816.0,-0.16130279004573822
5812812288.0,-0.14266470074653625
5813749760.0,-0.12318118661642075
5814687744.0,-0.10683219879865646
5815625216.0,-0.09174638241529465
5816562688.0,-0.07790850102901459
5817500160.0,-0.06520234048366547
5818437632.0,-0.05518632382154465
5819375104.0,-0.045289892703294754
5820312576.0,-0.03764009103178978
5821250048.0,-0.0320015475153923
5822187520.0,-0.028510168194770813
5823124992.0,-0.026595689356327057
5824062464.0,-0.0263951625674963
5824999936.0,-0.029085194692015648
5825937408.0,-0.22349058091640472
5826874880.0,-0.22542473673820496
5827812352.0,-0.2276318371295929
5828749824.0,-0.229651540517807
5829687296.0,-0.2314588874578476
5830624768.0,-0.2328871488571167
5831562752.0,-0.23401421308517456
5832500224.0,-0.2355361133813858
5833437696.0,-0.23692359030246735
5834375168.0,-0.23820531368255615
5835312640.0,-0.23980359733104706
5836250112.0,-0.2418435961008072
5837187584.0,-0.24316932260990143
5838125056.0,-0.2462702840566635
5839062528.0,-0.24913440644741058
5840000000.0,-0.2539594769477844
5840937472.0,-0.2579165995121002
5841874944.0,-0.2619720995426178
5842812416.0,-0.26834893226623535
5843749888.0,-0.27246445417404175
5844687360.0,-0.2783147990703583
5845624832.0,-0.28319981694221497
5846562304.0,-0.28931695222854614
5847499776.0,-0.2947480082511902
5848437248.0,-0.29921218752861023
5849375232.0,-0.30275875329971313
5850312704.0,-0.30607080459594727
5851250176.0,-0.31017541885375977
5852187648.0,-0.3141007423400879
5853125120.0,-0.31626731157302856
5854062592.0,-0.31788894534111023
5855000064.0,-0.31954270601272583
5855937536.0,-0.3202858865261078
5856875008.0,-0.3210303783416748
5857812480.0,-0.31994369626045227
5858749952.0,-0.31990760564804077
5859687424.0,-0.3172779977321625
5860624896.0,-0.31607893109321594
5861562368.0,-0.31260383129119873
5862499840.0,-0.31175366044044495
5863437312.0,-0.3080815374851227
5864374784.0,-0.30497848987579346
5865312256.0,-0.3032585382461548
5866250240.0,-0.30014824867248535
5867187712.0,-0.29681819677352905
5868125184.0,-0.29500892758369446
5869062656.0,-0.29197046160697937
5870000128.0,-0.2892294228076935
5870937600.0,-0.28814879059791565
5871875072.0,-0.2862571179866791
5872812544.0,-0.2861987054347992
5873750016.0,-0.28664955496788025
5874687488.0,-0.28756818175315857
5875624960.0,-0.29006901383399963
5876562432.0,-0.29200586676597595
5877499904.0,-0.29561352729797363
5878437376.0,-0.29843372106552124
5879374848.0,-0.30224061012268066
5880312320.0,-0.30645492672920227
5881249792.0,-0.3104906380176544
5882187264.0,-0.31532371044158936
5883125248.0,-0.3205181062221527
5884062720.0,-0.3256458342075348
5885000192.0,-0.3306683301925659
5885937664.0,-0.34549349546432495
5886875136.0,-0.3510396480560303
5887812608.0,-0.35574907064437866
5888750080.0,-0.3604368567466736
5889687552.0,-0.3651045858860016
5890625024.0,-0.3695300817489624
5891562496.0,-0.3724691569805145
5892499968.0,-0.37460213899612427
5893437440.0,-0.37594470381736755
5894374912.0,-0.3767959177494049
5895312384.0,-0.3775941729545593
5896249856.0,-0.37792932987213135
5897187328.0,-0.3777102530002594
5898124800.0,-0.3767068684101105
5899062272.0,-0.3765689730644226
5900000256.0,-0.37491047382354736
5900937728.0,-0.37524670362472534
5901875200.0,-0.37377575039863586
5902812672.0,-0.3726502060890198
5903750144.0,-0.3712943494319916
5904687616.0,-0.3699791729450226
5905625088.0,-0.36793872714042664
5906562560.0,-0.3663075268268585
5907500032.0,-0.3662264943122864
5908437504.0,-0.3645232915878296
5909374976.0,-0.3637488782405853
5910312448.0,-0.36320391297340393
5911249920.0,-0.36294472217559814
5912187392.0,-0.3620729148387909
5913124864.0,-0.36267468333244324
5914062336.0,-0.3631325364112854
5914999808.0,-0.36522945761680603
5915937280.0,-0.3671302795410156
5916874752.0,-0.37025412917137146
5917812736.0,-0.3744426369667053
5918750208.0,-0.37875741720199585
5919687680.0,-0.38426685333251953
5920625152.0,-0.39009591937065125
5921562624.0,-0.3968653678894043
5922500096.0,-0.4037970006465912
5923437568.0,-0.41207602620124817
5924375040.0,-0.4207989573478699
5925312512.0,-0.4299861192703247
5926249984.0,-0.43998995423316956
5927187456.0,-0.450361430644989
5928124928.0,-0.4605800211429596
5929062400.0,-0.47205042839050293
5929999872.0,-0.4848187267780304
5930937344.0,-0.4960786998271942
5931874816.0,-0.5071904063224792
5932812288.0,-0.5185422897338867
5933749760.0,-0.5297437310218811
5934687744.0,-0.5389009118080139
5935625216.0,-0.5493110418319702
5936562688.0,-0.5595365166664124
5937500160.0,-0.5678706765174866
5938437632.0,-0.5765123963356018
5939375104.0,-0.5841598510742188
5940312576.0,-0.5911838412284851
5941250048.0,-0.5962638258934021
5942187520.0,-0.6002095937728882
5943124992.0,-0.6023657917976379
5944062464.0,-0.6044089794158936
5944999936.0,-0.6050080060958862
5945937408.0,-0.39005246758461
5946874880.0,-0.4067215621471405
5947812352.0,-0.4234166741371155
5948749824.0,-0.4394542872905731
5949687296.0,-0.4566701352596283
5950624768.0,-0.4713071882724762
5951562752.0,-0.4856705367565155
5952500224.0,-0.49831148982048035
5953437696.0,-0.5105177760124207
5954375168.0,-0.5224248170852661
5955312640.0,-0.531934380531311
5956250112.0,-0.5401942729949951
5957187584.0,-0.546638011932373
5958125056.0,-0.5522313117980957
5959062528.0,-0.5552548170089722
5960000000.0,-0.5574508905410767
5960937472.0,-0.5576887130737305
5961874944.0,-0.5559701919555664
5962812416.0,-0.5513288378715515
5963749888.0,-0.5459081530570984
5964687360.0,-0.5391725897789001
5965624832.0,-0.5305165648460388
5966562304.0,-0.5202850103378296
5967499776.0,-0.5090266466140747
5968437248.0,-0.49769169092178345
5969375232.0,-0.48637157678604126
5970312704.0,-0.4734256863594055
5971250176.0,-0.4616677761077881
5972187648.0,-0.44975897669792175
5973125120.0,-0.43867170810699463
5974062592.0,-0.4284639358520508
5975000064.0,-0.41929733753204346
5975937536.0,-0.41183140873908997
5976875008.0,-0.40499070286750793
5977812480.0,-0.39900311827659607
5978749952.0,-0.39401930570602417
5979687424.0,-0.388791561126709
5980624896.0,-0.38570040464401245
5981562368.0,-0.38483497500419617
5982499840.0,-0.38407498598098755
5983437312.0,-0.3851029574871063
5984374784.0,-0.38685259222984314
5985312256.0,-0.38884201645851135
5986250240.0,-0.3922852575778961
5987187712.0,-0.39635542035102844
5988125184.0,-0.39968565106391907
5989062656.0,-0.40328896045684814
5990000128.0,-0.4073903560638428
5990937600.0,-0.41216421127319336
5991875072.0,-0.41641518473625183
5992812544.0,-0.4219987988471985
5993750016.0,-0.42511677742004395
5994687488.0,-0.4301767945289612
5995624960.0,-0.433950811624527
5996562432.0,-0.4393797516822815
5997499904.0,-0.44363245368003845
5998437376.0,-0.44761911034584045
5999374848.0,-0.4515189230442047
6000312320.0,-0.4539108872413635
6001249792.0,-0.45840051770210266
6002187264.0,-0.46184661984443665
6003125248.0,-0.46454834938049316
6004062720.0,-0.46811744570732117
6005000192.0,-0.36520132422447205
6005937664.0,-0.3742847740650177
6006875136.0,-0.38389769196510315
6007812608.0,-0.3947295546531677
6008750080.0,-0.40699923038482666
6009687552.0,-0.42026668787002563
6010625024.0,-0.4342502951622009
6011562496.0,-0.4495837986469269
6012499968.0,-0.46724531054496765
6013437440.0,-0.4840122163295746
6014374912.0,-0.5020780563354492
6015312384.0,-0.5196983218193054
6016249856.0,-0.5373954772949219
6017187328.0,-0.5554467439651489
6018124800.0,-0.5725884437561035
6019062272.0,-0.5893411636352539
6019999744.0,-0.606727659702301
6020937728.0,-0.6221143007278442
6021875200.0,-0.6378006935119629
6022812672.0,-0.651818037033081
6023750144.0,-0.6648182272911072
6024687616.0,-0.6773877143859863
6025625088.0,-0.6874862313270569
6026562560.0,-0.6941279172897339
6027500032.0,-0.6997955441474915
6028437504.0,-0.7034310698509216
6029374976.0,-0.7035835981369019
6030312448.0,-0.7021434903144836
6031249920.0,-0.6988560557365417
6032187392.0,-0.6933526396751404
6033124864.0,-0.6849542260169983
6034062336.0,-0.677155077457428
6034999808.0,-0.6672444343566895
6035937280.0,-0.6550916433334351
6036874752.0,-0.6415292024612427
6037812736.0,-0.6272436380386353
6038750208.0,-0.611117959022522
6039687680.0,-0.594662070274353
6040625152.0,-0.5766376852989197
6041562624.0,-0.5595828890800476
6042500096.0,-0.5422071814537048
6043437568.0,-0.5252239108085632
6044375040.0,-0.5077896118164062
6045312512.0,-0.49259302020072937
6046249984.0,-0.47734540700912476
6047187456.0,-0.4628423750400543
6048124928.0,-0.44978800415992737
6049062400.0,-0.437039852142334
6049999872.0,-0.4255921244621277
6050937344.0,-0.4144487977027893
6051874816.0,-0.404704749584198
6052812288.0,-0.3967624306678772
6053749760.0,-0.38918423652648926
6054687744.0,-0.38460278511047363
6055625216.0,-0.3799537122249603
6056562688.0,-0.37735459208488464
6057500160.0,-0.3748226761817932
6058437632.0,-0.37393099069595337
6059375104.0,-0.37337276339530945
6060312576.0,-0.3745870590209961
6061250048.0,-0.3758344054222107
6062187520.0,-0.3787921667098999
6063124992.0,-0.3821711838245392
6064062464.0,-0.38661301136016846
6064999936.0,-0.38491591811180115
6065937408.0,-0.38983702659606934
6066874880.0,-0.3957226276397705
6067812352.0,-0.40307849645614624
6068749824.0,-0.40935301780700684
6069687296.0,-0.41617366671562195
6070624768.0,-0.42426279187202454
6071562752.0,-0.4342802166938782
6072500224.0,-0.44417867064476013
6073437696.0,-0.4543289840221405
6074375168.0,-0.4643012285232544
6075312640.0,-0.474439412355423
6076250112.0,-0.48440271615982056
6077187584.0,-0.494281142950058
6078125056.0,-0.5048509240150452
6079062528.0,-0.5145280957221985
6080000000.0,-0.5250785946846008
6080937472.0,-0.5339993834495544
6081874944.0,-0.5428681373596191
6082812416.0,-0.5502244234085083
6083749888.0,-0.557860255241394
6084687360.0,-0.5624807476997375
6085624832.0,-0.5676230192184448
6086562304.0,-0.5712004899978638
6087499776.0,-0.5727990865707397
6088437248.0,-0.5747961401939392
6089375232.0,-0.5744835734367371
6090312704.0,-0.5746033191680908
6091250176.0,-0.5735131502151489
6092187648.0,-0.5702404975891113
6093125120.0,-0.565720796585083
6094062592.0,-0.5584048628807068
6095000064.0,-0.5518763661384583
6095937536.0,-0.543668270111084
6096875008.0,-0.5344963669776917
6097812480.0,-0.525670051574707
6098749952.0,-0.5164414048194885
6099687424.0,-0.5081546902656555
6100624896.0,-0.49862685799598694
6101562368.0,-0.4884258806705475
6102499840.0,-0.4790933132171631
6103437312.0,-0.46956580877304077
6104374784.0,-0.46062710881233215
6105312256.0,-0.4513399302959442
6106250240.0,-0.4432406723499298
6107187712.0,-0.4358355402946472
6108125184.0,-0.4280051290988922
6109062656.0,-0.4195031225681305
6110000128.0,-0.4135642647743225
6110937600.0,-0.4069885313510895
6111875072.0,-0.4014206826686859
6112812544.0,-0.395303338766098
6113750016.0,-0.390926718711853
6114687488.0,-0.38722777366638184
6115624960.0,-0.383724182844162
6116562432.0,-0.3798971176147461
6117499904.0,-0.37786969542503357
6118437376.0,-0.3772825300693512
6119374848.0,-0.37458866834640503
6120312320.0,-0.3729243576526642
6121249792.0,-0.3735382556915283
6122187264.0,-0.3733854591846466
6123125248.0,-0.3734379708766937
6124062720.0,-0.37390437722206116
6125000192.0,-0.5672672390937805
6125937664.0,-0.5788893103599548
6126875136.0,-0.5898774862289429
6127812608.0,-0.6005505919456482
6128750080.0,-0.6110437512397766
6129687552.0,-0.6200374960899353
6130625024.0,-0.628213107585907
6131562496.0,-0.635184645652771
6132499968.0,-0.6411911845207214
6133437440.0,-0.6455150246620178
6134374912.0,-0.6488282680511475
6135312384.0,-0.6520826816558838
6136249856.0,-0.654327392578125
6137187328.0,-0.6541786193847656
6138124800.0,-0.6540245413780212
6139062272.0,-0.6535857915878296
6140000256.0,-0.6511359810829163
6140937728.0,-0.6497414708137512
6141875200.0,-0.6460847854614258
6142812672.0,-0.6420909762382507
6143750144.0,-0.6384807825088501
6144687616.0,-0.6347312331199646
6145625088.0,-0.6317886710166931
6146562560.0,-0.6282318234443665
6147500032.0,-0.6241787672042847
6148437504.0,-0.6212682127952576
6149374976.0,-0.6171396374702454
6150312448.0,-0.6132534146308899
6151249920.0,-0.6112169027328491
6152187392.0,-0.6079907417297363
6153124864.0,-0.6058465838432312
6154062336.0,-0.604743480682373
6154999808.0,-0.6027652621269226
6155937280.0,-0.6024937033653259
6156874752.0,-0.6018702983856201
6157812736.0,-0.6015308499336243
6158750208.0,-0.6027337908744812
6159687680.0,-0.6038961410522461
6160625152.0,-0.6060941219329834
6161562624.0,-0.6085959076881409
6162500096.0,-0.6123249530792236
6163437568.0,-0.6169775724411011
6164375040.0,-0.6216470003128052
6165312512.0,-0.6269975304603577
6166249984.0,-0.6327638626098633
6167187456.0,-0.638618528842926
6168124928.0,-0.6439420580863953
6169062400.0,-0.650473952293396
6169999872.0,-0.6555864810943604
6170937344.0,-0.661746084690094
6171874816.0,-0.6682664752006531
6172812288.0,-0.6738768219947815
6173749760.0,-0.6800909638404846
6174687744.0,-0.68636155128479
6175625216.0,-0.6940228343009949
6176562688.0,-0.7006158828735352
6177500160.0,-0.708761990070343
6178437632.0,-0.7151961326599121
6179375104.0,-0.722987711429596
6180312576.0,-0.7306935787200928
6181250048.0,-0.7393080592155457
6182187520.0,-0.7472490668296814
6183124992.0,-0.7538493275642395
6184062464.0,-0.7618959546089172
6184999936.0,-0.6022412776947021
6185937408.0,-0.6239717602729797
6186874880.0,-0.6443646550178528
6187812352.0,-0.6646978855133057
6188749824.0,-0.6860414743423462
6189687296.0,-0.7063100934028625
6190624768.0,-0.7250474095344543
6191562752.0,-0.742897629737854
6192500224.0,-0.7590506076812744
6193437696.0,-0.775501549243927
6194375168.0,-0.7915396094322205
6195312640.0,-0.8062145113945007
6196250112.0,-0.8196935057640076
6197187584.0,-0.8320333957672119
6198125056.0,-0.8437941670417786
6199062528.0,-0.8540341854095459
6200000000.0,-0.8623268008232117
6200937472.0,-0.8702259063720703
6201874944.0,-0.8748001456260681
6202812416.0,-0.8776661157608032
6203749888.0,-0.877613365650177
6204687360.0,-0.8761805891990662
6205624832.0,-0.8731075525283813
6206562304.0,-0.8683600425720215
6207499776.0,-0.8628055453300476
6208437248.0,-0.8555368781089783
6209375232.0,-0.8464246988296509
6210312704.0,-0.8370669484138489
6211250176.0,-0.8250067234039307
6212187648.0,-0.8127014636993408
6213125120.0,-0.7992646098136902
6214062592.0,-0.785772442817688
6215000064.0,-0.7707388401031494
6215937536.0,-0.7560737729072571
6216875008.0,-0.7401849031448364
6217812480.0,-0.7244740128517151
6218749952.0,-0.7087466716766357
6219687424.0,-0.6925235390663147
6220624896.0,-0.677345335483551
6221562368.0,-0.6642063856124878
6222499840.0,-0.6506761908531189
6223437312.0,-0.6382406949996948
6224374784.0,-0.625963032245636
6225312256.0,-0.6148815155029297
6226250240.0,-0.6035839319229126
6227187712.0,-0.5956682562828064
6228125184.0,-0.5885135531425476
6229062656.0,-0.5823451280593872
6230000128.0,-0.5777822732925415
6230937600.0,-0.5738707184791565
6231875072.0,-0.5728456974029541
6232812544.0,-0.572059154510498
6233750016.0,-0.5736154913902283
6234687488.0,-0.5757367014884949
6235624960.0,-0.5791527032852173
6236562432.0,-0.5824593901634216
6237499904.0,-0.5869418382644653
6238437376.0,-0.5940175652503967
6239374848.0,-0.6009928584098816
6240312320.0,-0.6104899048805237
6241249792.0,-0.618831992149353
6242187264.0,-0.6300504803657532
6243125248.0,-0.6400941610336304
6244062720.0,-0.6511202454566956
6245000192.0,-0.6589557528495789
6245937664.0,-0.6709477305412292
6246875136.0,-0.6856204867362976
6247812608.0,-0.7003896236419678
6248750080.0,-0.7152881026268005
6249687552.0,-0.7301560044288635
6250625024.0,-0.7452402114868164
6251562496.0,-0.760420560836792
6252499968.0,-0.7749747037887573
6253437440.0,-0.7875229120254517
6254374912.0,-0.7999604344367981
6255312384.0,-0.8124659061431885
6256249856.0,-0.8232041597366333
6257187328.0,-0.8350425958633423
6258124800.0,-0.8446100950241089
6259062272.0,-0.8541575074195862
6259999744.0,-0.8615780472755432
6260937728.0,-0.8697009086608887
6261875200.0,-0.8754348158836365
6262812672.0,-0.8805190920829773
6263750144.0,-0.8826582431793213
6264687616.0,-0.8841655850410461
6265625088.0,-0.884830892086029
6266562560.0,-0.8857507109642029
6267500032.0,-0.8856673240661621
6268437504.0,-0.8845705986022949
6269374976.0,-0.8828555941581726
6270312448.0,-0.8806926608085632
6271249920.0,-0.8778335452079773
6272187392.0,-0.8730688691139221
6273124864.0,-0.8708863258361816
6274062336.0,-0.8670300245285034
6274999808.0,-0.8635440468788147
6275937280.0,-0.8611345887184143
6276874752.0,-0.8578799962997437
6277812736.0,-0.8532924056053162
6278750208.0,-0.8495326042175293
6279687680.0,-0.8440638184547424
6280625152.0,-0.8405577540397644
6281562624.0,-0.8356281518936157
6282500096.0,-0.8321802616119385
6283437568.0,-0.8292697668075562
6284375040.0,-0.8278693556785583
6285312512.0,-0.8275230526924133
6286249984.0,-0.8280877470970154
6287187456.0,-0.8295581340789795
6288124928.0,-0.8328942656517029
6289062400.0,-0.8360223174095154
6289999872.0,-0.8389051556587219
6290937344.0,-0.8420395851135254
6291874816.0,-0.8459979295730591
6292812288.0,-0.849229633808136
6293749760.0,-0.852252185344696
6294687744.0,-0.8566162586212158
6295625216.0,-0.8615001440048218
6296562688.0,-0.8666749000549316
6297500160.0,-0.8719241619110107
6298437632.0,-0.8791202902793884
6299375104.0,-0.8861225843429565
6300312576.0,-0.8945759534835815
6301250048.0,-0.9032683372497559
6302187520.0,-0.9135012626647949
6303124992.0,-0.9234924912452698
6304062464.0,-0.9336138963699341
6304999936.0,-0.9608288407325745
6305937408.0,-0.9689915180206299
6306874880.0,-0.9788886308670044
6307812352.0,-0.988354504108429
6308749824.0,-0.9976354241371155
6309687296.0,-1.0082693099975586
6310624768.0,-1.0173906087875366
6311562752.0,-1.0288692712783813
6312500224.0,-1.0371671915054321
6313437696.0,-1.0464993715286255
6314375168.0,-1.0552421808242798
6315312640.0,-1.0634382963180542
6316250112.0,-1.0728079080581665
6317187584.0,-1.0821176767349243
6318125056.0,-1.092633605003357
6319062528.0,-1.1040034294128418
6320000000.0,-1.1161878108978271
6320937472.0,-1.1286605596542358
6321874944.0,-1.1423231363296509
6322812416.0,-1.1570324897766113
6323749888.0,-1.1711724996566772
6324687360.0,-1.1846332550048828
6325624832.0,-1.19694185256958
6326562304.0,-1.2086544036865234
6327499776.0,-1.2186280488967896
6328437248.0,-1.227508544921875
6329375232.0,-1.2355709075927734
6330312704.0,-1.242989420890808
6331250176.0,-1.251305341720581
6332187648.0,-1.258431315422058
6333125120.0,-1.2631354331970215
6334062592.0,-1.2674082517623901
6335000064.0,-1.2697539329528809
6335937536.0,-1.2710702419281006
6336875008.0,-1.271454930305481
6337812480.0,-1.2706706523895264
6338749952.0,-1.2671115398406982
6339687424.0,-1.2622967958450317
6340624896.0,-1.2559782266616821
6341562368.0,-1.2494795322418213
6342499840.0,-1.2413777112960815
6343437312.0,-1.2317956686019897
6344374784.0,-1.2215514183044434
6345312256.0,-1.210543155670166
6346250240.0,-1.1990021467208862
6347187712.0,-1.1872596740722656
6348125184.0,-1.1758241653442383
6349062656.0,-1.164167046546936
6350000128.0,-1.15027916431427
6350937600.0,-1.136656641960144
6351875072.0,-1.123372197151184
6352812544.0,-1.1093723773956299
6353750016.0,-1.0960378646850586
6354687488.0,-1.0845792293548584
6355624960.0,-1.0727441310882568
6356562432.0,-1.0607283115386963
6357499904.0,-1.0490570068359375
6358437376.0,-1.0372806787490845
6359374848.0,-1.026228666305542
6360312320.0,-1.0167814493179321
6361249792.0,-1.0070199966430664
6362187264.0,-1.0020676851272583
6363125248.0,-0.9960311651229858
6364062720.0,-0.9933028221130371
6365000192.0,-1.364742398262024
6365937664.0,-1.3786118030548096
6366875136.0,-1.3937584161758423
6367812608.0,-1.4082307815551758
6368750080.0,-1.423248529434204
6369687552.0,-1.4376462697982788
6370625024.0,-1.4519376754760742
6371562496.0,-1.46681547164917
6372499968.0,-1.4804812669754028
6373437440.0,-1.4929285049438477
6374374912.0,-1.5041214227676392
6375312384.0,-1.5139240026474
6376249856.0,-1.5238656997680664
6377187328.0,-1.5321664810180664
6378124800.0,-1.5391120910644531
6379062272.0,-1.5440937280654907
6380000256.0,-1.5487902164459229
6380937728.0,-1.5527962446212769
6381875200.0,-1.5542863607406616
6382812672.0,-1.5546199083328247
6383750144.0,-1.5540391206741333
6384687616.0,-1.5529232025146484
6385625088.0,-1.5514360666275024
6386562560.0,-1.5473997592926025
6387500032.0,-1.5434181690216064
6388437504.0,-1.5394107103347778
6389374976.0,-1.5339597463607788
6390312448.0,-1.5276058912277222
6391249920.0,-1.5206928253173828
6392187392.0,-1.5127700567245483
6393124864.0,-1.5021147727966309
6394062336.0,-1.4914088249206543
6394999808.0,-1.4804918766021729
6395937280.0,-1.4701176881790161
6396874752.0,-1.4599382877349854
6397812736.0,-1.4515907764434814
6398750208.0,-1.443108320236206
6399687680.0,-1.4350444078445435
6400625152.0,-1.4275524616241455
6401562624.0,-1.4219642877578735
6402500096.0,-1.4160734415054321
6403437568.0,-1.411726474761963
6404375040.0,-1.410301923751831
6405312512.0,-1.41093909740448
6406249984.0,-1.4143825769424438
6407187456.0,-1.419059157371521
6408124928.0,-1.424274206161499
6409062400.0,-1.4322421550750732
6409999872.0,-1.439569354057312
6410937344.0,-1.4499139785766602
6411874816.0,-1.4611337184906006
6412812288.0,-1.47530996799469
6413749760.0,-1.4906445741653442
6414687744.0,-1.5063037872314453
6415625216.0,-1.5249449014663696
6416562688.0,-1.54364013671875
6417500160.0,-1.5654147863388062
6418437632.0,-1.5888006687164307
6419375104.0,-1.6137551069259644
6420312576.0,-1.639752745628357
6421250048.0,-1.6661101579666138
6422187520.0,-1.6936227083206177
6423124992.0,-1.7228142023086548
6424062464.0,-1.7531893253326416
6424999936.0,-1.7890950441360474
6425937408.0,-1.821607232093811
6426874880.0,-1.8558614253997803
6427812352.0,-1.8893526792526245
6428749824.0,-1.9232186079025269
6429687296.0,-1.9581961631774902
6430624768.0,-1.9903067350387573
6431562752.0,-2.022972345352173
6432500224.0,-2.0549864768981934
6433437696.0,-2.0835838317871094
6434375168.0,-2.1138250827789307
6435312640.0,-2.142545700073242
6436250112.0,-2.169994831085205
6437187584.0,-2.196362257003784
6438125056.0,-2.2208104133605957
6439062528.0,-2.242222547531128
6440000000.0,-2.2605490684509277
6440937472.0,-2.2775027751922607
6441874944.0,-2.292342185974121
6442812416.0,-2.3056228160858154
6443749888.0,-2.3177788257598877
6444687360.0,-2.3289434909820557
6445624832.0,-2.3384711742401123
6446562304.0,-2.34599232673645
6447499776.0,-2.352680206298828
6448437248.0,-2.3575315475463867
6449375232.0,-2.3599002361297607
6450312704.0,-2.359234571456909
6451250176.0,-2.3592851161956787
6452187648.0,-2.356412172317505
6453125120.0,-2.352736473083496
6454062592.0,-2.3488707542419434
6455000064.0,-2.3438451290130615
6455937536.0,-2.339877128601074
6456875008.0,-2.333131790161133
6457812480.0,-2.3276748657226562
6458749952.0,-2.3223953247070312
6459687424.0,-2.3173773288726807
6460624896.0,-2.3146281242370605
6461562368.0,-2.311176300048828
6462499840.0,-2.3085944652557373
6463437312.0,-2.3075435161590576
6464374784.0,-2.3080339431762695
6465312256.0,-2.305894136428833
6466250240.0,-2.306246042251587
6467187712.0,-2.3040826320648193
6468125184.0,-2.3028013706207275
6469062656.0,-2.299726724624634
6470000128.0,-2.299281120300293
6470937600.0,-2.299213409423828
6471875072.0,-2.301337242126465
6472812544.0,-2.3060576915740967
6473750016.0,-2.3108017444610596
6474687488.0,-2.320486545562744
6475624960.0,-2.333951234817505
6476562432.0,-2.3520612716674805
6477499904.0,-2.3738839626312256
6478437376.0,-2.3993537425994873
6479374848.0,-2.4283571243286133
6480312320.0,-2.4608755111694336
6481249792.0,-2.4960808753967285
6482187264.0,-2.534515857696533
6483125248.0,-2.5735650062561035
6484062720.0,-2.614175796508789
6485000192.0,-2.720324993133545
6485937664.0,-2.7499094009399414
6486875136.0,-2.7787649631500244
6487812608.0,-2.8085224628448486
6488750080.0,-2.836721420288086
6489687552.0,-2.864563465118408
6490625024.0,-2.8945376873016357
6491562496.0,-2.9224627017974854
6492499968.0,-2.9506850242614746
6493437440.0,-2.979480266571045
6494374912.0,-3.008096933364868
6495312384.0,-3.035461187362671
6496249856.0,-3.064859628677368
6497187328.0,-3.094355344772339
6498124800.0,-3.1256797313690186
6499062272.0,-3.1571156978607178
6499999744.0,-3.1893255710601807
6500937728.0,-3.222090482711792
6501875200.0,-3.251121997833252
6502812672.0,-3.2790660858154297
6503750144.0,-3.3059887886047363
6504687616.0,-3.3294341564178467
6505625088.0,-3.3544397354125977
6506562560.0,-3.378948926925659
6507500032.0,-3.401224136352539
6508437504.0,-3.4247210025787354
6509374976.0,-3.44938325881958
6510312448.0,-3.4720757007598877
6511249920.0,-3.495739221572876
6512187392.0,-3.521381378173828
6513124864.0,-3.5464768409729004
6514062336.0,-3.572981834411621
6514999808.0,-3.6028780937194824
6515937280.0,-3.632709503173828
6516874752.0,-3.664414882659912
6517812736.0,-3.6941211223602295
6518750208.0,-3.727053165435791
6519687680.0,-3.7570362091064453
6520625152.0,-3.787493944168091
6521562624.0,-3.8195254802703857
6522500096.0,-3.8531501293182373
6523437568.0,-3.890424966812134
6524375040.0,-3.930790662765503
6525312512.0,-3.972080945968628
6526249984.0,-4.015802383422852
6527187456.0,-4.060419082641602
6528124928.0,-4.107209205627441
6529062400.0,-4.1530985832214355
6529999872.0,-4.199367523193359
6530937344.0,-4.246179580688477
6531874816.0,-4.290586948394775
6532812288.0,-4.33412504196167
6533749760.0,-4.375626564025879
6534687744.0,-4.419273376464844
6535625216.0,-4.4617815017700195
6536562688.0,-4.503933906555176
6537500160.0,-4.54632568359375
6538437632.0,-4.59119987487793
6539375104.0,-4.63401985168457
6540312576.0,-4.6750335693359375
6541250048.0,-4.714576721191406
6542187520.0,-4.7521562576293945
6543124992.0,-4.789700508117676
6544062464.0,-4.8286051750183105
6544999936.0,-4.860841274261475
6545937408.0,-4.906014442443848
6546874880.0,-4.953657150268555
6547812352.0,-5.002904415130615
6548749824.0,-5.053100109100342
6549687296.0,-5.106022834777832
6550624768.0,-5.155228137969971
6551562752.0,-5.208295822143555
6552500224.0,-5.261151313781738
6553437696.0,-5.31363582611084
6554375168.0,-5.36651086807251
6555312640.0,-5.41896915435791
6556250112.0,-5.472501754760742
6557187584.0,-5.525967121124268
6558125056.0,-5.581219673156738
6559062528.0,-5.636542320251465
6560000000.0,-5.6937432289123535
6560937472.0,-5.751501083374023
6561874944.0,-5.808103084564209
6562812416.0,-5.864184379577637
6563749888.0,-5.921242713928223
6564687360.0,-5.9790215492248535
6565624832.0,-6.036550521850586
6566562304.0,-6.092985153198242
6567499776.0,-6.148921012878418
6568437248.0,-6.20304536819458
6569375232.0,-6.260673999786377
6570312704.0,-6.317024230957031
6571250176.0,-6.375938892364502
6572187648.0,-6.4396162033081055
6573125120.0,-6.508866786956787
6574062592.0,-6.584465026855469
6575000064.0,-6.663216590881348
6575937536.0,-6.743987083435059
6576875008.0,-6.827558517456055
6577812480.0,-6.913998603820801
6578749952.0,-6.998782634735107
6579687424.0,-7.086472034454346
6580624896.0,-7.177557468414307
6581562368.0,-7.269681930541992
6582499840.0,-7.364898204803467
6583437312.0,-7.455249786376953
6584374784.0,-7.548262119293213
6585312256.0,-7.634958744049072
6586250240.0,-7.725895881652832
6587187712.0,-7.813157081604004
6588125184.0,-7.900108814239502
6589062656.0,-7.9873199462890625
6590000128.0,-8.078767776489258
6590937600.0,-8.172057151794434
6591875072.0,-8.271247863769531
6592812544.0,-8.369624137878418
6593750016.0,-8.472058296203613
6594687488.0,-8.570901870727539
6595624960.0,-8.672784805297852
6596562432.0,-8.772767066955566
6597499904.0,-8.878591537475586
6598437376.0,-8.987701416015625
6599374848.0,-9.099119186401367
6600312320.0,-9.209494590759277
6601249792.0,-9.318004608154297
6602187264.0,-9.426359176635742
6603125248.0,-9.53368854522705
6604062720.0,-9.64223861694336
6605000192.0,-9.743232727050781
6605937664.0,-9.846627235412598
6606875136.0,-9.950170516967773
6607812608.0,-10.05100154876709
6608750080.0,-10.146247863769531
6609687552.0,-10.238996505737305
6610625024.0,-10.327142715454102
6611562496.0,-10.412405014038086
6612499968.0,-10.497688293457031
6613437440.0,-10.579717636108398
6614374912.0,-10.660579681396484
6615312384.0,-10.738700866699219
6616249856.0,-10.815937042236328
6617187328.0,-10.893645286560059
6618124800.0,-10.971070289611816
6619062272.0,-11.051088333129883
6620000256.0,-11.12781047821045
6620937728.0,-11.204334259033203
6621875200.0,-11.276132583618164
6622812672.0,-11.343966484069824
6623750144.0,-11.403347969055176
6624687616.0,-11.457839965820312
6625625088.0,-11.508736610412598
6626562560.0,-11.557014465332031
6627500032.0,-11.598240852355957
6628437504.0,-11.629919052124023
6629374976.0,-11.65386962890625
6630312448.0,-11.667216300964355
6631249920.0,-11.677003860473633
6632187392.0,-11.686307907104492
6633124864.0,-11.688425064086914
6634062336.0,-11.69140625
6634999808.0,-11.695013046264648
6635937280.0,-11.696521759033203
6636874752.0,-11.691047668457031
6637812736.0,-11.682979583740234
6638750208.0,-11.663917541503906
6639687680.0,-11.639337539672852
6640625152.0,-11.607416152954102
6641562624.0,-11.56021499633789
6642500096.0,-11.505451202392578
6643437568.0,-11.441843032836914
6644375040.0,-11.37291431427002
6645312512.0,-11.297449111938477
6646249984.0,-11.22005558013916
6647187456.0,-11.136279106140137
6648124928.0,-11.047446250915527
6649062400.0,-10.953813552856445
6649999872.0,-10.859321594238281
6650937344.0,-10.76543140411377
6651874816.0,-10.675292015075684
6652812288.0,-10.591090202331543
6653749760.0,-10.508989334106445
6654687744.0,-10.433382034301758
6655625216.0,-10.354166984558105
6656562688.0,-10.272408485412598
6657500160.0,-10.188497543334961
6658437632.0,-10.097310066223145
6659375104.0,-9.997091293334961
6660312576.0,-9.894159317016602
6661250048.0,-9.78793716430664
6662187520.0,-9.678861618041992
6663124992.0,-9.571674346923828
6664062464.0,-9.465472221374512
6664999936.0,-9.345616340637207
6665937408.0,-9.245194435119629
6666874880.0,-9.144216537475586
6667812352.0,-9.049154281616211
6668749824.0,-8.952046394348145
6669687296.0,-8.854759216308594
6670624768.0,-8.755197525024414
6671562752.0,-8.650017738342285
6672500224.0,-8.547694206237793
6673437696.0,-8.443438529968262
6674375168.0,-8.340044021606445
6675312640.0,-8.23698902130127
6676250112.0,-8.134068489074707
6677187584.0,-8.032445907592773
6678125056.0,-7.93417501449585
6679062528.0,-7.837532997131348
6680000000.0,-7.739250659942627
6680937472.0,-7.646543502807617
6681874944.0,-7.55497407913208
6682812416.0,-7.466259956359863
6683749888.0,-7.379777431488037
6684687360.0,-7.295546531677246
6685624832.0,-7.213377475738525
6686562304.0,-7.136219501495361
6687499776.0,-7.060635089874268
6688437248.0,-6.987829685211182
6689375232.0,-6.916706085205078
6690312704.0,-6.8472514152526855
6691250176.0,-6.779057025909424
6692187648.0,-6.713859558105469
6693125120.0,-6.6515350341796875
6694062592.0,-6.592128753662109
6695000064.0,-6.531920433044434
6695937536.0,-6.475793361663818
6696875008.0,-6.422070503234863
6697812480.0,-6.368828296661377
6698749952.0,-6.315104961395264
6699687424.0,-6.25925350189209
6700624896.0,-6.205007553100586
6701562368.0,-6.149544715881348
6702499840.0,-6.090999603271484
6703437312.0,-6.033522605895996
6704374784.0,-5.975546836853027
6705312256.0,-5.91524076461792
6706250240.0,-5.855405330657959
6707187712.0,-5.799101829528809
6708125184.0,-5.743637561798096
6709062656.0,-5.689548969268799
6710000128.0,-5.63446569442749
6710937600.0,-5.579781532287598
6711875072.0,-5.522176742553711
6712812544.0,-5.464873313903809
6713750016.0,-5.4053144454956055
6714687488.0,-5.34279203414917
6715624960.0,-5.280656337738037
6716562432.0,-5.213543891906738
6717499904.0,-5.147161960601807
6718437376.0,-5.0806474685668945
6719374848.0,-5.01449728012085
6720312320.0,-4.951132297515869
6721249792.0,-4.886227130889893
6722187264.0,-4.821954727172852
6723125248.0,-4.757727146148682
6724062720.0,-4.69226598739624
6725000192.0,-4.404969215393066
6725937664.0,-4.32841682434082
6726875136.0,-4.251710891723633
6727812608.0,-4.1769304275512695
6728750080.0,-4.106113433837891
6729687552.0,-4.037748336791992
6730625024.0,-3.9729268550872803
6731562496.0,-3.910046339035034
6732499968.0,-3.850534200668335
6733437440.0,-3.7935636043548584
6734374912.0,-3.7396512031555176
6735312384.0,-3.6873300075531006
6736249856.0,-3.6369619369506836
6737187328.0,-3.5897395610809326
6738124800.0,-3.5434975624084473
6739062272.0,-3.5012876987457275
6739999744.0,-3.4617679119110107
6740937728.0,-3.426020383834839
6741875200.0,-3.392335891723633
6742812672.0,-3.3617067337036133
6743750144.0,-3.3329105377197266
6744687616.0,-3.3056111335754395
6745625088.0,-3.279208183288574
6746562560.0,-3.256715774536133
6747500032.0,-3.232903003692627
6748437504.0,-3.2101123332977295
6749374976.0,-3.186953544616699
6750312448.0,-3.1644201278686523
6751249920.0,-3.1427459716796875
6752187392.0,-3.1208856105804443
6753124864.0,-3.100252628326416
6754062336.0,-3.081864356994629
6754999808.0,-3.064650535583496
6755937280.0,-3.0465362071990967
6756874752.0,-3.0294673442840576
6757812736.0,-3.0137524604797363
6758750208.0,-2.9966962337493896
6759687680.0,-2.9807846546173096
6760625152.0,-2.9606270790100098
6761562624.0,-2.941279649734497
6762500096.0,-2.9214813709259033
6763437568.0,-2.9015109539031982
6764375040.0,-2.8809943199157715
6765312512.0,-2.8578085899353027
6766249984.0,-2.8347604274749756
6767187456.0,-2.8101770877838135
6768124928.0,-2.7845046520233154
6769062400.0,-2.7570507526397705
6769999872.0,-2.7283520698547363
6770937344.0,-2.698535680770874
6771874816.0,-2.6681735515594482
6772812288.0,-2.637673854827881
6773749760.0,-2.6058526039123535
6774687744.0,-2.5736031532287598
6775625216.0,-2.541872978210449
6776562688.0,-2.5090677738189697
6777500160.0,-2.4741621017456055
6778437632.0,-2.446934223175049
6779375104.0,-2.416443347930908
6780312576.0,-2.3866329193115234
6781250048.0,-2.3556957244873047
6782187520.0,-2.3237721920013428
6783124992.0,-2.294926643371582
6784062464.0,-2.2652738094329834
6784999936.0,-2.243241548538208
6785937408.0,-2.208902597427368
6786874880.0,-2.175739049911499
6787812352.0,-2.145563840866089
6788749824.0,-2.1145079135894775
6789687296.0,-2.085421085357666
6790624768.0,-2.056154251098633
6791562752.0,-2.029999256134033
6792500224.0,-2.003383159637451
6793437696.0,-1.9797261953353882
6794375168.0,-1.9566558599472046
6795312640.0,-1.935566782951355
6796250112.0,-1.9135141372680664
6797187584.0,-1.8938963413238525
6798125056.0,-1.8754189014434814
6799062528.0,-1.8571337461471558
6800000000.0,-1.8412283658981323
6800937472.0,-1.8246886730194092
6801874944.0,-1.8086674213409424
6802812416.0,-1.7943718433380127
6803749888.0,-1.7812538146972656
6804687360.0,-1.7689021825790405
6805624832.0,-1.7566604614257812
6806562304.0,-1.7462480068206787
6807499776.0,-1.7355037927627563
6808437248.0,-1.7240418195724487
6809375232.0,-1.7120120525360107
6810312704.0,-1.7006961107254028
6811250176.0,-1.6891582012176514
6812187648.0,-1.6766173839569092
6813125120.0,-1.6647831201553345
6814062592.0,-1.6521100997924805
6815000064.0,-1.6403460502624512
6815937536.0,-1.6281490325927734
6816875008.0,-1.614869236946106
6817812480.0,-1.6015475988388062
6818749952.0,-1.5869566202163696
6819687424.0,-1.5723860263824463
6820624896.0,-1.557385802268982
6821562368.0,-1.5413354635238647
6822499840.0,-1.5221009254455566
6823437312.0,-1.5039706230163574
6824374784.0,-1.4840030670166016
6825312256.0,-1.4641822576522827
6826250240.0,-1.4440481662750244
6827187712.0,-1.422791838645935
6828125184.0,-1.402819275856018
6829062656.0,-1.380669355392456
6830000128.0,-1.3593252897262573
6830937600.0,-1.3366590738296509
6831875072.0,-1.3152825832366943
6832812544.0,-1.2931761741638184
6833750016.0,-1.2704765796661377
6834687488.0,-1.2482761144638062
6835624960.0,-1.227569580078125
6836562432.0,-1.2068136930465698
6837499904.0,-1.1864384412765503
6838437376.0,-1.1678392887115479
6839374848.0,-1.1500962972640991
6840312320.0,-1.1337467432022095
6841249792.0,-1.1182434558868408
6842187264.0,-1.103740930557251
6843125248.0,-1.0913481712341309
6844062720.0,-1.0802799463272095
6845000192.0,-1.0451109409332275
6845937664.0,-1.0366426706314087
6846875136.0,-1.0300853252410889
6847812608.0,-1.0236237049102783
6848750080.0,-1.020012378692627
6849687552.0,-1.0155967473983765
6850625024.0,-1.0132415294647217
6851562496.0,-1.012038230895996
6852499968.0,-1.0125219821929932
6853437440.0,-1.014046311378479
6854374912.0,-1.0155354738235474
6855312384.0,-1.0180226564407349
6856249856.0,-1.020393967628479
6857187328.0,-1.0251953601837158
6858124800.0,-1.0309157371520996
6859062272.0,-1.0372782945632935
6860000256.0,-1.0458420515060425
6860937728.0,-1.0559648275375366
6861875200.0,-1.0657004117965698
6862812672.0,-1.0761789083480835
6863750144.0,-1.0868762731552124
6864687616.0,-1.0985374450683594
6865625088.0,-1.109507441520691
6866562560.0,-1.1210869550704956
6867500032.0,-1.1310957670211792
6868437504.0,-1.1414037942886353
6869374976.0,-1.150449275970459
6870312448.0,-1.1584635972976685
6871249920.0,-1.1665223836898804
6872187392.0,-1.173090934753418
6873124864.0,-1.1773123741149902
6874062336.0,-1.1802990436553955
6874999808.0,-1.1811877489089966
6875937280.0,-1.180098533630371
6876874752.0,-1.1784770488739014
6877812736.0,-1.1724615097045898
6878750208.0,-1.1654008626937866
6879687680.0,-1.1559650897979736
6880625152.0,-1.1411399841308594
6881562624.0,-1.1262272596359253
6882500096.0,-1.1092064380645752
6883437568.0,-1.0903193950653076
6884375040.0,-1.0693618059158325
6885312512.0,-1.0476126670837402
6886249984.0,-1.02335524559021
6887187456.0,-0.9977008104324341
6888124928.0,-0.9712914824485779
6889062400.0,-0.9437464475631714
6889999872.0,-0.9157487750053406
6890937344.0,-0.887407660484314
6891874816.0,-0.857223629951477
6892812288.0,-0.827697217464447
6893749760.0,-0.7976151704788208
6894687744.0,-0.7673168182373047
6895625216.0,-0.736659049987793
6896562688.0,-0.7077340483665466
6897500160.0,-0.6790522336959839
6898437632.0,-0.650060772895813
6899375104.0,-0.6234312057495117
6900312576.0,-0.596809983253479
6901250048.0,-0.5728437304496765
6902187520.0,-0.547231912612915
6903124992.0,-0.5235459804534912
6904062464.0,-0.49982401728630066
6904999936.0,-0.46427229046821594
6905937408.0,-0.4601266086101532
6906874880.0,-0.45746052265167236
6907812352.0,-0.4540656805038452
6908749824.0,-0.45453229546546936
6909687296.0,-0.4556404650211334
6910624768.0,-0.45819246768951416
6911562752.0,-0.46242550015449524
6912500224.0,-0.46694040298461914
6913437696.0,-0.4729469418525696
6914375168.0,-0.4787914454936981
6915312640.0,-0.48594188690185547
6916250112.0,-0.4939868748188019
6917187584.0,-0.5012311339378357
6918125056.0,-0.5095746517181396
6919062528.0,-0.5193213224411011
6920000000.0,-0.5294714570045471
6920937472.0,-0.5390594601631165
6921874944.0,-0.5485020875930786
6922812416.0,-0.5586124062538147
6923749888.0,-0.569397509098053
6924687360.0,-0.5787107348442078
6925624832.0,-0.5888528227806091
6926562304.0,-0.5986878275871277
6927499776.0,-0.6065492033958435
6928437248.0,-0.6158564686775208
6929375232.0,-0.6224309206008911
6930312704.0,-0.6282672882080078
6931250176.0,-0.6389261484146118
6932187648.0,-0.6468449234962463
6933125120.0,-0.6549109220504761
6934062592.0,-0.6622943878173828
6935000064.0,-0.6681557297706604
6935937536.0,-0.6737664341926575
6936875008.0,-0.6785194873809814
6937812480.0,-0.6820080280303955
6938749952.0,-0.6846014261245728
6939687424.0,-0.6854059100151062
6940624896.0,-0.685981810092926
6941562368.0,-0.6860595345497131
6942499840.0,-0.6845882534980774
6943437312.0,-0.6837474703788757
6944374784.0,-0.6803043484687805
6945312256.0,-0.6764920353889465
6946250240.0,-0.6728803515434265
6947187712.0,-0.6664684414863586
6948125184.0,-0.6603366732597351
6949062656.0,-0.6529178619384766
6950000128.0,-0.6447039246559143
6950937600.0,-0.635652482509613
6951875072.0,-0.6254698038101196
6952812544.0,-0.6150809526443481
6953750016.0,-0.6031070947647095
6954687488.0,-0.5905154943466187
6955624960.0,-0.5768270492553711
6956562432.0,-0.5646722912788391
6957499904.0,-0.551102876663208
6958437376.0,-0.5378851294517517
6959374848.0,-0.5230556130409241
6960312320.0,-0.5102205276489258
6961249792.0,-0.4947448968887329
6962187264.0,-0.47993597388267517
6963125248.0,-0.46490731835365295
6964062720.0,-0.44926637411117554
6965000192.0,-0.36966779828071594
6965937664.0,-0.3616292178630829
6966875136.0,-0.3544679284095764
6967812608.0,-0.3464904725551605
6968750080.0,-0.33914071321487427
6969687552.0,-0.33206769824028015
6970625024.0,-0.3255194425582886
6971562496.0,-0.31905266642570496
6972499968.0,-0.31324413418769836
6973437440.0,-0.3093874156475067
6974374912.0,-0.30510565638542175
6975312384.0,-0.3019525706768036
6976249856.0,-0.29943111538887024
6977187328.0,-0.2980852425098419
6978124800.0,-0.29647907614707947
6979062272.0,-0.29724976420402527
6979999744.0,-0.2987722158432007
6980937728.0,-0.3006763160228729
6981875200.0,-0.30334192514419556
6982812672.0,-0.3070289194583893
6983750144.0,-0.31020376086235046
6984687616.0,-0.3167307674884796
6985625088.0,-0.323827862739563
6986562560.0,-0.33158078789711
6987500032.0,-0.3410806655883789
6988437504.0,-0.3506678640842438
6989374976.0,-0.3622172772884369
6990312448.0,-0.3741074800491333
6991249920.0,-0.387984037399292
6992187392.0,-0.4013206958770752
6993124864.0,-0.4156215190887451
6994062336.0,-0.4278271794319153
6994999808.0,-0.4407390356063843
6995937280.0,-0.4529549479484558
6996874752.0,-0.4666261076927185
6997812736.0,-0.47803381085395813
6998750208.0,-0.49060821533203125
6999687680.0,-0.5031458735466003
7000625152.0,-0.5140036344528198
7001562624.0,-0.523309588432312
7002500096.0,-0.5324730277061462
7003437568.0,-0.5403019785881042
7004375040.0,-0.5464271903038025
7005312512.0,-0.5513378381729126
7006249984.0,-0.5557640790939331
7007187456.0,-0.5576906800270081
7008124928.0,-0.5583497285842896
7009062400.0,-0.5578306317329407
7009999872.0,-0.5550879240036011
7010937344.0,-0.551527738571167
7011874816.0,-0.5472636818885803
7012812288.0,-0.5406437516212463
7013749760.0,-0.5339102149009705
7014687744.0,-0.5267618298530579
7015625216.0,-0.5182313919067383
7016562688.0,-0.5102349519729614
7017500160.0,-0.502034604549408
7018437632.0,-0.49184417724609375
7019375104.0,-0.48288848996162415
7020312576.0,-0.4728104770183563
7021250048.0,-0.46338021755218506
7022187520.0,-0.4537706971168518
7023124992.0,-0.44433414936065674
7024062464.0,-0.4357118308544159
7024999936.0,-0.40828338265419006
7025937408.0,-0.4000578820705414
7026874880.0,-0.3943611681461334
7027812352.0,-0.38726574182510376
7028749824.0,-0.3812078535556793
7029687296.0,-0.37735214829444885
7030624768.0,-0.3741459846496582
7031562752.0,-0.3726314604282379
7032500224.0,-0.3721908926963806
7033437696.0,-0.373618483543396
7034375168.0,-0.3771703839302063
7035312640.0,-0.38079833984375
7036250112.0,-0.38678663969039917
7037187584.0,-0.39310145378112793
7038125056.0,-0.39936190843582153
7039062528.0,-0.4077368974685669
7040000000.0,-0.4159807860851288
7040937472.0,-0.42465439438819885
7041874944.0,-0.43471047282218933
7042812416.0,-0.4433891475200653
7043749888.0,-0.45312002301216125
7044687360.0,-0.4613313674926758
7045624832.0,-0.4689991772174835
7046562304.0,-0.4759610891342163
7047499776.0,-0.48196443915367126
7048437248.0,-0.4859406054019928
7049375232.0,-0.4906255900859833
7050312704.0,-0.4932244122028351
7051250176.0,-0.4938982129096985
7052187648.0,-0.49115321040153503
7053125120.0,-0.48815396428108215
7054062592.0,-0.48406466841697693
7055000064.0,-0.4763489365577698
7055937536.0,-0.4679688513278961
7056875008.0,-0.4580410420894623
7057812480.0,-0.4452659487724304
7058749952.0,-0.4299684166908264
7059687424.0,-0.4124588072299957
7060624896.0,-0.39407986402511597
7061562368.0,-0.37575292587280273
7062499840.0,-0.35575753450393677
7063437312.0,-0.3352808654308319
7064374784.0,-0.3145023584365845
7065312256.0,-0.2934761047363281
7066250240.0,-0.27194905281066895
7067187712.0,-0.25152337551116943
7068125184.0,-0.23065824806690216
7069062656.0,-0.21138225495815277
7070000128.0,-0.19155079126358032
7070937600.0,-0.1731412708759308
7071875072.0,-0.1559779793024063
7072812544.0,-0.139405757188797
7073750016.0,-0.12550167739391327
7074687488.0,-0.11280008405447006
7075624960.0,-0.1018262505531311
7076562432.0,-0.09213517606258392
7077499904.0,-0.0852850079536438
7078437376.0,-0.08041895180940628
7079374848.0,-0.07744322717189789
7080312320.0,-0.07625071704387665
7081249792.0,-0.07897019386291504
7082187264.0,-0.08417103439569473
7083125248.0,-0.09137710183858871
7084062720.0,-0.10046929121017456
7085000192.0,-0.25539568066596985
7085937664.0,-0.26761743426322937
7086875136.0,-0.28131768107414246
7087812608.0,-0.29740914702415466
7088750080.0,-0.3149070143699646
7089687552.0,-0.3339843451976776
7090625024.0,-0.3545670211315155
7091562496.0,-0.37789595127105713
7092499968.0,-0.4028814435005188
7093437440.0,-0.4300288259983063
7094374912.0,-0.45877447724342346
7095312384.0,-0.4883781373500824
7096249856.0,-0.5195298790931702
7097187328.0,-0.5517129302024841
7098124800.0,-0.5847954154014587
7099062272.0,-0.6184622049331665
7100000256.0,-0.6521393656730652
7100937728.0,-0.6857763528823853
7101875200.0,-0.717583954334259
7102812672.0,-0.7498851418495178
7103750144.0,-0.7788428664207458
7104687616.0,-0.8058447241783142
7105625088.0,-0.8309676051139832
7106562560.0,-0.8527708649635315
7107500032.0,-0.8719052076339722
7108437504.0,-0.8874748945236206
7109374976.0,-0.899720311164856
7110312448.0,-0.9073545932769775
7111249920.0,-0.9121376276016235
7112187392.0,-0.9129881262779236
7113124864.0,-0.9087820649147034
7114062336.0,-0.9012656807899475
7114999808.0,-0.88962322473526
7115937280.0,-0.8733931183815002
7116874752.0,-0.8548192977905273
7117812736.0,-0.8326025009155273
7118750208.0,-0.8073116540908813
7119687680.0,-0.7790189981460571
7120625152.0,-0.7489975094795227
7121562624.0,-0.7161977291107178
7122500096.0,-0.6812266111373901
7123437568.0,-0.6468496322631836
7124375040.0,-0.6104446649551392
7125312512.0,-0.5748196840286255
7126249984.0,-0.5380606055259705
7127187456.0,-0.5010924339294434
7128124928.0,-0.4653606414794922
7129062400.0,-0.43023326992988586
7129999872.0,-0.39636799693107605
7130937344.0,-0.36305829882621765
7131874816.0,-0.3300735354423523
7132812288.0,-0.299195796251297
7133749760.0,-0.2707492411136627
7134687744.0,-0.24403685331344604
7135625216.0,-0.21850991249084473
7136562688.0,-0.19590480625629425
7137500160.0,-0.17547017335891724
7138437632.0,-0.15720489621162415
7139375104.0,-0.1409948319196701
7140312576.0,-0.12640458345413208
7141250048.0,-0.11458021402359009
7142187520.0,-0.10274133831262589
7143124992.0,-0.09438520669937134
7144062464.0,-0.1897791475057602
7144999936.0,-0.1911761611700058
7145937408.0,-0.19209088385105133
7146874880.0,-0.19395898282527924
7147812352.0,-0.19600415229797363
7148749824.0,-0.19951131939888
7149687296.0,-0.205210343003273
7150624768.0,-0.2102835774421692
7151562752.0,-0.2180962860584259
7152500224.0,-0.22735129296779633
7153437696.0,-0.23723812401294708
7154375168.0,-0.24952438473701477
7155312640.0,-0.26604196429252625
7156250112.0,-0.28437918424606323
7157187584.0,-0.30433812737464905
7158125056.0,-0.32779011130332947
7159062528.0,-0.35354697704315186
7160000000.0,-0.3810972571372986
7160937472.0,-0.4078861474990845
7161874944.0,-0.43130311369895935
7162812416.0,-0.4519263505935669
7163749888.0,-0.4691580832004547
7164687360.0,-0.4828719198703766
7165624832.0,-0.49351969361305237
7166562304.0,-0.5019396543502808
7167499776.0,-0.5072563290596008
7168437248.0,-0.5123953223228455
7169375232.0,-0.5142272710800171
7170312704.0,-0.5170426368713379
7171250176.0,-0.5185711979866028
7172187648.0,-0.5199440717697144
7173125120.0,-0.5229098200798035
7174062592.0,-0.5279328227043152
7175000064.0,-0.5343729853630066
7175937536.0,-0.5435547232627869
7176875008.0,-0.5554563999176025
7177812480.0,-0.5692657232284546
7178749952.0,-0.5866195559501648
7179687424.0,-0.6041640639305115
7180624896.0,-0.6246821880340576
7181562368.0,-0.6476396322250366
7182499840.0,-0.6687783002853394
7183437312.0,-0.6904579401016235
7184374784.0,-0.7093676924705505
7185312256.0,-0.7277922034263611
7186250240.0,-0.7421216368675232
7187187712.0,-0.7557976245880127
7188125184.0,-0.764048159122467
7189062656.0,-0.7701371312141418
7190000128.0,-0.7711802124977112
7190937600.0,-0.770795464515686
7191875072.0,-0.7650526165962219
7192812544.0,-0.7558823227882385
7193750016.0,-0.7429373860359192
7194687488.0,-0.727445662021637
7195624960.0,-0.7098320722579956
7196562432.0,-0.6881139278411865
7197499904.0,-0.6647871136665344
7198437376.0,-0.6393193602561951
7199374848.0,-0.6134173274040222
7200312320.0,-0.5855820775032043
7201249792.0,-0.5585890412330627
7202187264.0,-0.5321334600448608
7203125248.0,-0.5071537494659424
7204062720.0,-0.6303393840789795
7205000192.0,-0.6218755841255188
7205937664.0,-0.6168022155761719
7206875136.0,-0.6131448745727539
7207812608.0,-0.6127344369888306
7208750080.0,-0.6140314936637878
7209687552.0,-0.616786003112793
7210625024.0,-0.6237449049949646
7211562496.0,-0.6356926560401917
7212499968.0,-0.6491898894309998
7213437440.0,-0.666140615940094
7214374912.0,-0.6837843656539917
7215312384.0,-0.7046465873718262
7216249856.0,-0.7233384251594543
7217187328.0,-0.745349645614624
7218124800.0,-0.7650105953216553
7219062272.0,-0.7857922315597534
7219999744.0,-0.8056353330612183
7220937728.0,-0.8247027397155762
7221875200.0,-0.8438405990600586
7222812672.0,-0.8611754179000854
7223750144.0,-0.8768009543418884
7224687616.0,-0.8929473161697388
7225625088.0,-0.9050607681274414
7226562560.0,-0.9161295890808105
7227500032.0,-0.9245017766952515
7228437504.0,-0.9317526817321777
7229374976.0,-0.9363438487052917
7230312448.0,-0.9388567805290222
7231249920.0,-0.939782977104187
7232187392.0,-0.9382171630859375
7233124864.0,-0.9360439777374268
7234062336.0,-0.933709442615509
7234999808.0,-0.9307677745819092
7235937280.0,-0.9262343645095825
7236874752.0,-0.9227851629257202
7237812736.0,-0.9195538759231567
7238750208.0,-0.9162091016769409
7239687680.0,-0.9123833179473877
7240625152.0,-0.9084845185279846
7241562624.0,-0.9043927192687988
7242500096.0,-0.9020963311195374
7243437568.0,-0.8995946645736694
7244375040.0,-0.8991366624832153
7245312512.0,-0.8999638557434082
7246249984.0,-0.9014816880226135
7247187456.0,-0.9071229696273804
7248124928.0,-0.9123640060424805
7249062400.0,-0.9195823669433594
7249999872.0,-0.9288133978843689
7250937344.0,-0.9400470852851868
7251874816.0,-0.9522387385368347
7252812288.0,-0.9651907086372375
7253749760.0,-0.9782895445823669
7254687744.0,-0.9943241477012634
7255625216.0,-1.0098017454147339
7256562688.0,-1.0256352424621582
7257500160.0,-1.0424987077713013
7258437632.0,-1.0594406127929688
7259375104.0,-1.0755822658538818
7260312576.0,-1.0920802354812622
7261250048.0,-1.1092160940170288
7262187520.0,-1.122750163078308
7263124992.0,-1.1359645128250122
7264062464.0,-1.1647387742996216
7264999936.0,-1.1772656440734863
7265937408.0,-1.1912733316421509
7266874880.0,-1.2049695253372192
7267812352.0,-1.2168806791305542
7268749824.0,-1.2300682067871094
7269687296.0,-1.2431422472000122
7270624768.0,-1.2542649507522583
7271562752.0,-1.2641119956970215
7272500224.0,-1.2720215320587158
7273437696.0,-1.2806051969528198
7274375168.0,-1.2869068384170532
7275312640.0,-1.2922850847244263
7276250112.0,-1.2961549758911133
7277187584.0,-1.2984074354171753
7278125056.0,-1.2992913722991943
7279062528.0,-1.2958202362060547
7280000000.0,-1.2917813062667847
7280937472.0,-1.2848622798919678
7281874944.0,-1.2768017053604126
7282812416.0,-1.2643523216247559
7283749888.0,-1.25028657913208
7284687360.0,-1.2346590757369995
7285624832.0,-1.2179040908813477
7286562304.0,-1.1970549821853638
7287499776.0,-1.1757848262786865
7288437248.0,-1.1522128582000732
7289375232.0,-1.1271085739135742
7290312704.0,-1.0990370512008667
7291250176.0,-1.071075677871704
7292187648.0,-1.0397486686706543
7293125120.0,-1.0082868337631226
7294062592.0,-0.9757461547851562
7295000064.0,-0.9423587918281555
7295937536.0,-0.9067326784133911
7296875008.0,-0.8706982135772705
7297812480.0,-0.834922194480896
7298749952.0,-0.7992916107177734
7299687424.0,-0.7624772787094116
7300624896.0,-0.727436900138855
7301562368.0,-0.691430389881134
7302499840.0,-0.6567575335502625
7303437312.0,-0.6226668953895569
7304374784.0,-0.5888063907623291
7305312256.0,-0.5552725195884705
7306250240.0,-0.5235098600387573
7307187712.0,-0.4935916066169739
7308125184.0,-0.4639500677585602
7309062656.0,-0.43485572934150696
7310000128.0,-0.4078897535800934
7310937600.0,-0.38221946358680725
7311875072.0,-0.35761144757270813
7312812544.0,-0.3358449935913086
7313750016.0,-0.3188287615776062
7314687488.0,-0.3022681176662445
7315624960.0,-0.28763851523399353
7316562432.0,-0.27470535039901733
7317499904.0,-0.2631484866142273
7318437376.0,-0.25311172008514404
7319374848.0,-0.24538986384868622
7320312320.0,-0.23967213928699493
7321249792.0,-0.23585401475429535
7322187264.0,-0.23391608893871307
7323125248.0,-0.23419030010700226
7324062720.0,-0.39227187633514404
7325000192.0,-0.39034393429756165
7325937664.0,-0.3899918496608734
7326875136.0,-0.3923007845878601
7327812608.0,-0.3950672745704651
7328750080.0,-0.39803728461265564
7329687552.0,-0.40424224734306335
7330625024.0,-0.4112357497215271
7331562496.0,-0.4189487397670746
7332499968.0,-0.42729055881500244
7333437440.0,-0.4377679228782654
7334374912.0,-0.44746294617652893
7335312384.0,-0.45848071575164795
7336249856.0,-0.4684920012950897
7337187328.0,-0.4798007905483246
7338124800.0,-0.48944541811943054
7339062272.0,-0.49936386942863464
7340000256.0,-0.5078100562095642
7340937728.0,-0.5156311988830566
7341875200.0,-0.5224376916885376
7342812672.0,-0.5286059379577637
7343750144.0,-0.5330892205238342
7344687616.0,-0.5368637442588806
7345625088.0,-0.5396820306777954
7346562560.0,-0.5402119159698486
7347500032.0,-0.5399978756904602
7348437504.0,-0.5382347106933594
7349374976.0,-0.534632682800293
7350312448.0,-0.5297942757606506
7351249920.0,-0.5230574607849121
7352187392.0,-0.5163018107414246
7353124864.0,-0.507750928401947
7354062336.0,-0.4981587529182434
7354999808.0,-0.4879317879676819
7355937280.0,-0.476244181394577
7356874752.0,-0.46419817209243774
7357812736.0,-0.4516427516937256
7358750208.0,-0.4381161332130432
7359687680.0,-0.4246158301830292
7360625152.0,-0.4102872908115387
7361562624.0,-0.39727139472961426
7362500096.0,-0.3815997242927551
7363437568.0,-0.3667321503162384
7364375040.0,-0.34811344742774963
7365312512.0,-0.33003315329551697
7366249984.0,-0.3118991553783417
7367187456.0,-0.2939770221710205
7368124928.0,-0.2755982279777527
7369062400.0,-0.25786301493644714
7369999872.0,-0.23877714574337006
7370937344.0,-0.21970213949680328
7371874816.0,-0.2012813240289688
7372812288.0,-0.18247386813163757
7373749760.0,-0.1636008322238922
7374687744.0,-0.14452363550662994
7375625216.0,-0.12420102208852768
7376562688.0,-0.10539399087429047
7377500160.0,-0.08569775521755219
7378437632.0,-0.06411432474851608
7379375104.0,-0.04335968196392059
7380312576.0,-0.02142811380326748
7381250048.0,-0.0011085683945566416
7382187520.0,0.021556062623858452
7383124992.0,0.04329778626561165
7384062464.0,0.05614488944411278
7384999936.0,0.062451329082250595
7385937408.0,0.06849177181720734
7386874880.0,0.07472816109657288
7387812352.0,0.0798012763261795
7388749824.0,0.08558052033185959
7389687296.0,0.09089095890522003
7390624768.0,0.09558939933776855
7391562752.0,0.10035642981529236
7392500224.0,0.1057514175772667
7393437696.0,0.1105157732963562
7394375168.0,0.11657027900218964
7395312640.0,0.12244588136672974
7396250112.0,0.1291930079460144
7397187584.0,0.1353687196969986
7398125056.0,0.14283299446105957
7399062528.0,0.14946046471595764
7400000000.0,0.15737758576869965
7400937472.0,0.1644178032875061
7401874944.0,0.17109526693820953
7402812416.0,0.17950373888015747
7403749888.0,0.18504025042057037
7404687360.0,0.19143591821193695
7405624832.0,0.19699078798294067
7406562304.0,0.1998497098684311
7407499776.0,0.20114858448505402
7408437248.0,0.2011270970106125
7409375232.0,0.19952236115932465
7410312704.0,0.19511164724826813
7411250176.0,0.18893234431743622
7412187648.0,0.1795523464679718
7413125120.0,0.16841894388198853
7414062592.0,0.15345846116542816
7415000064.0,0.13727279007434845
7415937536.0,0.11877314746379852
7416875008.0,0.0981685146689415
7417812480.0,0.07638528198003769
7418749952.0,0.05251503735780716
7419687424.0,0.027589483186602592
7420624896.0,0.0029436717741191387
7421562368.0,-0.023250114172697067
7422499840.0,-0.04890802502632141
7423437312.0,-0.07460729777812958
7424374784.0,-0.09937262535095215
7425312256.0,-0.12505784630775452
7426250240.0,-0.14779064059257507
7427187712.0,-0.17026609182357788
7428125184.0,-0.19050829112529755
7429062656.0,-0.21014532446861267
7430000128.0,-0.22768059372901917
7430937600.0,-0.2437932789325714
7431875072.0,-0.2578517198562622
7432812544.0,-0.27121102809906006
7433750016.0,-0.2835369110107422
7434687488.0,-0.2933853566646576
7435624960.0,-0.3026435077190399
7436562432.0,-0.3099002242088318
7437499904.0,-0.31702277064323425
7438437376.0,-0.3229788839817047
7439374848.0,-0.3278381824493408
7440312320.0,-0.32969576120376587
7441249792.0,-0.3303602933883667
7442187264.0,-0.330406129360199
7443125248.0,-0.3297460079193115
7444062720.0,-0.10908178240060806
7445000192.0,-0.09020943939685822
7445937664.0,-0.07426587492227554
7446875136.0,-0.06171247363090515
7447812608.0,-0.04927528277039528
7448750080.0,-0.04052674025297165
7449687552.0,-0.03372891619801521
7450625024.0,-0.029826048761606216
7451562496.0,-0.02504102699458599
7452499968.0,-0.021874170750379562
7453437440.0,-0.01911807246506214
7454374912.0,-0.017733553424477577
7455312384.0,-0.015654325485229492
7456249856.0,-0.01378985121846199
7457187328.0,-0.011490567587316036
7458124800.0,-0.007792291697114706
7459062272.0,-0.004428137559443712
7459999744.0,0.00012295534543227404
7460937728.0,0.007355116307735443
7461875200.0,0.014312936924397945
7462812672.0,0.02111324667930603
7463750144.0,0.03019086830317974
7464687616.0,0.03999893739819527
7465625088.0,0.050262924283742905
7466562560.0,0.06015836447477341
7467500032.0,0.07132239639759064
7468437504.0,0.08389290422201157
7469374976.0,0.09581208229064941
7470312448.0,0.10781919956207275
7471249920.0,0.12017466872930527
7472187392.0,0.1321733444929123
7473124864.0,0.14299774169921875
7474062336.0,0.15434497594833374
7474999808.0,0.1650100201368332
7475937280.0,0.17401808500289917
7476874752.0,0.18311075866222382
7477812736.0,0.1897665113210678
7478750208.0,0.19547171890735626
7479687680.0,0.1998043954372406
7480625152.0,0.20387409627437592
7481562624.0,0.20491939783096313
7482500096.0,0.20562177896499634
7483437568.0,0.20387713611125946
7484375040.0,0.20081591606140137
7485312512.0,0.19628018140792847
7486249984.0,0.19083291292190552
7487187456.0,0.18328480422496796
7488124928.0,0.17507797479629517
7489062400.0,0.16391626000404358
7489999872.0,0.15304043889045715
7490937344.0,0.14020484685897827
7491874816.0,0.12412188947200775
7492812288.0,0.10683877766132355
7493749760.0,0.09009501338005066
7494687744.0,0.07202472537755966
7495625216.0,0.05337716266512871
7496562688.0,0.034595608711242676
7497500160.0,0.01605653017759323
7498437632.0,-0.002915231743827462
7499375104.0,-0.01999872550368309
7500312576.0,-0.03879036009311676
7501250048.0,-0.05584022030234337
7502187520.0,-0.07090558856725693
7503124992.0,-0.0856986865401268
7504062464.0,-0.06843555718660355
7504999936.0,-0.07823681831359863
7505937408.0,-0.08841056376695633
7506874880.0,-0.09813481569290161
7507812352.0,-0.10710406303405762
7508749824.0,-0.11574310064315796
7509687296.0,-0.12285685539245605
7510624768.0,-0.13150911033153534
7511562752.0,-0.13879603147506714
7512500224.0,-0.1450091302394867
7513437696.0,-0.15144582092761993
7514375168.0,-0.15705440938472748
7515312640.0,-0.16090786457061768
7516250112.0,-0.1642225831747055
7517187584.0,-0.1681707352399826
7518125056.0,-0.17141547799110413
7519062528.0,-0.1738114356994629
7520000000.0,-0.17420123517513275
7520937472.0,-0.17371419072151184
7521874944.0,-0.17301025986671448
7522812416.0,-0.1706116646528244
7523749888.0,-0.16639670729637146
7524687360.0,-0.1628081202507019
7525624832.0,-0.15684260427951813
7526562304.0,-0.15202702581882477
7527499776.0,-0.1439080387353897
7528437248.0,-0.13559360802173615
7529375232.0,-0.12703749537467957
7530312704.0,-0.11676426231861115
7531250176.0,-0.10691166669130325
7532187648.0,-0.09364563971757889
7533125120.0,-0.08209449052810669
7534062592.0,-0.06924984604120255
7535000064.0,-0.055229660123586655
7535937536.0,-0.04020758345723152
7536875008.0,-0.024556921795010567
7537812480.0,-0.008308031596243382
7538749952.0,0.008689001202583313
7539687424.0,0.02546917460858822
7540624896.0,0.04329000040888786
7541562368.0,0.06037047505378723
7542499840.0,0.08138077706098557
7543437312.0,0.10213012248277664
7544374784.0,0.12301480770111084
7545312256.0,0.14291635155677795
7546250240.0,0.16433078050613403
7547187712.0,0.18483474850654602
7548125184.0,0.20573106408119202
7549062656.0,0.22600716352462769
7550000128.0,0.24601060152053833
7550937600.0,0.26548632979393005
7551875072.0,0.284493088722229
7552812544.0,0.3033229112625122
7553750016.0,0.32106757164001465
7554687488.0,0.33811718225479126
7555624960.0,0.35462167859077454
7556562432.0,0.36894264817237854
7557499904.0,0.38308361172676086
7558437376.0,0.3949948847293854
7559374848.0,0.4054129421710968
7560312320.0,0.41457852721214294
7561249792.0,0.42130428552627563
7562187264.0,0.42665261030197144
7563125248.0,0.4295496642589569
7564062720.0,0.21076640486717224
7565000192.0,0.20969514548778534
7565937664.0,0.20821969211101532
7566875136.0,0.20547722280025482
7567812608.0,0.20271402597427368
7568750080.0,0.19999028742313385
7569687552.0,0.19626261293888092
7570625024.0,0.19139094650745392
7571562496.0,0.18421006202697754
7572499968.0,0.1775471717119217
7573437440.0,0.16980613768100739
7574374912.0,0.16040441393852234
7575312384.0,0.15066206455230713
7576249856.0,0.13951794803142548
7577187328.0,0.1263473927974701
7578124800.0,0.112176313996315
7579062272.0,0.09772679209709167
7580000256.0,0.0822419747710228
7580937728.0,0.06484872102737427
7581875200.0,0.048494357615709305
7582812672.0,0.029826734215021133
7583750144.0,0.010924717411398888
7584687616.0,-0.007735187653452158
7585625088.0,-0.027177099138498306
7586562560.0,-0.04673494026064873
7587500032.0,-0.06726092100143433
7588437504.0,-0.08713702112436295
7589374976.0,-0.10756425559520721
7590312448.0,-0.1276819109916687
7591249920.0,-0.1468581259250641
7592187392.0,-0.16646088659763336
7593124864.0,-0.1863098293542862
7594062336.0,-0.2030607908964157
7594999808.0,-0.2202218919992447
7595937280.0,-0.23620609939098358
7596874752.0,-0.25023728609085083
7597812736.0,-0.2648480236530304
7598750208.0,-0.2750122845172882
7599687680.0,-0.28550317883491516
7600625152.0,-0.2937277555465698
7601562624.0,-0.30053550004959106
7602500096.0,-0.30579763650894165
7603437568.0,-0.30885544419288635
7604375040.0,-0.3099669814109802
7605312512.0,-0.30922752618789673
7606249984.0,-0.3073386251926422
7607187456.0,-0.30180880427360535
7608124928.0,-0.29569295048713684
7609062400.0,-0.2869996428489685
7609999872.0,-0.27657395601272583
7610937344.0,-0.26445484161376953
7611874816.0,-0.2492058277130127
7612812288.0,-0.23435313999652863
7613749760.0,-0.21455568075180054
7614687744.0,-0.1950182169675827
7615625216.0,-0.17389532923698425
7616562688.0,-0.15070027112960815
7617500160.0,-0.1264001429080963
7618437632.0,-0.10203541815280914
7619375104.0,-0.07451076805591583
7620312576.0,-0.04680165275931358
7621250048.0,-0.019228899851441383
7622187520.0,0.0095244525000453
7623124992.0,0.03699050843715668
7624062464.0,0.0650358572602272
7624999936.0,0.0919133722782135
7625937408.0,0.11811770498752594
7626874880.0,0.1449011117219925
7627812352.0,0.16969344019889832
7628749824.0,0.19401372969150543
7629687296.0,0.21510380506515503
7630624768.0,0.23621825873851776
7631562752.0,0.2555156648159027
7632500224.0,0.27322521805763245
7633437696.0,0.28881436586380005
7634375168.0,0.30299365520477295
7635312640.0,0.31469860672950745
7636250112.0,0.3239942789077759
7637187584.0,0.33321860432624817
7638125056.0,0.33898690342903137
7639062528.0,0.3421206772327423
7640000000.0,0.34438610076904297
7640937472.0,0.34420135617256165
7641874944.0,0.34166470170021057
7642812416.0,0.33751431107521057
7643749888.0,0.3324703872203827
7644687360.0,0.3252449929714203
7645624832.0,0.31688088178634644
7646562304.0,0.3062480688095093
7647499776.0,0.2945078909397125
7648437248.0,0.28020983934402466
7649375232.0,0.2645193636417389
7650312704.0,0.2475847601890564
7651250176.0,0.23010365664958954
7652187648.0,0.21058639883995056
7653125120.0,0.19060254096984863
7654062592.0,0.16874846816062927
7655000064.0,0.14625784754753113
7655937536.0,0.12224863469600677
7656875008.0,0.09763941913843155
7657812480.0,0.07282990217208862
7658749952.0,0.047087300568819046
7659687424.0,0.019964484497904778
7660624896.0,-0.005643272306770086
7661562368.0,-0.031988099217414856
7662499840.0,-0.05876753106713295
7663437312.0,-0.0846453458070755
7664374784.0,-0.1103227436542511
7665312256.0,-0.13526679575443268
7666250240.0,-0.15899503231048584
7667187712.0,-0.18304258584976196
7668125184.0,-0.20424194633960724
7669062656.0,-0.2243870347738266
7670000128.0,-0.24367068707942963
7670937600.0,-0.26096558570861816
7671875072.0,-0.27654701471328735
7672812544.0,-0.29132285714149475
7673750016.0,-0.30149418115615845
7674687488.0,-0.3114235997200012
7675624960.0,-0.3183501660823822
7676562432.0,-0.32138898968696594
7677499904.0,-0.3235242962837219
7678437376.0,-0.3225131630897522
7679374848.0,-0.3194863200187683
7680312320.0,-0.3145501911640167
7681249792.0,-0.30584436655044556
7682187264.0,-0.29616016149520874
7683125248.0,-0.2827427089214325
7684062720.0,-0.26002731919288635
7685000192.0,-0.25063207745552063
7685937664.0,-0.2386614829301834
7686875136.0,-0.22550420463085175
7687812608.0,-0.21119099855422974
7688750080.0,-0.1936492919921875
7689687552.0,-0.17754870653152466
7690625024.0,-0.15933915972709656
7691562496.0,-0.13960064947605133
7692499968.0,-0.12014541029930115
7693437440.0,-0.10019075125455856
7694374912.0,-0.07855754345655441
7695312384.0,-0.0608137845993042
7696249856.0,-0.043033257126808167
7697187328.0,-0.025242216885089874
7698124800.0,-0.006428187713027
7699062272.0,0.011443150229752064
7699999744.0,0.029119189828634262
7700937728.0,0.04525335878133774
7701875200.0,0.06153377518057823
7702812672.0,0.076652392745018
7703750144.0,0.09120915830135345
7704687616.0,0.10535469651222229
7705625088.0,0.11816428601741791
7706562560.0,0.13044409453868866
7707500032.0,0.14153388142585754
7708437504.0,0.1533035933971405
7709374976.0,0.16340427100658417
7710312448.0,0.17335188388824463
7711249920.0,0.18168587982654572
7712187392.0,0.19025708734989166
7713124864.0,0.1976422518491745
7714062336.0,0.2054274082183838
7714999808.0,0.2124638855457306
7715937280.0,0.21832554042339325
7716874752.0,0.22520269453525543
7717812736.0,0.2307649850845337
7718750208.0,0.23640605807304382
7719687680.0,0.2419022172689438
7720625152.0,0.2453370988368988
7721562624.0,0.2486637979745865
7722500096.0,0.2515442669391632
7723437568.0,0.25313809514045715
7724375040.0,0.25456011295318604
7725312512.0,0.2548729181289673
7726249984.0,0.2551303207874298
7727187456.0,0.2523144483566284
7728124928.0,0.25010937452316284
7729062400.0,0.24684907495975494
7729999872.0,0.24225865304470062
7730937344.0,0.23423461616039276
7731874816.0,0.22713600099086761
7732812288.0,0.21865099668502808
7733749760.0,0.20768001675605774
7734687744.0,0.19572435319423676
7735625216.0,0.18222345411777496
7736562688.0,0.16670241951942444
7737500160.0,0.1500304937362671
7738437632.0,0.13229896128177643
7739375104.0,0.11309941858053207
7740312576.0,0.09266418218612671
7741250048.0,0.07037096470594406
7742187520.0,0.04747319594025612
7743124992.0,0.023325204849243164
7744062464.0,-0.01637338660657406
7744999936.0,-0.019580909982323647
7745937408.0,-0.02536887489259243
7746874880.0,-0.031431421637535095
7747812352.0,-0.03958463668823242
7748749824.0,-0.047838326543569565
7749687296.0,-0.05747167021036148
7750624768.0,-0.07009883224964142
7751562752.0,-0.08258135616779327
7752500224.0,-0.09650757163763046
7753437696.0,-0.11146969348192215
7754375168.0,-0.12776640057563782
7755312640.0,-0.14411015808582306
7756250112.0,-0.16201108694076538
7757187584.0,-0.18067403137683868
7758125056.0,-0.19884362816810608
7759062528.0,-0.21830542385578156
7760000000.0,-0.23752140998840332
7760937472.0,-0.2565377354621887
7761874944.0,-0.27478843927383423
7762812416.0,-0.29337579011917114
7763749888.0,-0.3110244572162628
7764687360.0,-0.32719728350639343
7765624832.0,-0.3436417579650879
7766562304.0,-0.35708940029144287
7767499776.0,-0.37135180830955505
7768437248.0,-0.3817693591117859
7769375232.0,-0.391078919172287
7770312704.0,-0.39943423867225647
7771250176.0,-0.40527600049972534
7772187648.0,-0.41010361909866333
7773125120.0,-0.4131563603878021
7774062592.0,-0.412599116563797
7775000064.0,-0.4103809893131256
7775937536.0,-0.40576794743537903
7776875008.0,-0.39886364340782166
7777812480.0,-0.3895394504070282
7778749952.0,-0.37745577096939087
7779687424.0,-0.3632166087627411
7780624896.0,-0.3454688787460327
7781562368.0,-0.3267468512058258
7782499840.0,-0.30627381801605225
7783437312.0,-0.28259217739105225
7784374784.0,-0.2579595744609833
7785312256.0,-0.23140645027160645
7786250240.0,-0.20285382866859436
7787187712.0,-0.17280688881874084
7788125184.0,-0.14052529633045197
7789062656.0,-0.10879269242286682
7790000128.0,-0.07580358535051346
7790937600.0,-0.041700493544340134
7791875072.0,-0.0075319488532841206
7792812544.0,0.02611921913921833
7793750016.0,0.0592985600233078
7794687488.0,0.0937250405550003
7795624960.0,0.12613043189048767
7796562432.0,0.15841802954673767
7797499904.0,0.18922604620456696
7798437376.0,0.21878618001937866
7799374848.0,0.24688518047332764
7800312320.0,0.2724182605743408
7801249792.0,0.2956392765045166
7802187264.0,0.31728681921958923
7803125248.0,0.3374555706977844
7804062720.0,0.16712431609630585
7805000192.0,0.17940638959407806
7805937664.0,0.1896921992301941
7806875136.0,0.19840389490127563
7807812608.0,0.20524728298187256
7808750080.0,0.2097979187965393
7809687552.0,0.2138267308473587
7810625024.0,0.21542316675186157
7811562496.0,0.21472306549549103
7812499968.0,0.21186237037181854
7813437440.0,0.20610129833221436
7814374912.0,0.1978500783443451
7815312384.0,0.18769921362400055
7816249856.0,0.17513176798820496
7817187328.0,0.1606927514076233
7818124800.0,0.14367136359214783
7819062272.0,0.12501229345798492
7820000256.0,0.10354412347078323
7820937728.0,0.08145634084939957
7821875200.0,0.05847492814064026
7822812672.0,0.0344296470284462
7823750144.0,0.008998784236609936
7824687616.0,-0.016138268634676933
7825625088.0,-0.04356996715068817
7826562560.0,-0.07102998346090317
7827500032.0,-0.10087801516056061
7828437504.0,-0.12878988683223724
7829374976.0,-0.15643636882305145
7830312448.0,-0.1851092129945755
7831249920.0,-0.2125144749879837
7832187392.0,-0.24066464602947235
7833124864.0,-0.2675451338291168
7834062336.0,-0.29264432191848755
7834999808.0,-0.3176587224006653
7835937280.0,-0.34025365114212036
7836874752.0,-0.36135441064834595
7837812736.0,-0.3813866078853607
7838750208.0,-0.3987807333469391
7839687680.0,-0.4155069887638092
7840625152.0,-0.43009939789772034
7841562624.0,-0.4424649178981781
7842500096.0,-0.4530879259109497
7843437568.0,-0.460789293050766
7844375040.0,-0.46668192744255066
7845312512.0,-0.47121462225914
7846249984.0,-0.4732734262943268
7847187456.0,-0.47330376505851746
7848124928.0,-0.467648446559906
7849062400.0,-0.4614308476448059
7849999872.0,-0.4528622031211853
7850937344.0,-0.44233715534210205
7851874816.0,-0.43107444047927856
7852812288.0,-0.4180867671966553
7853749760.0,-0.40459486842155457
7854687744.0,-0.391091525554657
7855625216.0,-0.37546736001968384
7856562688.0,-0.35878077149391174
7857500160.0,-0.3418833613395691
7858437632.0,-0.3227555453777313
7859375104.0,-0.305083304643631
7860312576.0,-0.28525516390800476
7861250048.0,-0.26767200231552124
7862187520.0,-0.24916306138038635
7863124992.0,-0.2290608137845993
7864062464.0,-0.2112921178340912
7864999936.0,-0.19321678578853607
7865937408.0,-0.17642582952976227
7866874880.0,-0.15821677446365356
7867812352.0,-0.13917995989322662
7868749824.0,-0.1209481880068779
7869687296.0,-0.10287679731845856
7870624768.0,-0.08543834090232849
7871562752.0,-0.06772235780954361
7872500224.0,-0.050135351717472076
7873437696.0,-0.03317687287926674
7874375168.0,-0.015306058339774609
7875312640.0,-0.0004387960652820766
7876250112.0,0.015054119750857353
7877187584.0,0.028682392090559006
7878125056.0,0.039743319153785706
7879062528.0,0.05073344334959984
7880000000.0,0.059123385697603226
7880937472.0,0.06571955978870392
7881874944.0,0.07023204863071442
7882812416.0,0.07154025137424469
7883749888.0,0.07150514423847198
7884687360.0,0.06735419481992722
7885624832.0,0.060163769870996475
7886562304.0,0.05175386369228363
7887499776.0,0.04058843106031418
7888437248.0,0.02607944793999195
7889375232.0,0.009160316549241543
7890312704.0,-0.009336316958069801
7891250176.0,-0.02987532503902912
7892187648.0,-0.05247838422656059
7893125120.0,-0.07676238566637039
7894062592.0,-0.1022411659359932
7895000064.0,-0.1289185732603073
7895937536.0,-0.15534909069538116
7896875008.0,-0.1842377632856369
7897812480.0,-0.2108866274356842
7898749952.0,-0.24049673974514008
7899687424.0,-0.2691633701324463
7900624896.0,-0.2964402437210083
7901562368.0,-0.32598569989204407
7902499840.0,-0.35303452610969543
7903437312.0,-0.37890055775642395
7904374784.0,-0.40455684065818787
7905312256.0,-0.4290081858634949
7906250240.0,-0.45135554671287537
7907187712.0,-0.4728720486164093
7908125184.0,-0.49323946237564087
7909062656.0,-0.5133204460144043
7910000128.0,-0.5331220030784607
7910937600.0,-0.5511982440948486
7911875072.0,-0.5690731406211853
7912812544.0,-0.5874106884002686
7913750016.0,-0.6052142977714539
7914687488.0,-0.6235912442207336
7915624960.0,-0.6407015323638916
7916562432.0,-0.6576851010322571
7917499904.0,-0.6779736280441284
7918437376.0,-0.696645200252533
7919374848.0,-0.7150026559829712
7920312320.0,-0.7353678941726685
7921249792.0,-0.7553266882896423
7922187264.0,-0.7762800455093384
7923125248.0,-0.7974462509155273
7924062720.0,-0.8360897898674011
7925000192.0,-0.8417881727218628
7925937664.0,-0.8460621237754822
7926875136.0,-0.8498693704605103
7927812608.0,-0.8543263673782349
7928750080.0,-0.8571953177452087
7929687552.0,-0.86110919713974
7930625024.0,-0.8651993274688721
7931562496.0,-0.8672717809677124
7932499968.0,-0.8702787756919861
7933437440.0,-0.8721478581428528
7934374912.0,-0.873130202293396
7935312384.0,-0.8735771775245667
7936249856.0,-0.8723700046539307
7937187328.0,-0.870880126953125
7938124800.0,-0.8667547106742859
7939062272.0,-0.8632978200912476
7939999744.0,-0.8580436706542969
7940937728.0,-0.8518655896186829
7941875200.0,-0.8440157175064087
7942812672.0,-0.8338935375213623
7943750144.0,-0.8222649097442627
7944687616.0,-0.8102447986602783
7945625088.0,-0.7946382164955139
7946562560.0,-0.7792361378669739
7947500032.0,-0.7610087990760803
7948437504.0,-0.741365373134613
7949374976.0,-0.7221145033836365
7950312448.0,-0.7001428008079529
7951249920.0,-0.6784939765930176
7952187392.0,-0.6553946733474731
7953124864.0,-0.6306652426719666
7954062336.0,-0.6055763363838196
7954999808.0,-0.5794420838356018
7955937280.0,-0.5524222254753113
7956874752.0,-0.5248019099235535
7957812736.0,-0.49793174862861633
7958750208.0,-0.4693073630332947
7959687680.0,-0.44128066301345825
7960625152.0,-0.4137212038040161
7961562624.0,-0.38714882731437683
7962500096.0,-0.3591495454311371
7963437568.0,-0.3329712748527527
7964375040.0,-0.30685874819755554
7965312512.0,-0.2820671498775482
7966249984.0,-0.25727877020835876
7967187456.0,-0.23426707088947296
7968124928.0,-0.2129494994878769
7969062400.0,-0.19125968217849731
7969999872.0,-0.17326505482196808
7970937344.0,-0.15602485835552216
7971874816.0,-0.1417459100484848
7972812288.0,-0.12746913731098175
7973749760.0,-0.11612541973590851
7974687744.0,-0.10655524581670761
7975625216.0,-0.09965843707323074
7976562688.0,-0.09517181664705276
7977500160.0,-0.09202640503644943
7978437632.0,-0.09180321544408798
7979375104.0,-0.09226084500551224
7980312576.0,-0.0950389951467514
7981250048.0,-0.09943000227212906
7982187520.0,-0.10591334849596024
7983124992.0,-0.1129070296883583
7984062464.0,-0.23526312410831451
7984999936.0,-0.23749326169490814
7985937408.0,-0.2402309626340866
7986874880.0,-0.24376028776168823
7987812352.0,-0.24747873842716217
7988749824.0,-0.25300920009613037
7989687296.0,-0.2585051655769348
7990624768.0,-0.2648305892944336
7991562752.0,-0.27217236161231995
7992500224.0,-0.27931874990463257
7993437696.0,-0.2873307764530182
7994375168.0,-0.29627761244773865
7995312640.0,-0.30520302057266235
7996250112.0,-0.3148602545261383
7997187584.0,-0.3246970474720001
7998125056.0,-0.3343585133552551
7999062528.0,-0.34475085139274597
8000000000.0,-0.3529735505580902
