Frequency (Hz),Measurement
2000000000.0,0.19271381199359894
2000937472.0,0.1849832534790039
2001874944.0,0.17660564184188843
2002812544.0,0.167059987783432
2003750016.0,0.1579424887895584
2004687488.0,0.14819668233394623
2005624960.0,0.1368981897830963
2006562560.0,0.1245083212852478
2007500032.0,0.11264733970165253
2008437504.0,0.09937354922294617
2009374976.0,0.08628565818071365
2010312448.0,0.07330591976642609
2011250048.0,0.059131551533937454
2012187520.0,0.044748175889253616
2013124992.0,0.030953017994761467
2014062464.0,0.01661456935107708
2015000064.0,0.0015518508153036237
2015937536.0,-0.012983272783458233
2016875008.0,-0.02639324590563774
2017812480.0,-0.0392313078045845
2018749952.0,-0.05151901766657829
2019687552.0,-0.06376936286687851
2020625024.0,-0.0739414393901825
2021562496.0,-0.08415541052818298
2022499968.0,-0.09308882057666779
2023437440.0,-0.10044417530298233
2024375040.0,-0.1069093868136406
2025312512.0,-0.11092378199100494
2026249984.0,-0.11372490227222443
2027187456.0,-0.11517476290464401
2028125056.0,-0.11546427011489868
2029062528.0,-0.1141018196940422
2030000000.0,-0.11075339466333389
2030937472.0,-0.10522636026144028
2031874944.0,-0.09875353425741196
2032812544.0,-0.09217213839292526
2033750016.0,-0.08264323323965073
2034687488.0,-0.07261738181114197
2035624960.0,-0.061310768127441406
2036562560.0,-0.04835197329521179
2037500032.0,-0.03644373640418053
2038437504.0,-0.022317005321383476
2039374976.0,-0.008932903409004211
2040312448.0,0.005712422076612711
2041250048.0,0.01992177404463291
2042187520.0,0.033990804105997086
2043124992.0,0.04819590598344803
2044062464.0,0.06246138736605644
2044999936.0,0.0750231072306633
2045937536.0,0.08747792989015579
2046875008.0,0.09916595369577408
2047812480.0,0.11008662730455399
2048749952.0,0.10795661062002182
2049687552.0,0.11795446276664734
2050625024.0,0.12436719983816147
2051562496.0,0.13008764386177063
2052499968.0,0.13430947065353394
2053437440.0,0.13730503618717194
2054375040.0,0.13690690696239471
2055312512.0,0.13490000367164612
2056249984.0,0.13084642589092255
2057187456.0,0.12470309436321259
2058125056.0,0.11608081310987473
2059062528.0,0.10588167607784271
2060000000.0,0.0947992354631424
2060937472.0,0.08097196370363235
2061874944.0,0.06613189727067947
2062812544.0,0.05058550089597702
2063750016.0,0.03442716971039772
2064687488.0,0.016458677127957344
2065624960.0,-0.0011588202323764563
2066562560.0,-0.01910373754799366
2067500032.0,-0.03662431985139847
2068437504.0,-0.052261680364608765
2069374976.0,-0.068111352622509
2070312448.0,-0.08249422162771225
2071250048.0,-0.09634171426296234
2072187520.0,-0.10750526189804077
2073124992.0,-0.11628007888793945
2074062464.0,-0.12520869076251984
2075000064.0,-0.13089296221733093
2075937536.0,-0.13392484188079834
2076875008.0,-0.13579148054122925
2077812480.0,-0.13443529605865479
2078749952.0,-0.13258269429206848
2079687552.0,-0.12780651450157166
2080625024.0,-0.12241154164075851
2081562496.0,-0.11492855846881866
2082499968.0,-0.10521520674228668
2083437440.0,-0.09588673710823059
2084375040.0,-0.08457999676465988
2085312512.0,-0.0722954049706459
2086249984.0,-0.06074240431189537
2087187456.0,-0.04772056266665459
2088125056.0,-0.03553523123264313
2089062528.0,-0.023188672959804535
2090000000.0,-0.012227020226418972
2090937472.0,-0.0006032019155099988
2091874944.0,0.009872757829725742
2092812544.0,0.01972866803407669
2093750016.0,0.02824498899281025
2094687488.0,0.03692913055419922
2095624960.0,0.04465901479125023
2096562560.0,0.05099162831902504
2097500032.0,0.057110998779535294
2098437504.0,0.062125030905008316
2099374976.0,0.06635584682226181
2100312448.0,0.07101312279701233
2101250048.0,0.07586266100406647
2102187520.0,0.08012167364358902
2103124992.0,0.08397778868675232
2104062464.0,0.08768779784440994
2104999936.0,0.09224666655063629
2105937536.0,0.09695606678724289
2106875008.0,0.10191328823566437
2107812480.0,0.10689330101013184
2108749952.0,0.1376679688692093
2109687552.0,0.14382143318653107
2110625024.0,0.14875143766403198
2111562496.0,0.1541517972946167
2112499968.0,0.15826262533664703
2113437440.0,0.16088660061359406
2114375040.0,0.16279977560043335
2115312512.0,0.16355589032173157
2116249984.0,0.16364240646362305
2117187456.0,0.16163133084774017
2118125056.0,0.15790356695652008
2119062528.0,0.15334585309028625
2120000000.0,0.14699316024780273
2120937472.0,0.14032790064811707
2121874944.0,0.1324058473110199
2122812544.0,0.12244927883148193
2123750016.0,0.11131554841995239
2124687488.0,0.09971778839826584
2125624960.0,0.08828108757734299
2126562560.0,0.07551810890436172
2127500032.0,0.06266579777002335
2128437504.0,0.04849550127983093
2129374976.0,0.03506050631403923
2130312448.0,0.02120092511177063
2131250048.0,0.008339936845004559
2132187520.0,-0.004910336807370186
2133124992.0,-0.016513532027602196
2134062464.0,-0.02880173921585083
2135000064.0,-0.038093097507953644
2135937536.0,-0.048332784324884415
2136875008.0,-0.056771546602249146
2137812480.0,-0.0628047063946724
2138749952.0,-0.06932853162288666
2139687552.0,-0.0734306275844574
2140625024.0,-0.07552365958690643
2141562496.0,-0.07736707478761673
2142499968.0,-0.0768517404794693
2143437440.0,-0.07577626407146454
2144375040.0,-0.07211077213287354
2145312512.0,-0.0678425058722496
2146249984.0,-0.06277347356081009
2147187456.0,-0.0568833164870739
2148124928.0,-0.05037977173924446
2149062400.0,-0.04153609275817871
2150000128.0,-0.03292562812566757
2150937600.0,-0.023693444207310677
2151875072.0,-0.014715103432536125
2152812544.0,-0.005267704371362925
2153750016.0,0.004163098521530628
2154687488.0,0.01369659323245287
2155624960.0,0.023576075211167336
2156562432.0,0.03128139302134514
2157499904.0,0.03951217234134674
2158437376.0,0.047482457011938095
2159375104.0,0.05357895791530609
2160312576.0,0.058944907039403915
2161250048.0,0.06536868959665298
2162187520.0,0.06986378133296967
2163124992.0,0.07445728033781052
2164062464.0,0.07728490978479385
2164999936.0,0.08037868142127991
2165937408.0,0.0836792141199112
2166874880.0,0.08420947194099426
2167812608.0,0.08651185780763626
2168750080.0,0.1590336263179779
2169687552.0,0.16107498109340668
2170625024.0,0.15998272597789764
2171562496.0,0.15822823345661163
2172499968.0,0.1535167545080185
2173437440.0,0.14930514991283417
2174374912.0,0.14200298488140106
2175312384.0,0.1337321698665619
2176250112.0,0.12506546080112457
2177187584.0,0.11487448960542679
2178125056.0,0.10382455587387085
2179062528.0,0.0914856567978859
2180000000.0,0.07796985656023026
2180937472.0,0.06456422060728073
2181874944.0,0.05063801258802414
2182812416.0,0.0375845693051815
2183749888.0,0.024067102000117302
2184687616.0,0.009978190064430237
2185625088.0,-0.0027397347148507833
2186562560.0,-0.01581253670156002
2187500032.0,-0.027857983484864235
2188437504.0,-0.039537664502859116
2189374976.0,-0.05130928382277489
2190312448.0,-0.06221064180135727
2191249920.0,-0.07197149097919464
2192187392.0,-0.08121931552886963
2193125120.0,-0.08905036002397537
2194062592.0,-0.09701184928417206
2195000064.0,-0.10301412642002106
2195937536.0,-0.10843301564455032
2196875008.0,-0.11317762732505798
2197812480.0,-0.11634751409292221
2198749952.0,-0.1193859875202179
2199687424.0,-0.1217336505651474
2200624896.0,-0.12275184690952301
2201562624.0,-0.12162464112043381
2202500096.0,-0.12203555554151535
2203437568.0,-0.12059487402439117
2204375040.0,-0.11819623410701752
2205312512.0,-0.11617540568113327
2206249984.0,-0.11350201070308685
2207187456.0,-0.10954825580120087
2208124928.0,-0.10546290874481201
2209062400.0,-0.10226984322071075
2209999872.0,-0.09665186703205109
2210937600.0,-0.0918189212679863
2211875072.0,-0.08444251120090485
2212812544.0,-0.07826416194438934
2213750016.0,-0.07124308496713638
2214687488.0,-0.06314519792795181
2215624960.0,-0.05681581050157547
2216562432.0,-0.0490051694214344
2217499904.0,-0.040998782962560654
2218437376.0,-0.03283325582742691
2219375104.0,-0.02483668550848961
2220312576.0,-0.0151738366112113
2221250048.0,-0.005922197829931974
2222187520.0,0.00338603719137609
2223124992.0,0.013217568397521973
2224062464.0,0.023172978311777115
2224999936.0,0.032914016395807266
2225937408.0,0.043759144842624664
2226874880.0,0.0529480054974556
2227812608.0,0.0634324923157692
2228750080.0,0.06941551715135574
2229687552.0,0.0788649320602417
2230625024.0,0.08701082319021225
2231562496.0,0.09516539424657822
2232499968.0,0.10207188129425049
2233437440.0,0.10738280415534973
2234374912.0,0.11304706335067749
2235312384.0,0.11645257472991943
2236250112.0,0.11883066594600677
2237187584.0,0.11875467747449875
2238125056.0,0.1163710206747055
2239062528.0,0.11272194981575012
2240000000.0,0.10873975604772568
2240937472.0,0.1012173444032669
2241874944.0,0.09420926868915558
2242812416.0,0.08420991897583008
2243749888.0,0.07431453466415405
2244687616.0,0.0632254034280777
2245625088.0,0.051692355424165726
2246562560.0,0.038784660398960114
2247500032.0,0.025600001215934753
2248437504.0,0.01074666902422905
2249374976.0,-0.004375351592898369
2250312448.0,-0.020388387143611908
2251249920.0,-0.03836386278271675
2252187392.0,-0.05558877810835838
2253125120.0,-0.07533345371484756
2254062592.0,-0.0932050347328186
2255000064.0,-0.11266224086284637
2255937536.0,-0.13225993514060974
2256875008.0,-0.15155628323554993
2257812480.0,-0.17063595354557037
2258749952.0,-0.19113534688949585
2259687424.0,-0.210663303732872
2260624896.0,-0.22884666919708252
2261562624.0,-0.24803030490875244
2262500096.0,-0.26580482721328735
2263437568.0,-0.2828359305858612
2264375040.0,-0.29751190543174744
2265312512.0,-0.31144842505455017
2266249984.0,-0.3255043923854828
2267187456.0,-0.3377310037612915
2268124928.0,-0.34891337156295776
2269062400.0,-0.3587833344936371
2270000128.0,-0.3672141432762146
2270937600.0,-0.37308526039123535
2271875072.0,-0.3785005509853363
2272812544.0,-0.3818724453449249
2273750016.0,-0.3845047354698181
2274687488.0,-0.3847895860671997
2275624960.0,-0.38492512702941895
2276562432.0,-0.38236743211746216
2277499904.0,-0.3786945044994354
2278437376.0,-0.37412694096565247
2279375104.0,-0.3672550618648529
2280312576.0,-0.3609984219074249
2281250048.0,-0.3518497049808502
2282187520.0,-0.3430168032646179
2283124992.0,-0.3340021073818207
2284062464.0,-0.3222735822200775
2284999936.0,-0.3127109706401825
2285937408.0,-0.3016785681247711
2286874880.0,-0.2912375032901764
2287812608.0,-0.28168749809265137
2288750080.0,-0.2949926257133484
2289687552.0,-0.2985576391220093
2290625024.0,-0.3005295395851135
2291562496.0,-0.304655522108078
2292499968.0,-0.3074553310871124
2293437440.0,-0.31164437532424927
2294374912.0,-0.31645283102989197
2295312384.0,-0.32238703966140747
2296250112.0,-0.3276608884334564
2297187584.0,-0.3362787067890167
2298125056.0,-0.3452404737472534
2299062528.0,-0.3556203842163086
2300000000.0,-0.3683415949344635
2300937472.0,-0.3824353814125061
2301874944.0,-0.39770016074180603
2302812416.0,-0.41572830080986023
2303749888.0,-0.43524491786956787
2304687616.0,-0.45719072222709656
2305625088.0,-0.4830261468887329
2306562560.0,-0.5107182860374451
2307500032.0,-0.5414571166038513
2308437504.0,-0.5736421942710876
2309374976.0,-0.6061833500862122
2310312448.0,-0.6329425573348999
2311249920.0,-0.6611158847808838
2312187392.0,-0.6902403235435486
2313125120.0,-0.7205801010131836
2314062592.0,-0.7527803778648376
2315000064.0,-0.7851802706718445
2315937536.0,-0.8196999430656433
2316875008.0,-0.8545925617218018
2317812480.0,-0.8904945850372314
2318749952.0,-0.9260320663452148
2319687424.0,-0.9602221250534058
2320624896.0,-0.9945133328437805
2321562624.0,-1.0273687839508057
2322500096.0,-1.058354377746582
2323437568.0,-1.0891575813293457
2324375040.0,-1.11808180809021
2325312512.0,-1.143667221069336
2326249984.0,-1.1669026613235474
2327187456.0,-1.1892987489700317
2328124928.0,-1.2074934244155884
2329062400.0,-1.2252272367477417
2329999872.0,-1.24018132686615
2330937600.0,-1.2521604299545288
2331875072.0,-1.2618857622146606
2332812544.0,-1.268718957901001
2333750016.0,-1.2708852291107178
2334687488.0,-1.272793173789978
2335624960.0,-1.2714471817016602
2336562432.0,-1.2678128480911255
2337499904.0,-1.2619904279708862
2338437376.0,-1.2543253898620605
2339375104.0,-1.2437485456466675
2340312576.0,-1.2327704429626465
2341250048.0,-1.219478726387024
2342187520.0,-1.2041200399398804
2343124992.0,-1.1884880065917969
2344062464.0,-1.1722980737686157
2344999936.0,-1.1544075012207031
2345937408.0,-1.1365700960159302
2346874880.0,-1.1179383993148804
2347812608.0,-1.1002836227416992
2348750080.0,-1.0684747695922852
2349687552.0,-1.0558487176895142
2350625024.0,-1.0433601140975952
2351562496.0,-1.0305739641189575
2352499968.0,-1.0180119276046753
2353437440.0,-1.0061655044555664
2354374912.0,-0.9952176809310913
2355312384.0,-0.9854174852371216
2356250112.0,-0.9757274389266968
2357187584.0,-0.9677489995956421
2358125056.0,-0.961875319480896
2359062528.0,-0.9563509821891785
2360000000.0,-0.9523299336433411
2360937472.0,-0.9501014947891235
2361874944.0,-0.9496616125106812
2362812416.0,-0.9505239129066467
2363749888.0,-0.95441073179245
2364687616.0,-0.958663821220398
2365625088.0,-0.9647030830383301
2366562560.0,-0.9721988439559937
2367500032.0,-0.9806569218635559
2368437504.0,-0.9904534816741943
2369374976.0,-1.0004819631576538
2370312448.0,-1.0104666948318481
2371249920.0,-1.020780324935913
2372187392.0,-1.0301644802093506
2373125120.0,-1.037921667098999
2374062592.0,-1.0448158979415894
2375000064.0,-1.0492594242095947
2375937536.0,-1.0519386529922485
2376875008.0,-1.0519906282424927
2377812480.0,-1.0486536026000977
2378749952.0,-1.0422366857528687
2379687424.0,-1.032652735710144
2380624896.0,-1.0197941064834595
2381562624.0,-1.0034958124160767
2382500096.0,-0.9844006299972534
2383437568.0,-0.9618009924888611
2384375040.0,-0.9369937777519226
2385312512.0,-0.9088572263717651
2386249984.0,-0.8789879679679871
2387187456.0,-0.8475984334945679
2388124928.0,-0.8146982192993164
2389062400.0,-0.7802711725234985
2390000128.0,-0.7453775405883789
2390937600.0,-0.7104088068008423
2391875072.0,-0.6763781905174255
2392812544.0,-0.6420933604240417
2393750016.0,-0.6072990894317627
2394687488.0,-0.5737700462341309
2395624960.0,-0.5411007404327393
2396562432.0,-0.5089923739433289
2397499904.0,-0.4791131615638733
2398437376.0,-0.44921424984931946
2399375104.0,-0.4201054573059082
2400312576.0,-0.39185479283332825
2401250048.0,-0.3653627336025238
2402187520.0,-0.33902740478515625
2403124992.0,-0.31322789192199707
2404062464.0,-0.28786027431488037
2404999936.0,-0.263764888048172
2405937408.0,-0.23985067009925842
2406874880.0,-0.21637077629566193
2407812608.0,-0.1936301738023758
2408750080.0,-0.11935394257307053
2409687552.0,-0.09747420996427536
2410625024.0,-0.07619819045066833
2411562496.0,-0.05644265562295914
2412499968.0,-0.038368139415979385
2413437440.0,-0.02310432679951191
2414374912.0,-0.008950754068791866
2415312384.0,0.0020588005427271128
2416250112.0,0.009808032773435116
2417187584.0,0.015378217212855816
2418125056.0,0.017633816227316856
2419062528.0,0.016408920288085938
2420000000.0,0.011505183763802052
2420937472.0,0.0031436069402843714
2421874944.0,-0.007790282368659973
2422812416.0,-0.02146940305829048
2423749888.0,-0.039261944591999054
2424687616.0,-0.059226904064416885
2425625088.0,-0.08145783841609955
2426562560.0,-0.1073090061545372
2427500032.0,-0.13473276793956757
2428437504.0,-0.1634611338376999
2429374976.0,-0.1924409568309784
2430312448.0,-0.2223062664270401
2431249920.0,-0.2522130310535431
2432187392.0,-0.28200748562812805
2433125120.0,-0.3109204173088074
2434062592.0,-0.33786728978157043
2435000064.0,-0.3633994460105896
2435937536.0,-0.38665667176246643
2436875008.0,-0.4063352644443512
2437812480.0,-0.42467743158340454
2438749952.0,-0.4381871819496155
2439687424.0,-0.4492659568786621
2440624896.0,-0.4562709331512451
2441562624.0,-0.4594329595565796
2442500096.0,-0.4604007303714752
2443437568.0,-0.45622190833091736
2444375040.0,-0.4489458203315735
2445312512.0,-0.43831780552864075
2446249984.0,-0.42370620369911194
2447187456.0,-0.4068731367588043
2448124928.0,-0.3868829905986786
2449062400.0,-0.36393940448760986
2449999872.0,-0.33893677592277527
2450937600.0,-0.311094731092453
2451875072.0,-0.28251850605010986
2452812544.0,-0.2529791295528412
2453750016.0,-0.22144998610019684
2454687488.0,-0.1885615885257721
2455624960.0,-0.15504726767539978
2456562432.0,-0.12158127874135971
2457499904.0,-0.0884472206234932
2458437376.0,-0.05628221109509468
2459375104.0,-0.024557581171393394
2460312576.0,0.007260761223733425
2461250048.0,0.03710724040865898
2462187520.0,0.0671820417046547
2463124992.0,0.09567459672689438
2464062464.0,0.12230391055345535
2464999936.0,0.14822177588939667
2465937408.0,0.17196673154830933
2466874880.0,0.19484031200408936
2467812608.0,0.21624936163425446
2468750080.0,0.12988145649433136
2469687552.0,0.144392192363739
2470625024.0,0.16004244983196259
2471562496.0,0.17357128858566284
2472499968.0,0.18462006747722626
2473437440.0,0.19538472592830658
2474374912.0,0.20387661457061768
2475312384.0,0.20914629101753235
2476250112.0,0.21405814588069916
2477187584.0,0.21650691330432892
2478125056.0,0.2161097675561905
2479062528.0,0.2153453528881073
2480000000.0,0.21180367469787598
2480937472.0,0.20579198002815247
2481874944.0,0.1987060010433197
2482812416.0,0.1885138601064682
2483749888.0,0.17770272493362427
2484687616.0,0.16494448482990265
2485625088.0,0.15091200172901154
2486562560.0,0.13376398384571075
2487500032.0,0.11786938458681107
2488437504.0,0.09920385479927063
2489374976.0,0.07998034358024597
2490312448.0,0.059913866221904755
2491249920.0,0.039935655891895294
2492187392.0,0.01819968968629837
2493125120.0,-0.002215026179328561
2494062592.0,-0.023558426648378372
2495000064.0,-0.04433825984597206
2495937536.0,-0.06400152295827866
2496875008.0,-0.08305366337299347
2497812480.0,-0.10021145641803741
2498749952.0,-0.1167265847325325
2499687424.0,-0.13289235532283783
2500624896.0,-0.14633198082447052
2501562624.0,-0.15942014753818512
2502500096.0,-0.1686708629131317
2503437568.0,-0.17762435972690582
2504375040.0,-0.1836269646883011
2505312512.0,-0.1880604326725006
2506249984.0,-0.19133558869361877
2507187456.0,-0.19214734435081482
2508124928.0,-0.19115425646305084
2509062400.0,-0.18826241791248322
2510000128.0,-0.18301646411418915
2510937600.0,-0.17543816566467285
2511875072.0,-0.1660640835762024
2512812544.0,-0.15619449317455292
2513750016.0,-0.14289847016334534
2514687488.0,-0.128890722990036
2515624960.0,-0.11413203924894333
2516562432.0,-0.0975627675652504
2517499904.0,-0.08048731833696365
2518437376.0,-0.06222104653716087
2519375104.0,-0.04320555180311203
2520312576.0,-0.02380196936428547
2521250048.0,-0.005269892513751984
2522187520.0,0.01396340224891901
2523124992.0,0.03337358310818672
2524062464.0,0.051955368369817734
2524999936.0,0.07016352564096451
2525937408.0,0.08771383762359619
2526874880.0,0.10479534417390823
2527812608.0,0.11959640681743622
2528750080.0,0.173605278134346
2529687552.0,0.1786666363477707
2530625024.0,0.18394306302070618
2531562496.0,0.18797601759433746
2532499968.0,0.19111593067646027
2533437440.0,0.1938328891992569
2534374912.0,0.19492465257644653
2535312384.0,0.1957278996706009
2536250112.0,0.19514119625091553
2537187584.0,0.19393335282802582
2538125056.0,0.1911504715681076
2539062528.0,0.18853890895843506
2540000000.0,0.18406657874584198
2540937472.0,0.17898999154567719
2541874944.0,0.17060332000255585
2542812416.0,0.16311971843242645
2543749888.0,0.15452609956264496
2544687616.0,0.14392976462841034
2545625088.0,0.1336095929145813
2546562560.0,0.1213211715221405
2547500032.0,0.10750188678503036
2548437504.0,0.09437991678714752
2549374976.0,0.08077190816402435
2550312448.0,0.06458741426467896
2551249920.0,0.0489208847284317
2552187392.0,0.032948050647974014
2553125120.0,0.01602766662836075
2554062592.0,0.0002119918935932219
2555000064.0,-0.0157050471752882
2555937536.0,-0.031291984021663666
2556875008.0,-0.0471026748418808
2557812480.0,-0.06212976202368736
2558749952.0,-0.07619666308164597
2559687424.0,-0.0894981101155281
2560624896.0,-0.09993797540664673
2561562624.0,-0.11053726822137833
2562500096.0,-0.11892717331647873
2563437568.0,-0.12600772082805634
2564375040.0,-0.1315387338399887
2565312512.0,-0.13447333872318268
2566249984.0,-0.13693326711654663
2567187456.0,-0.13554847240447998
2568124928.0,-0.1332942694425583
2569062400.0,-0.13011625409126282
2569999872.0,-0.12401649355888367
2570937600.0,-0.11510720103979111
2571875072.0,-0.10517176985740662
2572812544.0,-0.09370927512645721
2573750016.0,-0.07969626039266586
2574687488.0,-0.06486809998750687
2575624960.0,-0.048763781785964966
2576562432.0,-0.030625132843852043
2577499904.0,-0.012031231075525284
2578437376.0,0.006757520604878664
2579375104.0,0.026300257071852684
2580312576.0,0.0466659776866436
2581250048.0,0.06774875521659851
2582187520.0,0.08803942054510117
2583124992.0,0.10782987624406815
2584062464.0,0.12742817401885986
2584999936.0,0.14541125297546387
2585937408.0,0.16183562576770782
2586874880.0,0.17727293074131012
2587812608.0,0.19135898351669312
2588750080.0,0.21563895046710968
2589687552.0,0.22526100277900696
2590625024.0,0.23043151199817657
2591562496.0,0.23401591181755066
2592499968.0,0.2356034517288208
2593437440.0,0.23459960520267487
2594374912.0,0.2310761958360672
2595312384.0,0.22569289803504944
2596250112.0,0.21638967096805573
2597187584.0,0.20750072598457336
2598125056.0,0.19688662886619568
2599062528.0,0.18418242037296295
2600000000.0,0.17004883289337158
2600937472.0,0.15446822345256805
2601874944.0,0.138382688164711
2602812416.0,0.12116692960262299
2603749888.0,0.10540954768657684
2604687616.0,0.08814702183008194
2605625088.0,0.0698462650179863
2606562560.0,0.05276951938867569
2607500032.0,0.036805324256420135
2608437504.0,0.02029559016227722
2609374976.0,0.0040279049426317215
2610312448.0,-0.009680762887001038
2611249920.0,-0.022533748298883438
2612187392.0,-0.03606228530406952
2613125120.0,-0.0465322807431221
2614062592.0,-0.05742700770497322
2615000064.0,-0.06715423613786697
2615937536.0,-0.07411469519138336
2616875008.0,-0.08148917555809021
2617812480.0,-0.08630342036485672
2618749952.0,-0.0910186693072319
2619687424.0,-0.09332684427499771
2620624896.0,-0.09544967114925385
2621562624.0,-0.09669279307126999
2622500096.0,-0.09728081524372101
2623437568.0,-0.0962083488702774
2624375040.0,-0.09545496106147766
2625312512.0,-0.09287694096565247
2626249984.0,-0.09013444930315018
2627187456.0,-0.08647647500038147
2628124928.0,-0.0819329246878624
2629062400.0,-0.07652849704027176
2630000128.0,-0.07167075574398041
2630937600.0,-0.06457419693470001
2631875072.0,-0.05830846354365349
2632812544.0,-0.050496675074100494
2633750016.0,-0.042245108634233475
2634687488.0,-0.03350440785288811
2635624960.0,-0.023101728409528732
2636562432.0,-0.012605559080839157
2637499904.0,-0.0020628252532333136
2638437376.0,0.009897367097437382
2639375104.0,0.023857831954956055
2640312576.0,0.0377623550593853
2641250048.0,0.0514492392539978
2642187520.0,0.06653077155351639
2643124992.0,0.08135280013084412
2644062464.0,0.09839528799057007
2644999936.0,0.11497840285301208
2645937408.0,0.13161267340183258
2646874880.0,0.1492469608783722
2647812608.0,0.22629263997077942
2648750080.0,0.23745249211788177
2649687552.0,0.24736559391021729
2650625024.0,0.2562888264656067
2651562496.0,0.2613506615161896
2652499968.0,0.26508304476737976
2653437440.0,0.26624685525894165
2654374912.0,0.26482954621315
2655312384.0,0.2604752779006958
2656250112.0,0.2521947920322418
2657187584.0,0.21482503414154053
2658125056.0,0.19849878549575806
2659062528.0,0.17936231195926666
2660000000.0,0.1574358344078064
2660937472.0,0.13232801854610443
2661874944.0,0.10685493052005768
2662812416.0,0.07892514765262604
2663749888.0,0.05026653781533241
2664687616.0,0.021371064707636833
2665625088.0,-0.008027787320315838
2666562560.0,-0.03802710399031639
2667500032.0,-0.06589022278785706
2668437504.0,-0.09390460699796677
2669374976.0,-0.12135642766952515
2670312448.0,-0.14596188068389893
2671249920.0,-0.16839173436164856
2672187392.0,-0.1891961693763733
2673125120.0,-0.20690621435642242
2674062592.0,-0.22095313668251038
2675000064.0,-0.23335422575473785
2675937536.0,-0.2417084276676178
2676875008.0,-0.2484661191701889
2677812480.0,-0.2512814402580261
2678749952.0,-0.2513260245323181
2679687424.0,-0.24808666110038757
2680624896.0,-0.24206320941448212
2681562624.0,-0.23443442583084106
2682500096.0,-0.22442813217639923
2683437568.0,-0.2121027410030365
2684375040.0,-0.19767256081104279
2685312512.0,-0.18239039182662964
2686249984.0,-0.16516095399856567
2687187456.0,-0.14708416163921356
2688124928.0,-0.12776973843574524
2689062400.0,-0.10835401713848114
2689999872.0,-0.08812550455331802
2690937600.0,-0.06856634467840195
2691875072.0,-0.0491938441991806
2692812544.0,-0.029681570827960968
2693750016.0,-0.00958858523517847
2694687488.0,0.008836522698402405
2695624960.0,0.028328046202659607
2696562432.0,0.046471308916807175
2697499904.0,0.06553427875041962
2698437376.0,0.08275086432695389
2699375104.0,0.10009535402059555
2700312576.0,0.11775543540716171
2701250048.0,0.1333211064338684
2702187520.0,0.14953213930130005
2703124992.0,0.16594764590263367
2704062464.0,0.18142476677894592
2704999936.0,0.1957310289144516
2705937408.0,0.21035626530647278
2706874880.0,0.22345565259456635
2707812608.0,0.19749103486537933
2708750080.0,0.20381438732147217
2709687552.0,0.20910702645778656
2710625024.0,0.21459007263183594
2711562496.0,0.21811628341674805
2712499968.0,0.21959520876407623
2713437440.0,0.22024860978126526
2714374912.0,0.21895141899585724
2715312384.0,0.21623268723487854
2716250112.0,0.21281616389751434
2717187584.0,0.20763830840587616
2718125056.0,0.20088078081607819
2719062528.0,0.1924799531698227
2720000000.0,0.18265853822231293
2720937472.0,0.17181801795959473
2721874944.0,0.1591322422027588
2722812416.0,0.14615419507026672
2723749888.0,0.13136126101016998
2724687616.0,0.11508893221616745
2725625088.0,0.0976346954703331
2726562560.0,0.0821458101272583
2727500032.0,0.0631488487124443
2728437504.0,0.045540910214185715
2729374976.0,0.0263077262789011
2730312448.0,0.007269152440130711
2731249920.0,-0.011957616545259953
2732187392.0,-0.030011160299181938
2733125120.0,-0.0479830764234066
2734062592.0,-0.0656513050198555
2735000064.0,-0.08230067789554596
2735937536.0,-0.09859536588191986
2736875008.0,-0.11347191780805588
2737812480.0,-0.12671522796154022
2738749952.0,-0.14010602235794067
2739687424.0,-0.15174061059951782
2740624896.0,-0.161293163895607
2741562624.0,-0.16885335743427277
2742500096.0,-0.17437884211540222
2743437568.0,-0.18044257164001465
2744375040.0,-0.18329912424087524
2745312512.0,-0.18328142166137695
2746249984.0,-0.18276070058345795
2747187456.0,-0.18001244962215424
2748124928.0,-0.17636854946613312
2749062400.0,-0.17019091546535492
2750000128.0,-0.16214783489704132
2750937600.0,-0.15220573544502258
2751875072.0,-0.14194464683532715
2752812544.0,-0.1294996589422226
2753750016.0,-0.11507715284824371
2754687488.0,-0.09974056482315063
2755624960.0,-0.08361270278692245
2756562432.0,-0.06575736403465271
2757499904.0,-0.04817376285791397
2758437376.0,-0.02986568585038185
2759375104.0,-0.011246554553508759
2760312576.0,0.008564362302422523
2761250048.0,0.02681761607527733
2762187520.0,0.045687634497880936
2763124992.0,0.06416360288858414
2764062464.0,0.08107676357030869
2764999936.0,0.09779494255781174
2765937408.0,0.1140889823436737
2766874880.0,0.12744241952896118
2767812608.0,0.18635475635528564
2768750080.0,0.18520984053611755
2769687552.0,0.18481974303722382
2770625024.0,0.1812734305858612
2771562496.0,0.17858067154884338
2772499968.0,0.17378902435302734
2773437440.0,0.1688990294933319
2774374912.0,0.1630742847919464
2775312384.0,0.15621329843997955
2776250112.0,0.1484554409980774
2777187584.0,0.14056198298931122
2778125056.0,0.13168002665042877
2779062528.0,0.12262240052223206
2780000000.0,0.11214873939752579
2780937472.0,0.10093850642442703
2781874944.0,0.09070245921611786
2782812416.0,0.07870156317949295
2783749888.0,0.06623957306146622
2784687616.0,0.05470682308077812
2785625088.0,0.0416371151804924
2786562560.0,0.029503410682082176
2787500032.0,0.016373172402381897
2788437504.0,0.003412590827792883
2789374976.0,-0.008929531089961529
2790312448.0,-0.022085681557655334
2791249920.0,-0.03277914226055145
2792187392.0,-0.0448479950428009
2793125120.0,-0.056623246520757675
2794062592.0,-0.06691239029169083
2795000064.0,-0.07621874660253525
2795937536.0,-0.08382298797369003
2796875008.0,-0.0920475572347641
2797812480.0,-0.09904342889785767
2798749952.0,-0.10401864349842072
2799687424.0,-0.10822974890470505
2800624896.0,-0.11007360368967056
2801562624.0,-0.11229346692562103
2802500096.0,-0.11102940142154694
2803437568.0,-0.10869943350553513
2804375040.0,-0.10562910884618759
2805312512.0,-0.09984371066093445
2806249984.0,-0.09420063346624374
2807187456.0,-0.08626723289489746
2808124928.0,-0.07690125703811646
2809062400.0,-0.06642112880945206
2809999872.0,-0.054287005215883255
2810937600.0,-0.04069643095135689
2811875072.0,-0.026537958532571793
2812812544.0,-0.010659603402018547
2813750016.0,0.004887784831225872
2814687488.0,0.021744299679994583
2815624960.0,0.038159243762493134
2816562432.0,0.05497175082564354
2817499904.0,0.07232382893562317
2818437376.0,0.09008605033159256
2819375104.0,0.10669122636318207
2820312576.0,0.12368124723434448
2821250048.0,0.13907171785831451
2822187520.0,0.15358851850032806
2823124992.0,0.1668422818183899
2824062464.0,0.17899109423160553
2824999936.0,0.1890510469675064
2825937408.0,0.19787292182445526
2826874880.0,0.2054014950990677
2827812608.0,0.21903584897518158
2828750080.0,0.22176578640937805
2829687552.0,0.22171437740325928
2830625024.0,0.2190987914800644
2831562496.0,0.21331346035003662
2832499968.0,0.20563192665576935
2833437440.0,0.1955081671476364
2834374912.0,0.18403112888336182
2835312384.0,0.1696799099445343
2836250112.0,0.15458521246910095
2837187584.0,0.1369398832321167
2838125056.0,0.11841834336519241
2839062528.0,0.10001277923583984
2840000000.0,0.07905936241149902
2840937472.0,0.05908738821744919
2841874944.0,0.03881964087486267
2842812416.0,0.01918724551796913
2843749888.0,0.0007446902454830706
2844687616.0,-0.017673932015895844
2845625088.0,-0.03562864288687706
2846562560.0,-0.051261987537145615
2847500032.0,-0.06552169471979141
2848437504.0,-0.078914575278759
2849374976.0,-0.09024788439273834
2850312448.0,-0.10044020414352417
2851249920.0,-0.10766024887561798
2852187392.0,-0.11436603218317032
2853125120.0,-0.11779500544071198
2854062592.0,-0.12094511091709137
2855000064.0,-0.12193619459867477
2855937536.0,-0.12111125141382217
2856875008.0,-0.1190972551703453
2857812480.0,-0.11469313502311707
2858749952.0,-0.10972187668085098
2859687424.0,-0.10212275385856628
2860624896.0,-0.09504320472478867
2861562624.0,-0.08599059283733368
2862500096.0,-0.0756615698337555
2863437568.0,-0.06596438586711884
2864375040.0,-0.054008644074201584
2865312512.0,-0.04197053611278534
2866249984.0,-0.030176475644111633
2867187456.0,-0.017777059227228165
2868124928.0,-0.004690523259341717
2869062400.0,0.008488176390528679
2870000128.0,0.020874598994851112
2870937600.0,0.03395744413137436
2871875072.0,0.04702816158533096
2872812544.0,0.059976715594530106
2873750016.0,0.0723608210682869
2874687488.0,0.08514470607042313
2875624960.0,0.09725440293550491
2876562432.0,0.10880676656961441
2877499904.0,0.120334692299366
2878437376.0,0.1310516893863678
2879375104.0,0.1419745832681656
2880312576.0,0.15210165083408356
2881250048.0,0.1609603315591812
2882187520.0,0.1696208119392395
2883124992.0,0.17738215625286102
2884062464.0,0.18525995314121246
2884999936.0,0.19127939641475677
2885937408.0,0.1959349364042282
2886874880.0,0.19905106723308563
2887812608.0,0.20316298305988312
2888750080.0,0.2050168365240097
2889687552.0,0.20595259964466095
2890625024.0,0.20482559502124786
2891562496.0,0.2023460865020752
2892499968.0,0.19921986758708954
2893437440.0,0.1925656795501709
2894374912.0,0.18534058332443237
2895312384.0,0.17594492435455322
2896250112.0,0.16499751806259155
2897187584.0,0.15324583649635315
2898125056.0,0.13896653056144714
2899062528.0,0.12315857410430908
2900000000.0,0.1068674623966217
2900937472.0,0.0894826352596283
2901874944.0,0.07168424874544144
2902812416.0,0.05292760953307152
2903749888.0,0.033976223319768906
2904687616.0,0.014588084071874619
2905625088.0,-0.005308240652084351
2906562560.0,-0.023245753720402718
2907500032.0,-0.0424126498401165
2908437504.0,-0.05856501683592796
2909374976.0,-0.07532788813114166
2910312448.0,-0.09016714245080948
2911249920.0,-0.10320650786161423
2912187392.0,-0.11588406562805176
2913125120.0,-0.1263590306043625
2914062592.0,-0.13472983241081238
2915000064.0,-0.14193446934223175
2915937536.0,-0.1466689556837082
2916875008.0,-0.14844249188899994
2917812480.0,-0.1484585553407669
2918749952.0,-0.1460847556591034
2919687424.0,-0.1420004516839981
2920624896.0,-0.13627003133296967
2921562624.0,-0.1285381019115448
2922500096.0,-0.11954744905233383
2923437568.0,-0.1076868399977684
2924375040.0,-0.09566536545753479
2925312512.0,-0.08033035695552826
2926249984.0,-0.06560203433036804
2927187456.0,-0.04971126839518547
2928124928.0,-0.03335241228342056
2929062400.0,-0.01496801059693098
2929999872.0,0.002712975023314357
2930937600.0,0.020854255184531212
2931875072.0,0.039257366210222244
2932812544.0,0.05506494641304016
2933750016.0,0.07143068313598633
2934687488.0,0.08618451654911041
2935624960.0,0.10125818848609924
2936562432.0,0.11534103006124496
2937499904.0,0.12695550918579102
2938437376.0,0.1368963122367859
2939375104.0,0.14729049801826477
2940312576.0,0.15494535863399506
2941250048.0,0.16160276532173157
2942187520.0,0.1669744998216629
2943124992.0,0.1701417863368988
2944062464.0,0.1724059283733368
2944999936.0,0.173566997051239
2945937408.0,0.1735084056854248
2946874880.0,0.1728670597076416
2947812608.0,0.16769783198833466
2948750080.0,0.1669333428144455
2949687552.0,0.16387513279914856
2950625024.0,0.16111063957214355
2951562496.0,0.1569817066192627
2952499968.0,0.15282855927944183
2953437440.0,0.1461925357580185
2954374912.0,0.13940422236919403
2955312384.0,0.1320796012878418
2956250112.0,0.12373236566781998
2957187584.0,0.11553715169429779
2958125056.0,0.10642486065626144
2959062528.0,0.09753402322530746
2960000000.0,0.0875839814543724
2960937472.0,0.0764550268650055
2961874944.0,0.06540575623512268
2962812416.0,0.05468866974115372
2963749888.0,0.043345220386981964
2964687616.0,0.031481508165597916
2965625088.0,0.020071301609277725
2966562560.0,0.008700338192284107
2967500032.0,-0.0028507979586720467
2968437504.0,-0.013601195067167282
2969374976.0,-0.02355106920003891
2970312448.0,-0.03403618931770325
2971249920.0,-0.043527133762836456
2972187392.0,-0.052518244832754135
2973125120.0,-0.06182624399662018
2974062592.0,-0.06817170977592468
2975000064.0,-0.0759039968252182
2975937536.0,-0.0824492871761322
2976875008.0,-0.08690599352121353
2977812480.0,-0.09063836187124252
2978749952.0,-0.09407345205545425
2979687424.0,-0.0959167405962944
2980624896.0,-0.09697949141263962
2981562624.0,-0.09764519333839417
2982500096.0,-0.09524798393249512
2983437568.0,-0.09360163658857346
2984375040.0,-0.09067776799201965
2985312512.0,-0.0851796567440033
2986249984.0,-0.08101227134466171
2987187456.0,-0.07489468157291412
2988124928.0,-0.06769697368144989
2989062400.0,-0.0610332116484642
2990000128.0,-0.05322662368416786
2990937600.0,-0.04514525458216667
2991875072.0,-0.036865733563899994
2992812544.0,-0.02828882820904255
2993750016.0,-0.01997533068060875
2994687488.0,-0.011962654069066048
2995624960.0,-0.002893550554290414
2996562432.0,0.004376608412712812
2997499904.0,0.012270892038941383
2998437376.0,0.01938018389046192
2999375104.0,0.025833329185843468
3000312576.0,0.028501814231276512
3001250048.0,0.03306436911225319
3002187520.0,0.03681027516722679
3003124992.0,0.039534032344818115
3004062464.0,0.04017101228237152
3004999936.0,0.04087785258889198
3005937408.0,0.04067537188529968
3006874880.0,0.04007343947887421
3007812608.0,0.035294149070978165
3008750080.0,0.031589772552251816
3009687552.0,0.028240352869033813
3010625024.0,0.02281770668923855
3011562496.0,0.017909672111272812
3012499968.0,0.01353498362004757
3013437440.0,0.008821224793791771
3014374912.0,0.0028225115966051817
3015312384.0,-0.00209447811357677
3016250112.0,-0.007735815830528736
3017187584.0,-0.013290059752762318
3018125056.0,-0.017640812322497368
3019062528.0,-0.023092128336429596
3020000000.0,-0.028745414689183235
3020937472.0,-0.03300222381949425
3021874944.0,-0.038238879293203354
3022812416.0,-0.04307260736823082
3023749888.0,-0.047474801540374756
3024687616.0,-0.05222008749842644
3025625088.0,-0.05639399588108063
3026562560.0,-0.06150662899017334
3027500032.0,-0.06532023102045059
3028437504.0,-0.07004105299711227
3029374976.0,-0.0739249438047409
3030312448.0,-0.07715514302253723
3031249920.0,-0.0805034413933754
3032187392.0,-0.08357793837785721
3033125120.0,-0.0869036465883255
3034062592.0,-0.08921537548303604
3035000064.0,-0.09246981143951416
3035937536.0,-0.09394177794456482
3036875008.0,-0.09562405943870544
3037812480.0,-0.09771349281072617
3038749952.0,-0.09778016805648804
3039687424.0,-0.09874723851680756
3040624896.0,-0.09909583628177643
3041562624.0,-0.0978173017501831
3042500096.0,-0.09710761904716492
3043437568.0,-0.09519433230161667
3044375040.0,-0.09233247488737106
3045312512.0,-0.08937772363424301
3046249984.0,-0.08654972165822983
3047187456.0,-0.08321426063776016
3048124928.0,-0.07922115921974182
3049062400.0,-0.07449971139431
3049999872.0,-0.06948290765285492
3050937600.0,-0.06403650343418121
3051875072.0,-0.05848010256886482
3052812544.0,-0.05329986661672592
3053750016.0,-0.047236379235982895
3054687488.0,-0.040606457740068436
3055624960.0,-0.03554954752326012
3056562432.0,-0.02900390326976776
3057499904.0,-0.023764867335557938
3058437376.0,-0.018694071099162102
3059375104.0,-0.013057525269687176
3060312576.0,-0.009307457134127617
3061250048.0,-0.004549436271190643
3062187520.0,-0.0008450033492408693
3063124992.0,0.002622296568006277
3064062464.0,0.005049502477049828
3064999936.0,0.00730896508321166
3065937408.0,0.008344048634171486
3066874880.0,0.007925218902528286
3067812608.0,0.022504795342683792
3068750080.0,0.016731563955545425
3069687552.0,0.009619982913136482
3070625024.0,0.0017030411399900913
3071562496.0,-0.00575258256867528
3072499968.0,-0.015130172483623028
3073437440.0,-0.023572580888867378
3074374912.0,-0.03208225220441818
3075312384.0,-0.04287115857005119
3076250112.0,-0.052925147116184235
3077187584.0,-0.062321893870830536
3078125056.0,-0.0718027651309967
3079062528.0,-0.08005530387163162
3080000000.0,-0.08810976892709732
3080937472.0,-0.09565430879592896
3081874944.0,-0.10236769914627075
3082812416.0,-0.10754342377185822
3083749888.0,-0.1122741624712944
3084687616.0,-0.11628533899784088
3085625088.0,-0.11811055988073349
3086562560.0,-0.11889395862817764
3087500032.0,-0.1191888377070427
3088437504.0,-0.11751796305179596
3089374976.0,-0.11493668705224991
3090312448.0,-0.11202731728553772
3091249920.0,-0.1083415150642395
3092187392.0,-0.10279898345470428
3093125120.0,-0.09645537286996841
3094062592.0,-0.08894547075033188
3095000064.0,-0.08062177896499634
3095937536.0,-0.07222515344619751
3096875008.0,-0.06327713280916214
3097812480.0,-0.05347996950149536
3098749952.0,-0.04399730637669563
3099687424.0,-0.03363595902919769
3100624896.0,-0.023832792416214943
3101562624.0,-0.013327542692422867
3102500096.0,-0.0034858861472457647
3103437568.0,0.006732746493071318
3104375040.0,0.01606704108417034
3105312512.0,0.02572203055024147
3106249984.0,0.03450087085366249
3107187456.0,0.04328630492091179
3108124928.0,0.051533766090869904
3109062400.0,0.05946267396211624
3110000128.0,0.0665186271071434
3110937600.0,0.07382933050394058
3111875072.0,0.07915110141038895
3112812544.0,0.08505778014659882
3113750016.0,0.09014718979597092
3114687488.0,0.09485052525997162
3115624960.0,0.0987207293510437
3116562432.0,0.10263679176568985
3117499904.0,0.10556303709745407
3118437376.0,0.10836950689554214
3119375104.0,0.11151345819234848
3120312576.0,0.11388783901929855
3121250048.0,0.11521248519420624
3122187520.0,0.11699507385492325
3123124992.0,0.11923838406801224
3124062464.0,0.12076500058174133
3124999936.0,0.1224215179681778
3125937408.0,0.12289402633905411
3126874880.0,0.12402088195085526
3127812608.0,0.14516101777553558
3128750080.0,0.14110501110553741
3129687552.0,0.13878150284290314
3130625024.0,0.13694874942302704
3131562496.0,0.13452798128128052
3132499968.0,0.13312846422195435
3133437440.0,0.13162793219089508
3134374912.0,0.12966199219226837
3135312384.0,0.12881305813789368
3136250112.0,0.12843060493469238
3137187584.0,0.1261330395936966
3138125056.0,0.12589184939861298
3139062528.0,0.1247563287615776
3140000000.0,0.1242590844631195
3140937472.0,0.12373408675193787
3141874944.0,0.12309347093105316
3142812416.0,0.12251263856887817
3143749888.0,0.12187203019857407
3144687616.0,0.12075957655906677
3145625088.0,0.11917245388031006
3146562560.0,0.11761012673377991
3147500032.0,0.11570115387439728
3148437504.0,0.11332590132951736
3149374976.0,0.1096225306391716
3150312448.0,0.10582823306322098
3151249920.0,0.10213856399059296
3152187392.0,0.09627639502286911
3153125120.0,0.09102465957403183
3154062592.0,0.08584935963153839
3155000064.0,0.07860863953828812
3155937536.0,0.07101848721504211
3156875008.0,0.06189502775669098
3157812480.0,0.05383490025997162
3158749952.0,0.04381588473916054
3159687424.0,0.03339461237192154
3160624896.0,0.0227739866822958
3161562624.0,0.010507791303098202
3162500096.0,-0.001152911689132452
3163437568.0,-0.013364511542022228
3164375040.0,-0.025121767073869705
3165312512.0,-0.0378463938832283
3166249984.0,-0.04916902631521225
3167187456.0,-0.06064111366868019
3168124928.0,-0.07300020754337311
3169062400.0,-0.08330990374088287
3169999872.0,-0.09384560585021973
3170937600.0,-0.10433512181043625
3171875072.0,-0.11282239109277725
3172812544.0,-0.12048717588186264
3173750016.0,-0.12743735313415527
3174687488.0,-0.13238418102264404
3175624960.0,-0.13634957373142242
3176562432.0,-0.1398417204618454
3177499904.0,-0.1415296345949173
3178437376.0,-0.14043056964874268
3179375104.0,-0.13860778510570526
3180312576.0,-0.13501717150211334
3181250048.0,-0.13030855357646942
3182187520.0,-0.12391802668571472
3183124992.0,-0.11519185453653336
3184062464.0,-0.10643971711397171
3184999936.0,-0.09593860805034637
3185937408.0,-0.08352087438106537
3186874880.0,-0.06958990544080734
3187812608.0,0.06063338741660118
3188750080.0,0.059272266924381256
3189687552.0,0.06000853702425957
3190625024.0,0.059847623109817505
3191562496.0,0.060695335268974304
3192499968.0,0.06314379721879959
3193437440.0,0.06615286320447922
3194374912.0,0.0694357231259346
3195312384.0,0.07301133871078491
3196250112.0,0.07778724282979965
3197187584.0,0.08288706094026566
3198125056.0,0.08721081912517548
3199062528.0,0.09221591055393219
3200000000.0,0.09742815792560577
3200937472.0,0.10229486972093582
3201874944.0,0.10662683844566345
3202812416.0,0.10919041186571121
3203749888.0,0.11196253448724747
3204687616.0,0.11348405480384827
3205625088.0,0.11441519111394882
3206562560.0,0.11336832493543625
3207500032.0,0.11180323362350464
3208437504.0,0.10872851312160492
3209374976.0,0.10519717633724213
3210312448.0,0.10051501542329788
3211249920.0,0.09281589090824127
3212187392.0,0.08498091995716095
3213125120.0,0.07653096318244934
3214062592.0,0.06578700244426727
3215000064.0,0.055003806948661804
3215937536.0,0.04359664022922516
3216875008.0,0.03095206245779991
3217812480.0,0.018854286521673203
3218749952.0,0.006760604213923216
3219687424.0,-0.00773913087323308
3220624896.0,-0.021092161536216736
3221562624.0,-0.032248783856630325
3222500096.0,-0.04477570950984955
3223437568.0,-0.05581710487604141
3224375040.0,-0.06727447360754013
3225312512.0,-0.07670179754495621
3226249984.0,-0.08445736020803452
3227187456.0,-0.09191946685314178
3228124928.0,-0.09795376658439636
3229062400.0,-0.10273831337690353
3230000128.0,-0.10754380375146866
3230937600.0,-0.109474316239357
3231875072.0,-0.11074793338775635
3232812544.0,-0.11097610741853714
3233750016.0,-0.10973993688821793
3234687488.0,-0.10792774707078934
3235624960.0,-0.10522865504026413
3236562432.0,-0.10128901898860931
3237499904.0,-0.09678103029727936
3238437376.0,-0.09294001013040543
3239375104.0,-0.08702613413333893
3240312576.0,-0.08261700719594955
3241250048.0,-0.07784242928028107
3242187520.0,-0.07329565286636353
3243124992.0,-0.06904634833335876
3244062464.0,-0.06503438204526901
3244999936.0,-0.06413064897060394
3245937408.0,-0.06225963309407234
3246874880.0,-0.06154324486851692
3247812608.0,-0.054164107888936996
3248750080.0,-0.05876399576663971
3249687552.0,-0.06295417249202728
3250625024.0,-0.06722923368215561
3251562496.0,-0.07010777294635773
3252499968.0,-0.072990782558918
3253437440.0,-0.07483600080013275
3254374912.0,-0.07593436539173126
3255312384.0,-0.07704364508390427
3256250112.0,-0.07565866410732269
3257187584.0,-0.0735979676246643
3258125056.0,-0.06910620629787445
3259062528.0,-0.06544972211122513
3260000000.0,-0.05927250534296036
3260937472.0,-0.05358242616057396
3261874944.0,-0.04651711508631706
3262812416.0,-0.038234829902648926
3263749888.0,-0.02969605103135109
3264687616.0,-0.02160978503525257
3265625088.0,-0.012593741528689861
3266562560.0,-0.004972047638148069
3267500032.0,0.003170678159222007
3268437504.0,0.009634546004235744
3269374976.0,0.015334359370172024
3270312448.0,0.019850721582770348
3271249920.0,0.023454613983631134
3272187392.0,0.025722047314047813
3273125120.0,0.027491044253110886
3274062592.0,0.02774370089173317
3275000064.0,0.026470541954040527
3275937536.0,0.025866609066724777
3276875008.0,0.024772964417934418
3277812480.0,0.022787591442465782
3278749952.0,0.020276570692658424
3279687424.0,0.01954365149140358
3280624896.0,0.01837938092648983
3281562624.0,0.016726616770029068
3282500096.0,0.016668353229761124
3283437568.0,0.01813960075378418
3284375040.0,0.01890813745558262
3285312512.0,0.02022024616599083
3286249984.0,0.023005783557891846
3287187456.0,0.02494736760854721
3288124928.0,0.027063025161623955
3289062400.0,0.028073078021407127
3289999872.0,0.02957593835890293
3290937600.0,0.029101049527525902
3291875072.0,0.029004819691181183
3292812544.0,0.027269722893834114
3293750016.0,0.024377010762691498
3294687488.0,0.01997346617281437
3295624960.0,0.014997685328125954
3296562432.0,0.009616557508707047
3297499904.0,0.0017094919458031654
3298437376.0,-0.004960585385560989
3299375104.0,-0.013630070723593235
3300312576.0,-0.02155582420527935
3301250048.0,-0.030508417636156082
3302187520.0,-0.040638964623212814
3303124992.0,-0.04925014451146126
3304062464.0,-0.057614460587501526
3304999936.0,-0.06717371195554733
3305937408.0,-0.07496306300163269
3306874880.0,-0.08332126587629318
3307812608.0,-0.05239377170801163
3308750080.0,-0.050417955964803696
3309687552.0,-0.04812214896082878
3310625024.0,-0.046384960412979126
3311562496.0,-0.045566823333501816
3312499968.0,-0.0440753735601902
3313437440.0,-0.04327451065182686
3314374912.0,-0.0433378629386425
3315312384.0,-0.044191859662532806
3316250112.0,-0.04486256465315819
3317187584.0,-0.04620194435119629
3318125056.0,-0.04881099611520767
3319062528.0,-0.05186402425169945
3320000000.0,-0.05503208935260773
3320937472.0,-0.058843884617090225
3321874944.0,-0.06398113816976547
3322812416.0,-0.06933024525642395
3323749888.0,-0.07592978328466415
3324687616.0,-0.08180885761976242
3325625088.0,-0.08929882943630219
3326562560.0,-0.0948069840669632
3327500032.0,-0.1015888974070549
3328437504.0,-0.10728127509355545
3329374976.0,-0.11406990140676498
3330312448.0,-0.11994053423404694
3331249920.0,-0.12560784816741943
3332187392.0,-0.12923285365104675
3333125120.0,-0.13319559395313263
3334062592.0,-0.1371796727180481
3335000064.0,-0.13868209719657898
3335937536.0,-0.13974452018737793
3336875008.0,-0.1403295397758484
3337812480.0,-0.13962116837501526
3338749952.0,-0.13801230490207672
3339687424.0,-0.13408325612545013
3340624896.0,-0.12945376336574554
3341562624.0,-0.12464120984077454
3342500096.0,-0.11763680726289749
3343437568.0,-0.11129957437515259
3344375040.0,-0.10268305242061615
3345312512.0,-0.09624923020601273
3346249984.0,-0.08746595680713654
3347187456.0,-0.07811437547206879
3348124928.0,-0.06840483844280243
3349062400.0,-0.058358706533908844
3350000128.0,-0.04753207787871361
3350937600.0,-0.038660354912281036
3351875072.0,-0.029258253052830696
3352812544.0,-0.02042047306895256
3353750016.0,-0.012478875927627087
3354687488.0,-0.006474442780017853
3355624960.0,0.0007483497029170394
3356562432.0,0.00725899450480938
3357499904.0,0.012518052943050861
3358437376.0,0.01724952645599842
3359375104.0,0.022112252190709114
3360312576.0,0.025495590642094612
3361250048.0,0.028159979730844498
3362187520.0,0.030826490372419357
3363124992.0,0.03341878578066826
3364062464.0,0.03505980595946312
3364999936.0,0.0365104041993618
3365937408.0,0.03846725821495056
3366874880.0,0.0406666100025177
3367812608.0,0.048662927001714706
3368750080.0,0.05763888731598854
3369687552.0,0.06511411815881729
3370625024.0,0.07269594818353653
3371562496.0,0.07825348526239395
3372499968.0,0.08358282595872879
3373437440.0,0.08700072020292282
3374374912.0,0.09023068845272064
3375312384.0,0.0925026535987854
3376250112.0,0.09226013720035553
3377187584.0,0.0927024632692337
3378125056.0,0.09097050130367279
3379062528.0,0.08795204013586044
3380000000.0,0.08417031913995743
3380937472.0,0.07687481492757797
3381874944.0,0.07063405960798264
3382812416.0,0.06369030475616455
3383749888.0,0.05441819876432419
3384687616.0,0.04611039534211159
3385625088.0,0.036169037222862244
3386562560.0,0.02687332220375538
3387500032.0,0.017525093629956245
3388437504.0,0.006167829968035221
3389374976.0,-0.0036513153463602066
3390312448.0,-0.012894686311483383
3391249920.0,-0.02206328697502613
3392187392.0,-0.032401569187641144
3393125120.0,-0.04090521112084389
3394062592.0,-0.04922958463430405
3395000064.0,-0.05672707036137581
3395937536.0,-0.06397552043199539
3396875008.0,-0.06946329027414322
3397812480.0,-0.07478752732276917
3398749952.0,-0.07881725579500198
3399687424.0,-0.0825607180595398
3400624896.0,-0.0846748799085617
3401562624.0,-0.08681420236825943
3402500096.0,-0.0885835513472557
3403437568.0,-0.08827190846204758
3404375040.0,-0.08904965966939926
3405312512.0,-0.087370365858078
3406249984.0,-0.08522309362888336
3407187456.0,-0.08301954716444016
3408124928.0,-0.0803895816206932
3409062400.0,-0.07801204919815063
3409999872.0,-0.07510332018136978
3410937600.0,-0.07238540798425674
3411875072.0,-0.06862625479698181
3412812544.0,-0.06486550718545914
3413750016.0,-0.061643242835998535
3414687488.0,-0.057484351098537445
3415624960.0,-0.05325230583548546
3416562432.0,-0.04886435717344284
3417499904.0,-0.04643213003873825
3418437376.0,-0.0430036261677742
3419375104.0,-0.03842860832810402
3420312576.0,-0.03567488119006157
3421250048.0,-0.0311941746622324
3422187520.0,-0.02836320735514164
3423124992.0,-0.02475106343626976
3424062464.0,-0.021070700138807297
3424999936.0,-0.017137840390205383
3425937408.0,-0.014161045663058758
3426874880.0,-0.01059380266815424
3427812608.0,-0.005844765342772007
3428750080.0,-0.0033617280423641205
3429687552.0,-0.00034075017902068794
3430625024.0,0.002467190846800804
3431562496.0,0.006146393250674009
3432499968.0,0.01056430023163557
3433437440.0,0.01448182575404644
3434374912.0,0.019412927329540253
3435312384.0,0.02630707249045372
3436250112.0,0.0332217663526535
3437187584.0,0.04062144458293915
3438125056.0,0.050412848591804504
3439062528.0,0.061036594212055206
3440000000.0,0.07131154090166092
3440937472.0,0.08372548967599869
3441874944.0,0.09666553139686584
3442812416.0,0.11046919226646423
3443749888.0,0.12432117760181427
3444687616.0,0.13901059329509735
3445625088.0,0.15354883670806885
3446562560.0,0.16700288653373718
3447500032.0,0.18059132993221283
3448437504.0,0.19243304431438446
3449374976.0,0.20472046732902527
3450312448.0,0.21410413086414337
3451249920.0,0.22146235406398773
3452187392.0,0.22725564241409302
3453125120.0,0.2306307703256607
3454062592.0,0.2313050925731659
3455000064.0,0.22957099974155426
3455937536.0,0.22451026737689972
3456875008.0,0.21704261004924774
3457812480.0,0.20712082087993622
3458749952.0,0.1950400471687317
3459687424.0,0.1809084713459015
3460624896.0,0.16490624845027924
3461562624.0,0.14714081585407257
3462500096.0,0.12920428812503815
3463437568.0,0.10973778367042542
3464375040.0,0.08939240127801895
3465312512.0,0.0689859688282013
3466249984.0,0.050860896706581116
3467187456.0,0.03169601410627365
3468124928.0,0.013523323461413383
3469062400.0,-0.002928616711869836
3470000128.0,-0.0178158450871706
3470937600.0,-0.030987083911895752
3471875072.0,-0.041267652064561844
3472812544.0,-0.05156060308218002
3473750016.0,-0.0590481199324131
3474687488.0,-0.0651436448097229
3475624960.0,-0.06890414655208588
3476562432.0,-0.07135561108589172
3477499904.0,-0.07238075137138367
3478437376.0,-0.07097414135932922
3479375104.0,-0.07002466917037964
3480312576.0,-0.06578345596790314
3481250048.0,-0.06218748167157173
3482187520.0,-0.05654308199882507
3483124992.0,-0.052305400371551514
3484062464.0,-0.04808962345123291
3484999936.0,-0.04304836317896843
3485937408.0,-0.038513872772455215
3486874880.0,-0.03391853719949722
3487812608.0,-0.020989224314689636
3488750080.0,-0.024691428989171982
3489687552.0,-0.027955222874879837
3490625024.0,-0.032951317727565765
3491562496.0,-0.037775300443172455
3492499968.0,-0.04273808375000954
3493437440.0,-0.04915756732225418
3494374912.0,-0.05471545830368996
3495312384.0,-0.05986916273832321
3496250112.0,-0.065580815076828
3497187584.0,-0.06993407011032104
3498125056.0,-0.07512640953063965
3499062528.0,-0.07735525816679001
3500000000.0,-0.07959393411874771
3500937472.0,-0.07899069041013718
3501874944.0,-0.07861889898777008
3502812416.0,-0.076601542532444
3503749888.0,-0.07352389395236969
3504687616.0,-0.06849956512451172
3505625088.0,-0.06355608254671097
3506562560.0,-0.05686033517122269
3507500032.0,-0.04824410006403923
3508437504.0,-0.041052404791116714
3509374976.0,-0.03186718374490738
3510312448.0,-0.022915925830602646
3511249920.0,-0.012524117715656757
3512187392.0,-0.003091855440288782
3513125120.0,0.005845279432833195
3514062592.0,0.015261315740644932
3515000064.0,0.024566330015659332
3515937536.0,0.03290537744760513
3516875008.0,0.040996283292770386
3517812480.0,0.048692408949136734
3518749952.0,0.054393526166677475
3519687424.0,0.05968507379293442
3520624896.0,0.06302658468484879
3521562624.0,0.06574070453643799
3522500096.0,0.06719324737787247
3523437568.0,0.0677722617983818
3524375040.0,0.06746228784322739
3525312512.0,0.06473179161548615
3526249984.0,0.06308098882436752
3527187456.0,0.06000928580760956
3528124928.0,0.05519871786236763
3529062400.0,0.04998502507805824
3529999872.0,0.04405583068728447
3530937600.0,0.03795706853270531
3531875072.0,0.031631164252758026
3532812544.0,0.026165148243308067
3533750016.0,0.020700810477137566
3534687488.0,0.015935668721795082
3535624960.0,0.012122091837227345
3536562432.0,0.008732559159398079
3537499904.0,0.005436307284981012
3538437376.0,0.003213155083358288
3539375104.0,0.0019244060385972261
3540312576.0,0.0018390463665127754
3541250048.0,0.0021771597675979137
3542187520.0,0.0038606266025453806
3543124992.0,0.006362005602568388
3544062464.0,0.009478980675339699
3544999936.0,0.01311426144093275
3545937408.0,0.017626231536269188
3546874880.0,0.02220986969769001
3547812608.0,0.023593172430992126
3548750080.0,0.0220627523958683
3549687552.0,0.01945926994085312
3550625024.0,0.01707984320819378
3551562496.0,0.015543332323431969
3552499968.0,0.012283713556826115
3553437440.0,0.008459877222776413
3554374912.0,0.0057261851616203785
3555312384.0,0.00235986290499568
3556250112.0,-0.001804959960281849
3557187584.0,-0.00575991440564394
3558125056.0,-0.009429366327822208
3559062528.0,-0.011929592117667198
3560000000.0,-0.015876268967986107
3560937472.0,-0.02000906690955162
3561874944.0,-0.023673536255955696
3562812416.0,-0.026405293494462967
3563749888.0,-0.030246548354625702
3564687616.0,-0.03279299661517143
3565625088.0,-0.03486749902367592
3566562560.0,-0.0375952273607254
3567500032.0,-0.038764454424381256
3568437504.0,-0.04030655324459076
3569374976.0,-0.04068005457520485
3570312448.0,-0.04070010036230087
3571249920.0,-0.04042917862534523
3572187392.0,-0.040168099105358124
3573125120.0,-0.03892352059483528
3574062592.0,-0.0381302535533905
3575000064.0,-0.03662307187914848
3575937536.0,-0.03581719100475311
3576875008.0,-0.03409334272146225
3577812480.0,-0.03289895877242088
3578749952.0,-0.030616745352745056
3579687424.0,-0.02881726063787937
3580624896.0,-0.026655172929167747
3581562624.0,-0.02361381985247135
3582500096.0,-0.021054279059171677
3583437568.0,-0.018744757398962975
3584375040.0,-0.017874926328659058
3585312512.0,-0.017868656665086746
3586249984.0,-0.016384562477469444
3587187456.0,-0.01689685881137848
3588124928.0,-0.016030479222536087
3589062400.0,-0.01630588434636593
3590000128.0,-0.015735391527414322
3590937600.0,-0.01567392237484455
3591875072.0,-0.015987413004040718
3592812544.0,-0.01595291495323181
3593750016.0,-0.015217607840895653
3594687488.0,-0.014294200576841831
3595624960.0,-0.013867558911442757
3596562432.0,-0.013155480846762657
3597499904.0,-0.011442441493272781
3598437376.0,-0.008808054029941559
3599375104.0,-0.005882676225155592
3600312576.0,-0.0031854622066020966
3601250048.0,0.0008796936017461121
3602187520.0,0.005322267767041922
3603124992.0,0.010386262089014053
3604062464.0,0.014255954883992672
3604999936.0,0.019231650978326797
3605937408.0,0.025121917948126793
3606874880.0,0.03106483817100525
3607812608.0,0.05386064946651459
3608750080.0,0.06266051530838013
3609687552.0,0.07196061313152313
3610625024.0,0.08091696351766586
3611562496.0,0.08906999230384827
3612499968.0,0.09653951227664948
3613437440.0,0.10413535684347153
3614374912.0,0.11028353869915009
3615312384.0,0.11545679718255997
3616250112.0,0.11752673983573914
3617187584.0,0.12071671336889267
3618125056.0,0.12298376858234406
3619062528.0,0.1225481852889061
3620000000.0,0.12330563366413116
3620937472.0,0.12171062082052231
3621874944.0,0.11924835294485092
3622812416.0,0.11530665308237076
3623749888.0,0.11194968968629837
3624687616.0,0.10471013933420181
3625625088.0,0.09899536520242691
3626562560.0,0.09274864196777344
3627500032.0,0.08580727130174637
3628437504.0,0.07857975363731384
3629374976.0,0.0699266642332077
3630312448.0,0.061062294989824295
3631249920.0,0.052606675773859024
3632187392.0,0.042460862547159195
3633125120.0,0.032820671796798706
3634062592.0,0.023083606734871864
3635000064.0,0.013049792498350143
3635937536.0,0.0024654888547956944
3636875008.0,-0.007737487088888884
3637812480.0,-0.016494756564497948
3638749952.0,-0.025968190282583237
3639687424.0,-0.035873301327228546
3640624896.0,-0.045690663158893585
3641562624.0,-0.052888210862874985
3642500096.0,-0.06206897273659706
3643437568.0,-0.06901814043521881
3644375040.0,-0.07611878216266632
3645312512.0,-0.0823822021484375
3646249984.0,-0.08829279243946075
3647187456.0,-0.09325094521045685
3648124928.0,-0.09973514825105667
3649062400.0,-0.10285761207342148
3649999872.0,-0.10769548267126083
3650937600.0,-0.11039434373378754
3651875072.0,-0.11293094605207443
3652812544.0,-0.11432787775993347
3653750016.0,-0.11504779756069183
3654687488.0,-0.11498123407363892
3655624960.0,-0.11584904789924622
3656562432.0,-0.11562398821115494
3657499904.0,-0.11494098603725433
3658437376.0,-0.11386746913194656
3659375104.0,-0.11268874257802963
3660312576.0,-0.11069295555353165
3661250048.0,-0.10805906355381012
3662187520.0,-0.1053612157702446
3663124992.0,-0.10207338631153107
3664062464.0,-0.09709489345550537
3664999936.0,-0.09350423514842987
3665937408.0,-0.08973046392202377
3666874880.0,-0.08443710207939148
3667812608.0,-0.06673242151737213
3668750080.0,-0.06681394577026367
3669687552.0,-0.06616514176130295
3670625024.0,-0.0651542991399765
3671562496.0,-0.062312014400959015
3672499968.0,-0.05793518200516701
3673437440.0,-0.05455251410603523
3674374912.0,-0.050547171384096146
3675312384.0,-0.04433866962790489
3676250112.0,-0.037942707538604736
3677187584.0,-0.03111022524535656
3678125056.0,-0.024111658334732056
3679062528.0,-0.01572219841182232
3680000000.0,-0.007559402380138636
3680937472.0,0.0002551857032813132
3681874944.0,0.009597490541636944
3682812416.0,0.017732571810483932
3683749888.0,0.027729719877243042
3684687616.0,0.0365758053958416
3685625088.0,0.045605432242155075
3686562560.0,0.053359393030405045
3687500032.0,0.061558231711387634
3688437504.0,0.06978209316730499
3689374976.0,0.07648409903049469
3690312448.0,0.08275554329156876
3691249920.0,0.0887526348233223
3692187392.0,0.09384659677743912
3693125120.0,0.09831245243549347
3694062592.0,0.1009664386510849
3695000064.0,0.1032680794596672
3695937536.0,0.10377691686153412
3696875008.0,0.10457316786050797
3697812480.0,0.10363824665546417
3698749952.0,0.10198314487934113
3699687424.0,0.09917600452899933
3700624896.0,0.09620426595211029
3701562624.0,0.09178419411182404
3702500096.0,0.08605950325727463
3703437568.0,0.07888956367969513
3704375040.0,0.07241639494895935
3705312512.0,0.06438716500997543
3706249984.0,0.05723432078957558
3707187456.0,0.049481455236673355
3708124928.0,0.0417652428150177
3709062400.0,0.03230220079421997
3710000128.0,0.0233799759298563
3710937600.0,0.01458639744669199
3711875072.0,0.007263016887009144
3712812544.0,-0.0009019842837005854
3713750016.0,-0.008343792520463467
3714687488.0,-0.014866271987557411
3715624960.0,-0.020128685981035233
3716562432.0,-0.025366326794028282
3717499904.0,-0.029454641044139862
3718437376.0,-0.032006505876779556
3719375104.0,-0.035265497863292694
3720312576.0,-0.03645428642630577
3721250048.0,-0.03784094378352165
3722187520.0,-0.039370786398649216
3723124992.0,-0.03802063688635826
3724062464.0,-0.03712141513824463
3724999936.0,-0.036485038697719574
3725937408.0,-0.03493965044617653
3726874880.0,-0.03333108499646187
3727812608.0,-0.036220721900463104
3728750080.0,-0.03662007674574852
3729687552.0,-0.035928647965192795
3730625024.0,-0.034523628652095795
3731562496.0,-0.033366795629262924
3732499968.0,-0.03343763202428818
3733437440.0,-0.03219583258032799
3734374912.0,-0.03226083889603615
3735312384.0,-0.03276461735367775
3736250112.0,-0.033778585493564606
3737187584.0,-0.0354812927544117
3738125056.0,-0.03760220482945442
3739062528.0,-0.0405428521335125
3740000000.0,-0.04307996481657028
3740937472.0,-0.0476996973156929
3741874944.0,-0.05068497359752655
3742812416.0,-0.05679478123784065
3743749888.0,-0.06013555824756622
3744687616.0,-0.06606151908636093
3745625088.0,-0.07087291777133942
3746562560.0,-0.07633338123559952
3747500032.0,-0.08189462870359421
3748437504.0,-0.08701890707015991
3749374976.0,-0.09396129846572876
3750312448.0,-0.09939511865377426
3751249920.0,-0.10510339587926865
3752187392.0,-0.11143837869167328
3753125120.0,-0.11532974243164062
3754062592.0,-0.12017962336540222
3755000064.0,-0.12385989725589752
3755937536.0,-0.12687547504901886
3756875008.0,-0.1290702223777771
3757812480.0,-0.12998078763484955
3758749952.0,-0.12920422852039337
3759687424.0,-0.12781845033168793
3760624896.0,-0.1241443082690239
3761562624.0,-0.11910568922758102
3762500096.0,-0.11264575272798538
3763437568.0,-0.10500779747962952
3764375040.0,-0.09703858941793442
3765312512.0,-0.08731834590435028
3766249984.0,-0.0766424685716629
3767187456.0,-0.06553731858730316
3768124928.0,-0.05379832163453102
3769062400.0,-0.04259999096393585
3769999872.0,-0.03073173016309738
3770937600.0,-0.019771141931414604
3771875072.0,-0.008002479560673237
3772812544.0,0.0018974588019773364
3773750016.0,0.01218569278717041
3774687488.0,0.02047790214419365
3775624960.0,0.027906369417905807
3776562432.0,0.03448939695954323
3777499904.0,0.039663687348365784
3778437376.0,0.041954390704631805
3779375104.0,0.04468746483325958
3780312576.0,0.045433010905981064
3781250048.0,0.04485008865594864
3782187520.0,0.04159414395689964
3783124992.0,0.03695538267493248
3784062464.0,0.03151805326342583
3784999936.0,0.02396547794342041
3785937408.0,0.01553900633007288
3786874880.0,0.01764252968132496
3787812608.0,0.00969269685447216
3788750080.0,-0.00036473438376560807
3789687552.0,-0.010302551090717316
3790625024.0,-0.02241549640893936
3791562496.0,-0.0347103625535965
3792499968.0,-0.04587860032916069
3793437440.0,-0.05791333690285683
3794374912.0,-0.06883946061134338
3795312384.0,-0.07944929599761963
3796250112.0,-0.09015510976314545
3797187584.0,-0.10023011267185211
3798125056.0,-0.11029431223869324
3799062528.0,-0.11973676085472107
3800000000.0,-0.12836119532585144
3800937472.0,-0.13607148826122284
3801874944.0,-0.1422162503004074
3802812416.0,-0.14709728956222534
3803749888.0,-0.15095196664333344
3804687616.0,-0.15379351377487183
3805625088.0,-0.15461908280849457
3806562560.0,-0.15440554916858673
3807500032.0,-0.15367914736270905
3808437504.0,-0.15054738521575928
3809374976.0,-0.1460787057876587
3810312448.0,-0.14057819545269012
3811249920.0,-0.13417381048202515
3812187392.0,-0.12634271383285522
3813125120.0,-0.11780347675085068
3814062592.0,-0.1097436472773552
3815000064.0,-0.1009572371840477
3815937536.0,-0.09075119346380234
3816875008.0,-0.08199090510606766
3817812480.0,-0.07094168663024902
3818749952.0,-0.06154084578156471
3819687424.0,-0.05225822702050209
3820624896.0,-0.041923366487026215
3821562624.0,-0.032524727284908295
3822500096.0,-0.0243348591029644
3823437568.0,-0.017026597633957863
3824375040.0,-0.010992730967700481
3825312512.0,-0.005666879005730152
3826249984.0,-0.0013308021007105708
3827187456.0,0.0020522065460681915
3828124928.0,0.0035390425473451614
3829062400.0,0.005332574713975191
3830000128.0,0.006210056133568287
3830937600.0,0.0060193464159965515
3831875072.0,0.003901262767612934
3832812544.0,0.0020504368003457785
3833750016.0,-0.0017644272884353995
3834687488.0,-0.004504406359046698
3835624960.0,-0.008706450462341309
3836562432.0,-0.012783749960362911
3837499904.0,-0.017207926139235497
3838437376.0,-0.022472118958830833
3839375104.0,-0.02677319198846817
3840312576.0,-0.030965682119131088
3841250048.0,-0.03568539768457413
3842187520.0,-0.038781993091106415
3843124992.0,-0.041025303304195404
3844062464.0,-0.04367150366306305
3844999936.0,-0.045206017792224884
3845937408.0,-0.04683525487780571
3846874880.0,-0.03837457671761513
3847812608.0,-0.034340646117925644
3848750080.0,-0.030170099809765816
3849687552.0,-0.028075436130166054
3850625024.0,-0.023382242769002914
3851562496.0,-0.021086374297738075
3852499968.0,-0.018918154761195183
3853437440.0,-0.018070673570036888
3854374912.0,-0.015611925162374973
3855312384.0,-0.015186452306807041
3856250112.0,-0.014522011391818523
3857187584.0,-0.0143493777140975
3858125056.0,-0.014637010172009468
3859062528.0,-0.015570861287415028
3860000000.0,-0.01575283147394657
3860937472.0,-0.01886827126145363
3861874944.0,-0.020390531048178673
3862812416.0,-0.02331426367163658
3863749888.0,-0.02609167993068695
3864687616.0,-0.028383314609527588
3865625088.0,-0.031559742987155914
3866562560.0,-0.033585820347070694
3867500032.0,-0.03532036393880844
3868437504.0,-0.03756433725357056
3869374976.0,-0.039689481258392334
3870312448.0,-0.041299935430288315
3871249920.0,-0.04314792901277542
3872187392.0,-0.0443510003387928
3873125120.0,-0.04645253345370293
3874062592.0,-0.047101669013500214
3875000064.0,-0.048600934445858
3875937536.0,-0.051765188574790955
3876875008.0,-0.0539863146841526
3877812480.0,-0.055970266461372375
3878749952.0,-0.0585705004632473
3879687424.0,-0.060487501323223114
3880624896.0,-0.06240629777312279
3881562624.0,-0.06360176205635071
3882500096.0,-0.06443974375724792
3883437568.0,-0.06580130010843277
3884375040.0,-0.06477414071559906
3885312512.0,-0.06607422977685928
3886249984.0,-0.06543820351362228
3887187456.0,-0.06550393998622894
3888124928.0,-0.06538280844688416
3889062400.0,-0.06556583940982819
3889999872.0,-0.06536557525396347
3890937600.0,-0.06597115099430084
3891875072.0,-0.06626565754413605
3892812544.0,-0.06704891473054886
3893750016.0,-0.06771521270275116
3894687488.0,-0.07044313848018646
3895624960.0,-0.07166314870119095
3896562432.0,-0.07378467917442322
3897499904.0,-0.07625877112150192
3898437376.0,-0.07929737865924835
3899375104.0,-0.0821925550699234
3900312576.0,-0.08729441463947296
3901250048.0,-0.09101000428199768
3902187520.0,-0.09530090540647507
3903124992.0,-0.09931939840316772
3904062464.0,-0.10466739535331726
3904999936.0,-0.10881540924310684
3905937408.0,-0.11391317844390869
3906874880.0,-0.12912942469120026
3907812608.0,-0.13703295588493347
3908750080.0,-0.14409741759300232
3909687552.0,-0.14886893332004547
3910625024.0,-0.15156346559524536
3911562496.0,-0.15105010569095612
3912499968.0,-0.14900889992713928
3913437440.0,-0.14624832570552826
3914374912.0,-0.14076310396194458
3915312384.0,-0.1327967494726181
3916250112.0,-0.12373089790344238
3917187584.0,-0.11071135848760605
3918125056.0,-0.09764363616704941
3919062528.0,-0.08370254188776016
3920000000.0,-0.06845580041408539
3920937472.0,-0.05325000733137131
3921874944.0,-0.0367095023393631
3922812416.0,-0.02111971564590931
3923749888.0,-0.004827066790312529
3924687616.0,0.010238464921712875
3925625088.0,0.026034444570541382
3926562560.0,0.03963877633213997
3927500032.0,0.05324281379580498
3928437504.0,0.06596527993679047
3929374976.0,0.07500874996185303
3930312448.0,0.08357153832912445
3931249920.0,0.0889926552772522
3932187392.0,0.09296838194131851
3933125120.0,0.09474067389965057
3934062592.0,0.09467872232198715
3935000064.0,0.09274788945913315
3935937536.0,0.08787798136472702
3936875008.0,0.08304610848426819
3937812480.0,0.07664284855127335
3938749952.0,0.06955882161855698
3939687424.0,0.06156137213110924
3940624896.0,0.05289354920387268
3941562624.0,0.04390081390738487
3942500096.0,0.03398161008954048
3943437568.0,0.025650229305028915
3944375040.0,0.016404159367084503
3945312512.0,0.007937072776257992
3946249984.0,0.0011281856568530202
3947187456.0,-0.005625168792903423
3948124928.0,-0.012479711323976517
3949062400.0,-0.018345586955547333
3950000128.0,-0.021868892014026642
3950937600.0,-0.025162920355796814
3951875072.0,-0.027325427159667015
3952812544.0,-0.029868824407458305
3953750016.0,-0.03220745921134949
3954687488.0,-0.03418039530515671
3955624960.0,-0.03550928831100464
3956562432.0,-0.03750047832727432
3957499904.0,-0.03999989107251167
3958437376.0,-0.04093019664287567
3959375104.0,-0.040665771812200546
3960312576.0,-0.04176105931401253
3961250048.0,-0.04377917945384979
3962187520.0,-0.046132463961839676
3963124992.0,-0.04893536493182182
3964062464.0,-0.053322359919548035
3964999936.0,-0.058297138661146164
3965937408.0,-0.06348716467618942
3966874880.0,-0.07843242585659027
3967812608.0,-0.09224685281515121
3968750080.0,-0.10585213452577591
3969687552.0,-0.11852838099002838
3970625024.0,-0.13339242339134216
3971562496.0,-0.1469452828168869
3972499968.0,-0.15985769033432007
3973437440.0,-0.17009207606315613
3974374912.0,-0.1814306527376175
3975312384.0,-0.1897234320640564
3976250112.0,-0.1964658945798874
3977187584.0,-0.20259186625480652
3978125056.0,-0.20659387111663818
3979062528.0,-0.20847734808921814
3980000000.0,-0.20790493488311768
3980937472.0,-0.2059766948223114
3981874944.0,-0.20350360870361328
3982812416.0,-0.19735518097877502
3983749888.0,-0.19258011877536774
3984687616.0,-0.18504691123962402
3985625088.0,-0.17695048451423645
3986562560.0,-0.1667579561471939
3987500032.0,-0.1562129557132721
3988437504.0,-0.1452414095401764
3989374976.0,-0.13339820504188538
3990312448.0,-0.12114914506673813
3991249920.0,-0.1093655601143837
3992187392.0,-0.09747438132762909
3993125120.0,-0.08467639982700348
3994062592.0,-0.07513095438480377
3995000064.0,-0.06367651373147964
3995937536.0,-0.05424328148365021
3996875008.0,-0.04571037366986275
3997812480.0,-0.03882830590009689
3998749952.0,-0.032656069844961166
3999687424.0,-0.026382405310869217
4000624896.0,-0.03265025466680527
4001562624.0,-0.02995019219815731
4002500096.0,-0.028905970975756645
4003437568.0,-0.02875671721994877
4004375040.0,-0.030380990356206894
4005312512.0,-0.03305268660187721
4006249984.0,-0.03767568618059158
4007187456.0,-0.04331497475504875
4008124928.0,-0.04850512742996216
4009062400.0,-0.05496770516037941
4009999872.0,-0.06258241832256317
4010937600.0,-0.0705265998840332
4011875072.0,-0.07959520816802979
4012812544.0,-0.0875781774520874
4013750016.0,-0.09570220857858658
4014687488.0,-0.10346168279647827
4015624960.0,-0.1123688668012619
4016562432.0,-0.12008650600910187
4017499904.0,-0.127568319439888
4018437376.0,-0.1344192624092102
4019375104.0,-0.14136828482151031
4020312576.0,-0.14642255008220673
4021250048.0,-0.1516999900341034
4022187520.0,-0.15585030615329742
4023124992.0,-0.1610792577266693
4024062464.0,-0.16410619020462036
4024999936.0,-0.16803424060344696
4025937408.0,-0.17173798382282257
4026874880.0,-0.16448120772838593
4027812608.0,-0.17099148035049438
4028750080.0,-0.17682163417339325
4029687552.0,-0.1828974038362503
4030625024.0,-0.18803620338439941
4031562496.0,-0.19470344483852386
4032499968.0,-0.19777357578277588
4033437440.0,-0.20154859125614166
4034374912.0,-0.2049494832754135
4035312384.0,-0.2059655487537384
4036250112.0,-0.20620395243167877
4037187584.0,-0.20560747385025024
4038125056.0,-0.20264889299869537
4039062528.0,-0.19837114214897156
4040000000.0,-0.1932232826948166
4040937472.0,-0.18761342763900757
4041874944.0,-0.1819084882736206
4042812416.0,-0.1739102452993393
4043749888.0,-0.16589286923408508
4044687616.0,-0.1569545567035675
4045625088.0,-0.1459423303604126
4046562560.0,-0.13432037830352783
4047500032.0,-0.1223684772849083
4048437504.0,-0.11012585461139679
4049374976.0,-0.09595362842082977
4050312448.0,-0.08184155821800232
4051249920.0,-0.06775058060884476
4052187392.0,-0.05325377732515335
4053125120.0,-0.0391366071999073
4054062592.0,-0.02624238096177578
4055000064.0,-0.012460315600037575
4055937536.0,-0.0017480123788118362
4056875008.0,0.008888015523552895
4057812480.0,0.018058469519019127
4058749952.0,0.02597706764936447
4059687424.0,0.031822655349969864
4060624896.0,0.03709864988923073
4061562624.0,0.039766862988471985
4062500096.0,0.04106808453798294
4063437568.0,0.0413520410656929
4064375040.0,0.0392412431538105
4065312512.0,0.03441733866930008
4066249984.0,0.02995068021118641
4067187456.0,0.022672384977340698
4068124928.0,0.014436311088502407
4069062400.0,0.005287636537104845
4070000128.0,-0.004181244410574436
4070937600.0,-0.016834644600749016
4071875072.0,-0.02819906175136566
4072812544.0,-0.04097680374979973
4073750016.0,-0.053645387291908264
4074687488.0,-0.06536046415567398
4075624960.0,-0.07883881777524948
4076562432.0,-0.09106477349996567
4077499904.0,-0.10324481129646301
4078437376.0,-0.11506886035203934
4079375104.0,-0.125010147690773
4080312576.0,-0.13447479903697968
4081250048.0,-0.1432645320892334
4082187520.0,-0.1512892246246338
4083124992.0,-0.15711170434951782
4084062464.0,-0.16301670670509338
4084999936.0,-0.1664123237133026
4085937408.0,-0.16793224215507507
4086874880.0,-0.1500675082206726
4087812608.0,-0.14944618940353394
4088750080.0,-0.149247944355011
4089687552.0,-0.1470019370317459
4090625024.0,-0.14482758939266205
4091562496.0,-0.14102821052074432
4092499968.0,-0.13775306940078735
4093437440.0,-0.13230399787425995
4094374912.0,-0.12767872214317322
4095312384.0,-0.121844083070755
4096250112.0,-0.11551126837730408
4097187584.0,-0.10992949455976486
4098125056.0,-0.1030409038066864
4099062528.0,-0.09771110117435455
4100000000.0,-0.0911906510591507
4100937472.0,-0.08473986387252808
4101874944.0,-0.07890930026769638
4102812416.0,-0.07312201708555222
4103749888.0,-0.06757993996143341
4104687616.0,-0.0625256672501564
4105625088.0,-0.0573730543255806
4106562560.0,-0.053166165947914124
4107500032.0,-0.04798812419176102
4108437504.0,-0.044129181653261185
4109374976.0,-0.040155041962862015
4110312448.0,-0.03796163201332092
4111249920.0,-0.03543731942772865
4112187392.0,-0.032839223742485046
4113125120.0,-0.030530299991369247
4114062592.0,-0.029043013229966164
4115000064.0,-0.02796943485736847
4115937536.0,-0.02718762308359146
4116875008.0,-0.02612360194325447
4117812480.0,-0.025136006996035576
4118749952.0,-0.024840442463755608
4119687424.0,-0.024968579411506653
4120624896.0,-0.025533458217978477
4121562624.0,-0.026296483352780342
4122500096.0,-0.02657044306397438
4123437568.0,-0.02764870971441269
4124375040.0,-0.028548672795295715
4125312512.0,-0.030472571030259132
4126249984.0,-0.031633391976356506
4127187456.0,-0.03384590521454811
4128124928.0,-0.036201078444719315
4129062400.0,-0.03927565738558769
4129999872.0,-0.042700327932834625
4130937600.0,-0.045736514031887054
4131875072.0,-0.05011869594454765
4132812544.0,-0.055357325822114944
4133750016.0,-0.06037840247154236
4134687488.0,-0.06644263863563538
4135624960.0,-0.07227043062448502
4136562432.0,-0.08042538166046143
4137499904.0,-0.08651787787675858
4138437376.0,-0.09402710944414139
4139375104.0,-0.10363554954528809
4140312576.0,-0.1109982281923294
4141250048.0,-0.12010839581489563
4142187520.0,-0.12885499000549316
4143124992.0,-0.13811030983924866
4144062464.0,-0.14836162328720093
4144999936.0,-0.1566983163356781
4145937408.0,-0.16533251106739044
4146874880.0,-0.18680626153945923
4147812608.0,-0.19574250280857086
4148750080.0,-0.20251542329788208
4149687552.0,-0.20639276504516602
4150625024.0,-0.2074650377035141
4151562496.0,-0.208234503865242
4152499968.0,-0.20654726028442383
4153437440.0,-0.20133893191814423
4154374912.0,-0.19587095081806183
4155312384.0,-0.18891488015651703
4156250112.0,-0.1799406111240387
4157187584.0,-0.1701909452676773
4158125056.0,-0.15916448831558228
4159062528.0,-0.1471283882856369
4160000000.0,-0.13523349165916443
4160937472.0,-0.12312411516904831
4161874944.0,-0.11043789237737656
4162812416.0,-0.09802739322185516
4163749888.0,-0.08608097583055496
4164687616.0,-0.07388223707675934
4165625088.0,-0.06233520805835724
4166562560.0,-0.05162309482693672
4167500032.0,-0.04084464907646179
4168437504.0,-0.03091374784708023
4169374976.0,-0.021785374730825424
4170312448.0,-0.01393799763172865
4171249920.0,-0.006623434368520975
4172187392.0,0.00024303696409333497
4173125120.0,0.00680168904364109
4174062592.0,0.012882052920758724
4175000064.0,0.017181426286697388
4175937536.0,0.020839765667915344
4176875008.0,0.023978227749466896
4177812480.0,0.025742126628756523
4178749952.0,0.02788412570953369
4179687424.0,0.029186151921749115
4180624896.0,0.02926829643547535
4181562624.0,0.030128182843327522
4182500096.0,0.030180728062987328
4183437568.0,0.029722409322857857
4184375040.0,0.02857625111937523
4185312512.0,0.027213865891098976
4186249984.0,0.023830335587263107
4187187456.0,0.020413873717188835
4188124928.0,0.016715172678232193
4189062400.0,0.012603402137756348
4190000128.0,0.007128095719963312
4190937600.0,0.0018671731231734157
4191875072.0,-0.004749460145831108
4192812544.0,-0.010786461643874645
4193750016.0,-0.018604636192321777
4194687488.0,-0.028128134086728096
4195624960.0,-0.03573013097047806
4196562432.0,-0.04552130773663521
4197499904.0,-0.05434884876012802
4198437376.0,-0.06584832072257996
4199375104.0,-0.0774281695485115
4200312576.0,-0.08905491977930069
4201250048.0,-0.10135053098201752
4202187520.0,-0.11279155313968658
4203124992.0,-0.12516826391220093
4204062464.0,-0.13815778493881226
4204999936.0,-0.1505783200263977
4205937408.0,-0.1622023731470108
4206874880.0,-0.16463837027549744
4207812608.0,-0.1766701340675354
4208750080.0,-0.1887880265712738
4209687552.0,-0.2006089836359024
4210625024.0,-0.21145926415920258
4211562496.0,-0.2211521863937378
4212499968.0,-0.22968296706676483
4213437440.0,-0.23732861876487732
4214374912.0,-0.24316227436065674
4215312384.0,-0.24592866003513336
4216250112.0,-0.2487754225730896
4217187584.0,-0.24810300767421722
4218125056.0,-0.24566267430782318
4219062528.0,-0.24044303596019745
4220000000.0,-0.23286861181259155
4220937472.0,-0.22250957787036896
4221874944.0,-0.21092313528060913
4222812416.0,-0.19729702174663544
4223749888.0,-0.18118014931678772
4224687616.0,-0.16333790123462677
4225625088.0,-0.1442817896604538
4226562560.0,-0.12276780605316162
4227500032.0,-0.10037004202604294
4228437504.0,-0.07800310850143433
4229374976.0,-0.054742518812417984
4230312448.0,-0.03216084837913513
4231249920.0,-0.010242829099297523
4232187392.0,0.011537269689142704
4233125120.0,0.033175449818372726
4234062592.0,0.052531950175762177
4235000064.0,0.0707937553524971
4235937536.0,0.0869874656200409
4236875008.0,0.10142621397972107
4237812480.0,0.11355754733085632
4238749952.0,0.12430757284164429
4239687424.0,0.132039412856102
4240624896.0,0.13610224425792694
4241562624.0,0.13796298205852509
4242500096.0,0.1374768316745758
4243437568.0,0.13371433317661285
4244375040.0,0.12905046343803406
4245312512.0,0.12113472819328308
4246249984.0,0.11172022670507431
4247187456.0,0.1001625582575798
4248124928.0,0.08736947178840637
4249062400.0,0.07327816635370255
4249999872.0,0.05762845650315285
4250937600.0,0.040554337203502655
4251875072.0,0.0226751621812582
4252812544.0,0.004325058776885271
4253750016.0,-0.014288567006587982
4254687488.0,-0.03248690068721771
4255624960.0,-0.050996433943510056
4256562432.0,-0.06929919868707657
4257499904.0,-0.08713825047016144
4258437376.0,-0.10475946962833405
4259375104.0,-0.12300770729780197
4260312576.0,-0.13913016021251678
4261250048.0,-0.15561069548130035
4262187520.0,-0.16982172429561615
4263124992.0,-0.1847076416015625
4264062464.0,-0.1989852786064148
4264999936.0,-0.2125815749168396
4265937408.0,-0.22577700018882751
4266874880.0,-0.2380109578371048
4267812608.0,-0.24259555339813232
4268750080.0,-0.2475384622812271
4269687552.0,-0.2522335350513458
4270625024.0,-0.25658780336380005
4271562496.0,-0.26123112440109253
4272499968.0,-0.26586586236953735
4273437440.0,-0.26967865228652954
4274374912.0,-0.2720808982849121
4275312384.0,-0.2737791836261749
4276250112.0,-0.2727220356464386
4277187584.0,-0.27252283692359924
4278125056.0,-0.26965436339378357
4279062528.0,-0.2655525207519531
4280000000.0,-0.2595047950744629
4280937472.0,-0.2503793239593506
4281874944.0,-0.2401995211839676
4282812416.0,-0.2281322181224823
4283749888.0,-0.21435976028442383
4284687616.0,-0.19982010126113892
4285625088.0,-0.18237708508968353
4286562560.0,-0.1645309329032898
4287500032.0,-0.143729567527771
4288437504.0,-0.12263389676809311
4289374976.0,-0.0997733548283577
4290312448.0,-0.0774887278676033
4291249920.0,-0.05423400551080704
4292187392.0,-0.029999421909451485
4293125120.0,-0.007214575540274382
4294062592.0,0.015417832881212234
4295000064.0,0.03803698346018791
4295937536.0,0.059769563376903534
4296875008.0,0.08034662902355194
4297812480.0,0.10008423030376434
4298749952.0,0.11738236248493195
4299687424.0,0.1331677883863449
4300624896.0,0.14673291146755219
4301562368.0,0.15655732154846191
4302499840.0,0.16549180448055267
4303437312.0,0.17268802225589752
4304374784.0,0.17525558173656464
4305312256.0,0.17598915100097656
4306250240.0,0.1751500368118286
4307187712.0,0.1695447862148285
4308125184.0,0.16276468336582184
4309062656.0,0.1516435742378235
4310000128.0,0.1376819908618927
4310937600.0,0.12131907790899277
4311875072.0,0.10203874111175537
4312812544.0,0.08100572228431702
4313750016.0,0.05715765058994293
4314687488.0,0.03154199942946434
4315624960.0,0.005012459587305784
4316562432.0,-0.023417815566062927
4317499904.0,-0.05284728854894638
4318437376.0,-0.08168549090623856
4319374848.0,-0.11147759109735489
4320312320.0,-0.14100399613380432
4321249792.0,-0.17010954022407532
4322187264.0,-0.19828006625175476
4323125248.0,-0.22519975900650024
4324062720.0,-0.24978815019130707
4325000192.0,-0.2726052701473236
4325937664.0,-0.2922050654888153
4326875136.0,-0.3339976668357849
4327812608.0,-0.32955560088157654
4328750080.0,-0.3229621648788452
4329687552.0,-0.3165338933467865
4330625024.0,-0.3092859387397766
4331562496.0,-0.30087774991989136
4332499968.0,-0.2925568222999573
4333437440.0,-0.2843798100948334
4334374912.0,-0.2755429446697235
4335312384.0,-0.26853662729263306
4336249856.0,-0.2609918713569641
4337187328.0,-0.25369933247566223
4338124800.0,-0.24743975698947906
4339062272.0,-0.24189376831054688
4339999744.0,-0.23553043603897095
4340937728.0,-0.23099112510681152
4341875200.0,-0.22551167011260986
4342812672.0,-0.22091884911060333
4343750144.0,-0.21733467280864716
4344687616.0,-0.21116141974925995
4345625088.0,-0.20511527359485626
4346562560.0,-0.1978776603937149
4347500032.0,-0.19090047478675842
4348437504.0,-0.1838582456111908
4349374976.0,-0.1750398427248001
4350312448.0,-0.16567713022232056
4351249920.0,-0.15344664454460144
4352187392.0,-0.14100612699985504
4353124864.0,-0.12707394361495972
4354062336.0,-0.11211550235748291
4354999808.0,-0.09525972604751587
4355937280.0,-0.07798294723033905
4356874752.0,-0.06093648448586464
4357812736.0,-0.043717242777347565
4358750208.0,-0.028450824320316315
4359687680.0,-0.01733928732573986
4360625152.0,-0.009882248006761074
4361562624.0,-0.005335208959877491
4362500096.0,-0.0013755332911387086
4363437568.0,0.00029235187685117126
4364375040.0,0.0017113983631134033
4365312512.0,0.003141223918646574
4366249984.0,0.002931114984676242
4367187456.0,0.003078149864450097
4368124928.0,0.0014126539463177323
4369062400.0,-0.00010101705265697092
4369999872.0,-0.0007877922616899014
4370937344.0,-0.0036095180548727512
4371874816.0,-0.0053406767547130585
4372812288.0,-0.010340056382119656
4373749760.0,-0.014740435406565666
4374687744.0,-0.021144116297364235
4375625216.0,-0.028736071661114693
4376562688.0,-0.03877178952097893
4377500160.0,-0.04962531477212906
4378437632.0,-0.06299162656068802
4379375104.0,-0.07812873274087906
4380312576.0,-0.09586936235427856
4381250048.0,-0.11462070792913437
4382187520.0,-0.13521021604537964
4383124992.0,-0.15716812014579773
4384062464.0,-0.18096446990966797
4384999936.0,-0.20369917154312134
4385937408.0,-0.22728997468948364
4386874880.0,-0.3232165575027466
4387812352.0,-0.3393138647079468
4388749824.0,-0.3532167971134186
4389687296.0,-0.36410006880760193
4390624768.0,-0.37279051542282104
4391562752.0,-0.37805482745170593
4392500224.0,-0.3798971176147461
4393437696.0,-0.37936654686927795
4394375168.0,-0.37564030289649963
4395312640.0,-0.36737188696861267
4396250112.0,-0.35666656494140625
4397187584.0,-0.3431890904903412
4398125056.0,-0.32619327306747437
4399062528.0,-0.3067028522491455
4400000000.0,-0.28430062532424927
4400937472.0,-0.2586911618709564
4401874944.0,-0.23161309957504272
4402812416.0,-0.20311671495437622
4403749888.0,-0.17280413210391998
4404687360.0,-0.1406761258840561
4405624832.0,-0.10879167914390564
4406562304.0,-0.07553888857364655
4407499776.0,-0.04308631271123886
4408437248.0,-0.011735090985894203
4409375232.0,0.018720366060733795
4410312704.0,0.04707746207714081
4411250176.0,0.07497528940439224
4412187648.0,0.09870393574237823
4413125120.0,0.12161354720592499
4414062592.0,0.14232656359672546
4415000064.0,0.1603131741285324
4415937536.0,0.17391274869441986
4416875008.0,0.1848541498184204
4417812480.0,0.1921585649251938
4418749952.0,0.19710056483745575
4419687424.0,0.19822166860103607
4420624896.0,0.1945752054452896
4421562368.0,0.18962353467941284
4422499840.0,0.17992034554481506
4423437312.0,0.16791436076164246
4424374784.0,0.15195778012275696
4425312256.0,0.13423123955726624
4426250240.0,0.11482632905244827
4427187712.0,0.09264857321977615
4428125184.0,0.06878349930047989
4429062656.0,0.043187785893678665
4430000128.0,0.01723211444914341
4430937600.0,-0.009622099809348583
4431875072.0,-0.03668467700481415
4432812544.0,-0.06294135749340057
4433750016.0,-0.08847048878669739
4434687488.0,-0.11336484551429749
4435624960.0,-0.13656316697597504
4436562432.0,-0.1591194123029709
4437499904.0,-0.17966918647289276
4438437376.0,-0.19773396849632263
4439374848.0,-0.21452990174293518
4440312320.0,-0.22808274626731873
4441249792.0,-0.23873041570186615
4442187264.0,-0.24885904788970947
4443125248.0,-0.2540248930454254
4444062720.0,-0.25846320390701294
4445000192.0,-0.26050758361816406
4445937664.0,-0.26048919558525085
4446875136.0,-0.20380498468875885
4447812608.0,-0.20924964547157288
4448750080.0,-0.21230044960975647
4449687552.0,-0.21233218908309937
4450625024.0,-0.2093314826488495
4451562496.0,-0.20502589643001556
4452499968.0,-0.1959056258201599
4453437440.0,-0.18514467775821686
4454374912.0,-0.17117175459861755
4455312384.0,-0.15581786632537842
4456249856.0,-0.13822096586227417
4457187328.0,-0.11804778128862381
4458124800.0,-0.09725134819746017
4459062272.0,-0.07518943399190903
4460000256.0,-0.052720218896865845
4460937728.0,-0.029785923659801483
4461875200.0,-0.008039196021854877
4462812672.0,0.013786163181066513
4463750144.0,0.03483190760016441
4464687616.0,0.053841374814510345
4465625088.0,0.0716862678527832
4466562560.0,0.08668472617864609
4467500032.0,0.1000906378030777
4468437504.0,0.11005661636590958
4469374976.0,0.11977803707122803
4470312448.0,0.12380677461624146
4471249920.0,0.12737925350666046
4472187392.0,0.12678620219230652
4473124864.0,0.12326169013977051
4474062336.0,0.11684670299291611
4474999808.0,0.10775763541460037
4475937280.0,0.0957624539732933
4476874752.0,0.08057770133018494
4477812736.0,0.06357415020465851
4478750208.0,0.043788641691207886
4479687680.0,0.021644411608576775
4480625152.0,-0.00273123593069613
4481562624.0,-0.027185438200831413
4482500096.0,-0.05364396423101425
4483437568.0,-0.08043183386325836
4484375040.0,-0.10787316411733627
4485312512.0,-0.13704463839530945
4486249984.0,-0.16532041132450104
4487187456.0,-0.1931437849998474
4488124928.0,-0.22168347239494324
4489062400.0,-0.2467385232448578
4489999872.0,-0.27141281962394714
4490937344.0,-0.29387450218200684
4491874816.0,-0.3143402338027954
4492812288.0,-0.3338787257671356
4493749760.0,-0.3517322540283203
4494687744.0,-0.36591389775276184
4495625216.0,-0.37641146779060364
4496562688.0,-0.38661685585975647
4497500160.0,-0.3937068581581116
4498437632.0,-0.3984818756580353
4499375104.0,-0.4023391604423523
4500312576.0,-0.4046994745731354
4501250048.0,-0.40416988730430603
4502187520.0,-0.40377306938171387
4503124992.0,-0.40094250440597534
4504062464.0,-0.3977598547935486
4504999936.0,-0.3945104479789734
4505937408.0,-0.3899696469306946
4506874880.0,-0.2710056006908417
4507812352.0,-0.2691994607448578
4508749824.0,-0.26724857091903687
4509687296.0,-0.2653031051158905
4510624768.0,-0.264708012342453
4511562752.0,-0.2643653154373169
4512500224.0,-0.265375018119812
4513437696.0,-0.2671475410461426
4514375168.0,-0.2689736485481262
4515312640.0,-0.27338707447052
4516250112.0,-0.27892449498176575
4517187584.0,-0.2848072350025177
4518125056.0,-0.29073935747146606
4519062528.0,-0.2987508475780487
4520000000.0,-0.30618929862976074
4520937472.0,-0.31499040126800537
4521874944.0,-0.3245092034339905
4522812416.0,-0.3338940441608429
4523749888.0,-0.34362056851387024
4524687360.0,-0.35369211435317993
4525624832.0,-0.3618244230747223
4526562304.0,-0.3712595999240875
4527499776.0,-0.37999460101127625
4528437248.0,-0.3888716399669647
4529375232.0,-0.3980664014816284
4530312704.0,-0.4059472382068634
4531250176.0,-0.413723886013031
4532187648.0,-0.4205152988433838
4533125120.0,-0.42739054560661316
4534062592.0,-0.43403106927871704
4535000064.0,-0.4386800229549408
4535937536.0,-0.44364115595817566
4536875008.0,-0.4482290744781494
4537812480.0,-0.4510277509689331
4538749952.0,-0.4533604681491852
4539687424.0,-0.4553665220737457
4540624896.0,-0.45612335205078125
4541562368.0,-0.45723968744277954
4542499840.0,-0.45691022276878357
4543437312.0,-0.4559948742389679
4544374784.0,-0.45540517568588257
4545312256.0,-0.45325616002082825
4546250240.0,-0.451261043548584
4547187712.0,-0.4480571150779724
4548125184.0,-0.4459022879600525
4549062656.0,-0.44273996353149414
4550000128.0,-0.44146817922592163
4550937600.0,-0.43773889541625977
4551875072.0,-0.4345300495624542
4552812544.0,-0.43333321809768677
4553750016.0,-0.43102362751960754
4554687488.0,-0.4284858703613281
4555624960.0,-0.4257064759731293
4556562432.0,-0.42442718148231506
4557499904.0,-0.42249974608421326
4558437376.0,-0.4203125536441803
4559374848.0,-0.4186369478702545
4560312320.0,-0.4177097678184509
4561249792.0,-0.41794508695602417
4562187264.0,-0.4161604046821594
4563125248.0,-0.41507816314697266
4564062720.0,-0.4144795536994934
4565000192.0,-0.41335219144821167
4565937664.0,-0.41120645403862
4566875136.0,-0.3625427484512329
4567812608.0,-0.3690737783908844
4568750080.0,-0.3744881749153137
4569687552.0,-0.37777212262153625
4570625024.0,-0.37944817543029785
4571562496.0,-0.37912124395370483
4572499968.0,-0.3763352334499359
4573437440.0,-0.37247827649116516
4574374912.0,-0.3654099404811859
4575312384.0,-0.35583946108818054
4576249856.0,-0.3461841642856598
4577187328.0,-0.33277252316474915
4578124800.0,-0.3179931044578552
4579062272.0,-0.3016999363899231
4579999744.0,-0.2832682430744171
4580937728.0,-0.2637436091899872
4581875200.0,-0.2433166801929474
4582812672.0,-0.22093738615512848
4583750144.0,-0.19881360232830048
4584687616.0,-0.17560532689094543
4585625088.0,-0.15293607115745544
4586562560.0,-0.13054613769054413
4587500032.0,-0.10750960558652878
4588437504.0,-0.08667007833719254
4589374976.0,-0.06610716879367828
4590312448.0,-0.04701556637883186
4591249920.0,-0.030751321464776993
4592187392.0,-0.014722712337970734
4593124864.0,-0.0018741748062893748
4594062336.0,0.009386139921844006
4594999808.0,0.018738815560936928
4595937280.0,0.024407876655459404
4596874752.0,0.029354440048336983
4597812736.0,0.030223432928323746
4598750208.0,0.02813575603067875
4599687680.0,0.023542599752545357
4600625152.0,0.01633918285369873
4601562624.0,0.006868903059512377
4602500096.0,-0.004686861298978329
4603437568.0,-0.019053591415286064
4604375040.0,-0.03427683562040329
4605312512.0,-0.05233749374747276
4606249984.0,-0.07189982384443283
4607187456.0,-0.09334229677915573
4608124928.0,-0.11490868777036667
4609062400.0,-0.13834212720394135
4609999872.0,-0.161768838763237
4610937344.0,-0.18482519686222076
4611874816.0,-0.2069220393896103
4612812288.0,-0.22905071079730988
4613749760.0,-0.25154638290405273
4614687744.0,-0.27100399136543274
4615625216.0,-0.29063358902931213
4616562688.0,-0.30907079577445984
4617500160.0,-0.32660621404647827
4618437632.0,-0.34249475598335266
4619375104.0,-0.35715270042419434
4620312576.0,-0.3696697950363159
4621250048.0,-0.3827372193336487
4622187520.0,-0.3936243951320648
4623124992.0,-0.4055825173854828
4624062464.0,-0.4150703251361847
4624999936.0,-0.4234815835952759
4625937408.0,-0.4326646625995636
4626874880.0,-0.4494738280773163
4627812352.0,-0.4443356990814209
4628749824.0,-0.4385518431663513
4629687296.0,-0.43185263872146606
4630624768.0,-0.42244085669517517
4631562752.0,-0.41351431608200073
4632500224.0,-0.40289825201034546
4633437696.0,-0.39324235916137695
4634375168.0,-0.3828269839286804
4635312640.0,-0.37352779507637024
4636250112.0,-0.3632245659828186
4637187584.0,-0.35336175560951233
4638125056.0,-0.34419187903404236
4639062528.0,-0.3369424045085907
4640000000.0,-0.3288123905658722
4640937472.0,-0.3205140233039856
4641874944.0,-0.3138650953769684
4642812416.0,-0.30817389488220215
4643749888.0,-0.3026657700538635
4644687360.0,-0.29867538809776306
4645624832.0,-0.2963424623012543
4646562304.0,-0.29401859641075134
4647499776.0,-0.2941199243068695
4648437248.0,-0.2961256206035614
4649375232.0,-0.29798081517219543
4650312704.0,-0.3014037013053894
4651250176.0,-0.3053478002548218
4652187648.0,-0.31082090735435486
4653125120.0,-0.3162095546722412
4654062592.0,-0.3240329325199127
4655000064.0,-0.3311772346496582
4655937536.0,-0.34006425738334656
4656875008.0,-0.3497472405433655
4657812480.0,-0.3590879738330841
4658749952.0,-0.3697417676448822
4659687424.0,-0.38135361671447754
4660624896.0,-0.39381298422813416
4661562368.0,-0.4068094789981842
4662499840.0,-0.4185694754123688
4663437312.0,-0.4320976436138153
4664374784.0,-0.44598180055618286
4665312256.0,-0.45971444249153137
4666250240.0,-0.47368013858795166
4667187712.0,-0.4888346195220947
4668125184.0,-0.5024954676628113
4669062656.0,-0.516179084777832
4670000128.0,-0.5310624837875366
4670937600.0,-0.5465320944786072
4671875072.0,-0.5607848763465881
4672812544.0,-0.5755384564399719
4673750016.0,-0.5895410180091858
4674687488.0,-0.6045947074890137
4675624960.0,-0.6174094676971436
4676562432.0,-0.6286441683769226
4677499904.0,-0.6408566832542419
4678437376.0,-0.6522743701934814
4679374848.0,-0.6623756289482117
4680312320.0,-0.670505166053772
4681249792.0,-0.6792856454849243
4682187264.0,-0.6849223971366882
4683125248.0,-0.6899046301841736
4684062720.0,-0.6936959028244019
4685000192.0,-0.6946490406990051
4685937664.0,-0.6951744556427002
4686875136.0,-0.6710132360458374
4687812608.0,-0.6721076369285583
4688750080.0,-0.669282078742981
4689687552.0,-0.6641043424606323
4690625024.0,-0.6562592387199402
4691562496.0,-0.6461041569709778
4692499968.0,-0.6330710053443909
4693437440.0,-0.617561399936676
4694374912.0,-0.6001657247543335
4695312384.0,-0.5819300413131714
4696249856.0,-0.5605477690696716
4697187328.0,-0.5371025204658508
4698124800.0,-0.5138723254203796
4699062272.0,-0.4909074008464813
4700000256.0,-0.4680648446083069
4700937728.0,-0.44439399242401123
4701875200.0,-0.4236782491207123
4702812672.0,-0.40362221002578735
4703750144.0,-0.3854881823062897
4704687616.0,-0.3710581064224243
4705625088.0,-0.3578416407108307
4706562560.0,-0.3479568362236023
4707500032.0,-0.3409981429576874
4708437504.0,-0.33890098333358765
4709374976.0,-0.34213986992836
4710312448.0,-0.3484112322330475
4711249920.0,-0.3608020842075348
4712187392.0,-0.3779711425304413
4713124864.0,-0.4002041816711426
4714062336.0,-0.4273058772087097
4714999808.0,-0.45979195833206177
4715937280.0,-0.4962637424468994
4716874752.0,-0.5358182787895203
4717812736.0,-0.5787500143051147
4718750208.0,-0.6238412857055664
4719687680.0,-0.6713586449623108
4720625152.0,-0.7198636531829834
4721562624.0,-0.7698479890823364
4722500096.0,-0.8193107843399048
4723437568.0,-0.8680052757263184
4724375040.0,-0.9143943190574646
4725312512.0,-0.9592331051826477
4726249984.0,-0.9996457099914551
4727187456.0,-1.0367158651351929
4728124928.0,-1.069481611251831
4729062400.0,-1.0981155633926392
4729999872.0,-1.1232340335845947
4730937344.0,-1.1433016061782837
4731874816.0,-1.1582378149032593
4732812288.0,-1.16926109790802
4733749760.0,-1.177428960800171
4734687744.0,-1.1810535192489624
4735625216.0,-1.181937575340271
4736562688.0,-1.1775797605514526
4737500160.0,-1.17275869846344
4738437632.0,-1.1659228801727295
4739375104.0,-1.156461238861084
4740312576.0,-1.1460623741149902
4741250048.0,-1.134307622909546
4742187520.0,-1.1216704845428467
4743124992.0,-1.108693242073059
4744062464.0,-1.0946322679519653
4744999936.0,-1.0811634063720703
4745937408.0,-1.0670157670974731
4746874880.0,-0.8140166997909546
4747812352.0,-0.8212840557098389
4748749824.0,-0.8277037143707275
4749687296.0,-0.8346207737922668
4750624768.0,-0.8417835831642151
4751562752.0,-0.8475195169448853
4752500224.0,-0.85316401720047
4753437696.0,-0.8590923547744751
4754375168.0,-0.8644022345542908
4755312640.0,-0.8675639629364014
4756250112.0,-0.8717851638793945
4757187584.0,-0.8740718364715576
4758125056.0,-0.8763571381568909
4759062528.0,-0.8758571147918701
4760000000.0,-0.8759840726852417
4760937472.0,-0.8753125667572021
4761874944.0,-0.8731149435043335
4762812416.0,-0.8711490035057068
4763749888.0,-0.8678485155105591
4764687360.0,-0.8644578456878662
4765624832.0,-0.8597270250320435
4766562304.0,-0.8547545075416565
4767499776.0,-0.8490124344825745
4768437248.0,-0.8438022136688232
4769375232.0,-0.8372932076454163
4770312704.0,-0.8311083316802979
4771250176.0,-0.8267272710800171
4772187648.0,-0.8214661478996277
4773125120.0,-0.8182432055473328
4774062592.0,-0.8143710494041443
4775000064.0,-0.8116888999938965
4775937536.0,-0.8109092712402344
4776875008.0,-0.8104313611984253
4777812480.0,-0.8118160367012024
4778749952.0,-0.8160431981086731
4779687424.0,-0.8210232853889465
4780624896.0,-0.8278645873069763
4781562368.0,-0.8379554748535156
4782499840.0,-0.8488718271255493
4783437312.0,-0.8620408177375793
4784374784.0,-0.8772227764129639
4785312256.0,-0.8929088115692139
4786250240.0,-0.912238359451294
4787187712.0,-0.9318233728408813
4788125184.0,-0.9540125131607056
4789062656.0,-0.9792920351028442
4790000128.0,-1.0050935745239258
4790937600.0,-1.0322479009628296
4791875072.0,-1.0602095127105713
4792812544.0,-1.08815336227417
4793750016.0,-1.1168887615203857
4794687488.0,-1.1451834440231323
4795624960.0,-1.1746337413787842
4796562432.0,-1.202134370803833
4797499904.0,-1.2294496297836304
4798437376.0,-1.2555603981018066
4799374848.0,-1.2797141075134277
4800312320.0,-1.3031063079833984
4801249792.0,-1.3250291347503662
4802187264.0,-1.3451281785964966
4803125248.0,-1.36142098903656
4804062720.0,-1.3759055137634277
4805000192.0,-1.3890029191970825
4805937664.0,-1.3984358310699463
4806875136.0,-1.2570284605026245
4807812608.0,-1.262086272239685
4808750080.0,-1.2664562463760376
4809687552.0,-1.266852855682373
4810625024.0,-1.2679322957992554
4811562496.0,-1.266560673713684
4812499968.0,-1.2635273933410645
4813437440.0,-1.259541630744934
4814374912.0,-1.2561235427856445
4815312384.0,-1.2509572505950928
4816249856.0,-1.245025873184204
4817187328.0,-1.2403234243392944
4818124800.0,-1.2334450483322144
4819062272.0,-1.2281543016433716
4819999744.0,-1.221501111984253
4820937728.0,-1.2159262895584106
4821875200.0,-1.2109845876693726
4822812672.0,-1.2073806524276733
4823750144.0,-1.205410361289978
4824687616.0,-1.2039297819137573
4825625088.0,-1.2046548128128052
4826562560.0,-1.2078803777694702
4827500032.0,-1.2110801935195923
4828437504.0,-1.2159826755523682
4829374976.0,-1.223671793937683
4830312448.0,-1.233216643333435
4831249920.0,-1.2454062700271606
4832187392.0,-1.2585595846176147
4833124864.0,-1.2742068767547607
4834062336.0,-1.2913097143173218
4834999808.0,-1.309204339981079
4835937280.0,-1.3291493654251099
4836874752.0,-1.3487681150436401
4837812736.0,-1.3701362609863281
4838750208.0,-1.3899471759796143
4839687680.0,-1.4127570390701294
4840625152.0,-1.4344333410263062
4841562624.0,-1.4558120965957642
4842500096.0,-1.4780217409133911
4843437568.0,-1.4985440969467163
4844375040.0,-1.5192457437515259
4845312512.0,-1.5394840240478516
4846249984.0,-1.55739426612854
4847187456.0,-1.5760053396224976
4848124928.0,-1.592226266860962
4849062400.0,-1.6066080331802368
4849999872.0,-1.6206870079040527
4850937344.0,-1.6321847438812256
4851874816.0,-1.6427041292190552
4852812288.0,-1.6506537199020386
4853749760.0,-1.6592737436294556
4854687744.0,-1.664596676826477
4855625216.0,-1.6695199012756348
4856562688.0,-1.6742855310440063
4857500160.0,-1.676885962486267
4858437632.0,-1.67947256565094
4859375104.0,-1.6822220087051392
4860312576.0,-1.6844549179077148
4861250048.0,-1.6870436668395996
4862187520.0,-1.6914665699005127
4863124992.0,-1.6951022148132324
4864062464.0,-1.6987394094467163
4864999936.0,-1.7023621797561646
4865937408.0,-1.706369161605835
4866874880.0,-1.6895112991333008
4867812352.0,-1.6919052600860596
4868749824.0,-1.6948739290237427
4869687296.0,-1.699453353881836
4870624768.0,-1.7017340660095215
4871562752.0,-1.7054442167282104
4872500224.0,-1.7111306190490723
4873437696.0,-1.716691255569458
4874375168.0,-1.7233256101608276
4875312640.0,-1.7307734489440918
4876250112.0,-1.73831045627594
4877187584.0,-1.7484047412872314
4878125056.0,-1.7585773468017578
4879062528.0,-1.7698394060134888
4880000000.0,-1.7817308902740479
4880937472.0,-1.793177843093872
4881874944.0,-1.8059556484222412
4882812416.0,-1.8182175159454346
4883749888.0,-1.8295636177062988
4884687360.0,-1.8422513008117676
4885624832.0,-1.854404330253601
4886562304.0,-1.8663254976272583
4887499776.0,-1.87555730342865
4888437248.0,-1.885284185409546
4889375232.0,-1.8916282653808594
4890312704.0,-1.896604299545288
4891250176.0,-1.9007755517959595
4892187648.0,-1.900892972946167
4893125120.0,-1.8982328176498413
4894062592.0,-1.8930246829986572
4895000064.0,-1.8859483003616333
4895937536.0,-1.875554084777832
4896875008.0,-1.8637546300888062
4897812480.0,-1.8489093780517578
4898749952.0,-1.832483172416687
4899687424.0,-1.8120145797729492
4900624896.0,-1.790935754776001
4901562368.0,-1.766761302947998
4902499840.0,-1.741992712020874
4903437312.0,-1.7160817384719849
4904374784.0,-1.6890984773635864
4905312256.0,-1.6608772277832031
4906250240.0,-1.6326932907104492
4907187712.0,-1.6046844720840454
4908125184.0,-1.5771408081054688
4909062656.0,-1.5508794784545898
4910000128.0,-1.5252662897109985
4910937600.0,-1.5016039609909058
4911875072.0,-1.4794689416885376
4912812544.0,-1.4580166339874268
4913750016.0,-1.4405609369277954
4914687488.0,-1.423722267150879
4915624960.0,-1.4090272188186646
4916562432.0,-1.3984636068344116
4917499904.0,-1.3883928060531616
4918437376.0,-1.3806700706481934
4919374848.0,-1.37700355052948
4920312320.0,-1.3749964237213135
4921249792.0,-1.3735847473144531
4922187264.0,-1.3292067050933838
4923125248.0,-1.3163628578186035
4924062720.0,-1.304017186164856
4925000192.0,-1.2941412925720215
4925937664.0,-1.3925831317901611
4926875136.0,-1.3983606100082397
4927812608.0,-1.4046300649642944
4928750080.0,-1.4106823205947876
4929687552.0,-1.4153923988342285
4930625024.0,-1.4188312292099
4931562496.0,-1.4200440645217896
4932499968.0,-1.4188576936721802
4933437440.0,-1.415885329246521
4934374912.0,-1.408888816833496
4935312384.0,-1.4012954235076904
4936249856.0,-1.3901982307434082
4937187328.0,-1.3762720823287964
4938124800.0,-1.3602147102355957
4939062272.0,-1.3432285785675049
4940000256.0,-1.3239622116088867
4940937728.0,-1.3028877973556519
4941875200.0,-1.2805895805358887
4942812672.0,-1.257396936416626
4943750144.0,-1.2347315549850464
4944687616.0,-1.2105958461761475
4945625088.0,-1.1873770952224731
4946562560.0,-1.1649527549743652
4947500032.0,-1.1426136493682861
4948437504.0,-1.122097373008728
4949374976.0,-1.1044886112213135
4950312448.0,-1.0861055850982666
4951249920.0,-1.072440266609192
4952187392.0,-1.059084177017212
4953124864.0,-1.0489475727081299
4954062336.0,-1.0411648750305176
4954999808.0,-1.0357683897018433
4955937280.0,-1.0309127569198608
4956874752.0,-1.0278295278549194
4957812736.0,-1.0257377624511719
4958750208.0,-1.0245307683944702
4959687680.0,-1.0230753421783447
4960625152.0,-1.0214531421661377
4961562624.0,-1.019216775894165
4962500096.0,-1.0151311159133911
4963437568.0,-1.0114738941192627
4964375040.0,-1.0063409805297852
4965312512.0,-0.9994187355041504
4966249984.0,-0.9917309880256653
4967187456.0,-0.9838461875915527
4968124928.0,-0.9759774208068848
4969062400.0,-0.9666106700897217
4969999872.0,-0.9572416543960571
4970937344.0,-0.9473519325256348
4971874816.0,-0.9371629357337952
4972812288.0,-0.9267480373382568
4973749760.0,-0.917344868183136
4974687744.0,-0.908822238445282
4975625216.0,-0.9012460112571716
4976562688.0,-0.8935137391090393
4977500160.0,-0.8857012987136841
4978437632.0,-0.8784170746803284
4979375104.0,-0.8704461455345154
4980312576.0,-0.8623409867286682
4981250048.0,-0.8555536866188049
4982187520.0,-0.8470842838287354
4983124992.0,-0.8385426998138428
4984062464.0,-0.8304693102836609
4984999936.0,-0.8204948902130127
4985937408.0,-0.7974290251731873
4986874880.0,-0.7882986068725586
4987812352.0,-0.7793196439743042
4988749824.0,-0.772682249546051
4989687296.0,-0.7659932971000671
4990624768.0,-0.7610606551170349
4991562752.0,-0.7570822238922119
4992500224.0,-0.7556638121604919
4993437696.0,-0.7552712559700012
4994375168.0,-0.7545597553253174
4995312640.0,-0.7567377090454102
4996250112.0,-0.7597337961196899
4997187584.0,-0.7649974822998047
4998125056.0,-0.7705448865890503
4999062528.0,-0.7767863273620605
5000000000.0,-0.7844377160072327
5000937472.0,-0.7924766540527344
5001874944.0,-0.8012695908546448
5002812416.0,-0.8091623783111572
5003749888.0,-0.8169066905975342
5004687360.0,-0.8256877660751343
5005624832.0,-0.833221971988678
5006562304.0,-0.8408212065696716
5007499776.0,-0.8447877764701843
5008437248.0,-0.8478682637214661
5009375232.0,-0.8496693968772888
5010312704.0,-0.849132239818573
5011250176.0,-0.846234917640686
5012187648.0,-0.8423155546188354
5013125120.0,-0.834040105342865
5014062592.0,-0.8230902552604675
5015000064.0,-0.8108837604522705
5015937536.0,-0.7954895496368408
5016875008.0,-0.7766476273536682
5017812480.0,-0.7551600337028503
5018749952.0,-0.7329158782958984
5019687424.0,-0.7072030305862427
5020624896.0,-0.6800673007965088
5021562368.0,-0.651471734046936
5022499840.0,-0.6218773126602173
5023437312.0,-0.5901857614517212
5024374784.0,-0.5585346221923828
5025312256.0,-0.5261012315750122
5026250240.0,-0.49558427929878235
5027187712.0,-0.46483293175697327
5028125184.0,-0.43450692296028137
5029062656.0,-0.4057643711566925
5030000128.0,-0.3784255385398865
5030937600.0,-0.35306602716445923
5031875072.0,-0.33009594678878784
5032812544.0,-0.309724897146225
5033750016.0,-0.2912845015525818
5034687488.0,-0.27681636810302734
5035624960.0,-0.2652057707309723
5036562432.0,-0.25599825382232666
5037499904.0,-0.24944686889648438
5038437376.0,-0.24639998376369476
5039374848.0,-0.2471221387386322
5040312320.0,-0.25066936016082764
5041249792.0,-0.25646403431892395
5042187264.0,-0.2664876878261566
5043125248.0,-0.2780214548110962
5044062720.0,-0.2931762933731079
5045000192.0,-0.3098185658454895
5045937664.0,-0.5796449184417725
5046875136.0,-0.5888201594352722
5047812608.0,-0.5982879400253296
5048750080.0,-0.6076884865760803
5049687552.0,-0.6160119771957397
5050625024.0,-0.6253593564033508
5051562496.0,-0.6346620917320251
5052499968.0,-0.6441048383712769
5053437440.0,-0.6532841920852661
5054374912.0,-0.6612882018089294
5055312384.0,-0.6702433228492737
5056249856.0,-0.6781712174415588
5057187328.0,-0.685693085193634
5058124800.0,-0.6908831596374512
5059062272.0,-0.69573974609375
5059999744.0,-0.7003473043441772
5060937728.0,-0.7029128074645996
5061875200.0,-0.7041407823562622
5062812672.0,-0.7033947110176086
5063750144.0,-0.7014212608337402
5064687616.0,-0.6971710920333862
5065625088.0,-0.6904690861701965
5066562560.0,-0.6821538209915161
5067500032.0,-0.6722263693809509
5068437504.0,-0.6602231860160828
5069374976.0,-0.6456748247146606
5070312448.0,-0.6293699145317078
5071249920.0,-0.6128414869308472
5072187392.0,-0.5932338833808899
5073124864.0,-0.5723053812980652
5074062336.0,-0.5513695478439331
5074999808.0,-0.5277045369148254
5075937280.0,-0.5037543773651123
5076874752.0,-0.47961822152137756
5077812736.0,-0.4550061821937561
5078750208.0,-0.42916521430015564
5079687680.0,-0.40470489859580994
5080625152.0,-0.37918949127197266
5081562624.0,-0.35560423135757446
5082500096.0,-0.332161545753479
5083437568.0,-0.3092718720436096
5084375040.0,-0.2885144352912903
5085312512.0,-0.269637793302536
5086249984.0,-0.25226566195487976
5087187456.0,-0.23785123229026794
5088124928.0,-0.22564473748207092
5089062400.0,-0.21490883827209473
5089999872.0,-0.20642763376235962
5090937344.0,-0.20012621581554413
5091874816.0,-0.1977018266916275
5092812288.0,-0.19733686745166779
5093749760.0,-0.19969457387924194
5094687744.0,-0.20420360565185547
5095625216.0,-0.21231848001480103
5096562688.0,-0.22203360497951508
5097500160.0,-0.23469243943691254
5098437632.0,-0.2491847574710846
5099375104.0,-0.26569509506225586
5100312576.0,-0.2848483622074127
5101250048.0,-0.30534064769744873
5102187520.0,-0.3282874822616577
5103124992.0,-0.35184115171432495
5104062464.0,-0.3764345645904541
5104999936.0,-0.40166813135147095
5105937408.0,-0.49885621666908264
5106874880.0,-0.5172572731971741
5107812352.0,-0.5343532562255859
5108749824.0,-0.5501216650009155
5109687296.0,-0.5634165406227112
5110624768.0,-0.5754951238632202
5111562752.0,-0.5849430561065674
5112500224.0,-0.5916950106620789
5113437696.0,-0.5967065095901489
5114375168.0,-0.6002134084701538
5115312640.0,-0.6009823083877563
5116250112.0,-0.600130558013916
5117187584.0,-0.5997998714447021
5118125056.0,-0.5962651371955872
5119062528.0,-0.5915730595588684
5120000000.0,-0.5858503580093384
5120937472.0,-0.5798847675323486
5121874944.0,-0.5743198394775391
5122812416.0,-0.5681005120277405
5123749888.0,-0.5614681839942932
5124687360.0,-0.5548534393310547
5125624832.0,-0.5481709241867065
5126562304.0,-0.540886640548706
5127499776.0,-0.5340415835380554
5128437248.0,-0.5245875716209412
5129375232.0,-0.5153646469116211
5130312704.0,-0.5052072405815125
5131250176.0,-0.4949078857898712
5132187648.0,-0.4812580943107605
5133125120.0,-0.4672465920448303
5134062592.0,-0.4520871341228485
5135000064.0,-0.4359106421470642
5135937536.0,-0.4186246693134308
5136875008.0,-0.40053409337997437
5137812480.0,-0.38191911578178406
5138749952.0,-0.36339473724365234
5139687424.0,-0.3452114164829254
5140624896.0,-0.32749125361442566
5141562368.0,-0.3110538125038147
5142499840.0,-0.2959152162075043
5143437312.0,-0.28373077511787415
5144374784.0,-0.2750222682952881
5145312256.0,-0.27235662937164307
5146250240.0,-0.2767719626426697
5147187712.0,-0.28669947385787964
5148125184.0,-0.3013506829738617
5149062656.0,-0.317840576171875
5150000128.0,-0.3367290794849396
5150937600.0,-0.35564592480659485
5151875072.0,-0.3765946924686432
5152812544.0,-0.39522185921669006
5153750016.0,-0.4146406948566437
5154687488.0,-0.432625412940979
5155624960.0,-0.4509563148021698
5156562432.0,-0.46591252088546753
5157499904.0,-0.4802396595478058
5158437376.0,-0.49308890104293823
5159374848.0,-0.5050672292709351
5160312320.0,-0.5164318680763245
5161249792.0,-0.525492250919342
5162187264.0,-0.5347853302955627
5163125248.0,-0.5426077246665955
5164062720.0,-0.5491357445716858
5165000192.0,-0.55607670545578
5165937664.0,-0.5611849427223206
5166875136.0,-0.574823260307312
5167812608.0,-0.5887455344200134
5168750080.0,-0.6055999398231506
5169687552.0,-0.6220306754112244
5170625024.0,-0.6391626596450806
5171562496.0,-0.6551395058631897
5172499968.0,-0.6727349758148193
5173437440.0,-0.6888910531997681
5174374912.0,-0.7036386132240295
5175312384.0,-0.7187812924385071
5176249856.0,-0.731852650642395
5177187328.0,-0.7430151104927063
5178124800.0,-0.7516834735870361
5179062272.0,-0.7578734159469604
5180000256.0,-0.7637837529182434
5180937728.0,-0.7643375396728516
5181875200.0,-0.7630758881568909
5182812672.0,-0.7594566941261292
5183750144.0,-0.7526928186416626
5184687616.0,-0.7429415583610535
5185625088.0,-0.7308984994888306
5186562560.0,-0.7159305810928345
5187500032.0,-0.6988728046417236
5188437504.0,-0.6800714731216431
5189374976.0,-0.6608830094337463
5190312448.0,-0.6383970975875854
5191249920.0,-0.6157203912734985
5192187392.0,-0.5921522378921509
5193124864.0,-0.5676646828651428
5194062336.0,-0.5444101691246033
5194999808.0,-0.5219214558601379
5195937280.0,-0.4990665912628174
5196874752.0,-0.4775044918060303
5197812736.0,-0.45679333806037903
5198750208.0,-0.43689411878585815
5199687680.0,-0.41898319125175476
5200625152.0,-0.4028094410896301
5201562624.0,-0.39048320055007935
5202500096.0,-0.3794083893299103
5203437568.0,-0.37001731991767883
5204375040.0,-0.36375150084495544
5205312512.0,-0.36095893383026123
5206249984.0,-0.36022481322288513
5207187456.0,-0.3637998104095459
5208124928.0,-0.368246853351593
5209062400.0,-0.3776400685310364
5209999872.0,-0.38843393325805664
5210937344.0,-0.40240567922592163
5211874816.0,-0.41978874802589417
5212812288.0,-0.4372921586036682
5213749760.0,-0.457200288772583
5214687744.0,-0.47927242517471313
5215625216.0,-0.5037189722061157
5216562688.0,-0.5296440720558167
5217500160.0,-0.5568759441375732
5218437632.0,-0.5848010182380676
5219375104.0,-0.6129275560379028
5220312576.0,-0.6408740282058716
5221250048.0,-0.6690602898597717
5222187520.0,-0.6955065727233887
5223124992.0,-0.7237108945846558
5224062464.0,-0.7512210607528687
5224999936.0,-0.7771050930023193
5225937408.0,-0.8279048204421997
5226874880.0,-0.852898895740509
5227812352.0,-0.8757582306861877
5228749824.0,-0.8967407941818237
5229687296.0,-0.9167580008506775
5230624768.0,-0.9326136708259583
5231562752.0,-0.9478203654289246
5232500224.0,-0.9600242376327515
5233437696.0,-0.9696950316429138
5234375168.0,-0.9769566059112549
5235312640.0,-0.9836364388465881
5236250112.0,-0.9853327870368958
5237187584.0,-0.985752284526825
5238125056.0,-0.9836224317550659
5239062528.0,-0.9793276190757751
5240000000.0,-0.973089337348938
5240937472.0,-0.9647145867347717
5241874944.0,-0.9551177620887756
5242812416.0,-0.9446953535079956
5243749888.0,-0.9325385689735413
5244687360.0,-0.9201035499572754
5245624832.0,-0.9066056609153748
5246562304.0,-0.891019880771637
5247499776.0,-0.8761324882507324
5248437248.0,-0.8593186736106873
5249375232.0,-0.8433933258056641
5250312704.0,-0.8275525569915771
5251250176.0,-0.8110519647598267
5252187648.0,-0.7941651344299316
5253125120.0,-0.7803593277931213
5254062592.0,-0.7671841382980347
5255000064.0,-0.7550435066223145
5255937536.0,-0.7453117370605469
5256875008.0,-0.737503707408905
5257812480.0,-0.7316154837608337
5258749952.0,-0.7268964052200317
5259687424.0,-0.72397780418396
5260624896.0,-0.7224426865577698
5261562368.0,-0.7220579385757446
5262499840.0,-0.7247712016105652
5263437312.0,-0.7286997437477112
5264374784.0,-0.7352526187896729
5265312256.0,-0.7432622909545898
5266250240.0,-0.7534158229827881
5267187712.0,-0.7653006315231323
5268125184.0,-0.7786585688591003
5269062656.0,-0.7955131530761719
5270000128.0,-0.8148583769798279
5270937600.0,-0.8353997468948364
5271875072.0,-0.859647810459137
5272812544.0,-0.8858256936073303
5273750016.0,-0.9149397611618042
5274687488.0,-0.9447544813156128
5275624960.0,-0.975772500038147
5276562432.0,-1.0103298425674438
5277499904.0,-1.0451326370239258
5278437376.0,-1.0812909603118896
5279374848.0,-1.118597149848938
5280312320.0,-1.1576725244522095
5281249792.0,-1.1974210739135742
5282187264.0,-1.2384039163589478
5283125248.0,-1.2791836261749268
5284062720.0,-1.3196736574172974
5285000192.0,-1.3617421388626099
5285937664.0,-1.3938870429992676
5286875136.0,-1.4295762777328491
5287812608.0,-1.462903380393982
5288750080.0,-1.4936338663101196
5289687552.0,-1.5218123197555542
5290625024.0,-1.5470657348632812
5291562496.0,-1.5699563026428223
5292499968.0,-1.5910999774932861
5293437440.0,-1.6089459657669067
5294374912.0,-1.6230580806732178
5295312384.0,-1.633973240852356
5296249856.0,-1.6413030624389648
5297187328.0,-1.6446012258529663
5298124800.0,-1.647258996963501
5299062272.0,-1.6451292037963867
5299999744.0,-1.6401118040084839
5300937728.0,-1.633797287940979
5301875200.0,-1.6235597133636475
5302812672.0,-1.6132749319076538
5303750144.0,-1.6009527444839478
5304687616.0,-1.58637273311615
5305625088.0,-1.5716497898101807
5306562560.0,-1.5551692247390747
5307500032.0,-1.5396783351898193
5308437504.0,-1.5235215425491333
5309374976.0,-1.5069468021392822
5310312448.0,-1.4930680990219116
5311249920.0,-1.4778319597244263
5312187392.0,-1.4652150869369507
5313124864.0,-1.4526739120483398
5314062336.0,-1.4406849145889282
5314999808.0,-1.4300835132598877
5315937280.0,-1.4216279983520508
5316874752.0,-1.4154852628707886
5317812736.0,-1.4094480276107788
5318750208.0,-1.4086273908615112
5319687680.0,-1.4092012643814087
5320625152.0,-1.4132453203201294
5321562624.0,-1.4213215112686157
5322500096.0,-1.4309626817703247
5323437568.0,-1.4433379173278809
5324375040.0,-1.4569612741470337
5325312512.0,-1.4731167554855347
5326249984.0,-1.4931036233901978
5327187456.0,-1.5147802829742432
5328124928.0,-1.5404597520828247
5329062400.0,-1.5688087940216064
5329999872.0,-1.600716471672058
5330937344.0,-1.6371842622756958
5331874816.0,-1.6746349334716797
5332812288.0,-1.743367314338684
5333749760.0,-1.7908620834350586
5334687744.0,-1.8397635221481323
5335625216.0,-1.8900221586227417
5336562688.0,-1.9420310258865356
5337500160.0,-1.9955089092254639
5338437632.0,-2.050740957260132
5339375104.0,-2.1075589656829834
5340312576.0,-2.1652779579162598
5341250048.0,-2.2246930599212646
5342187520.0,-2.2836508750915527
5343124992.0,-2.342604398727417
5344062464.0,-2.3980965614318848
5344999936.0,-2.453489303588867
5345937408.0,-2.40458083152771
5346874880.0,-2.436335802078247
5347812352.0,-2.466334342956543
5348749824.0,-2.4917044639587402
5349687296.0,-2.5175790786743164
5350624768.0,-2.5392467975616455
5351562752.0,-2.5584487915039062
5352500224.0,-2.5713908672332764
5353437696.0,-2.581629753112793
5354375168.0,-2.58801531791687
5355312640.0,-2.5903432369232178
5356250112.0,-2.5870471000671387
5357187584.0,-2.5830764770507812
5358125056.0,-2.5735955238342285
5359062528.0,-2.561572313308716
5360000000.0,-2.546433687210083
5360937472.0,-2.5306484699249268
5361874944.0,-2.513131618499756
5362812416.0,-2.4929239749908447
5363749888.0,-2.470500946044922
5364687360.0,-2.447266101837158
5365624832.0,-2.4233694076538086
5366562304.0,-2.396865129470825
5367499776.0,-2.370659351348877
5368437248.0,-2.3452439308166504
5369375232.0,-2.319063901901245
5370312704.0,-2.2917089462280273
5371250176.0,-2.2675657272338867
5372187648.0,-2.241956949234009
5373125120.0,-2.2186331748962402
5374062592.0,-2.196068525314331
5375000064.0,-2.1726315021514893
5375937536.0,-2.1520371437072754
5376875008.0,-2.1318280696868896
5377812480.0,-2.112391948699951
5378749952.0,-2.09415340423584
5379687424.0,-2.0783214569091797
5380624896.0,-2.062547206878662
5381562368.0,-2.0483007431030273
5382499840.0,-2.0351510047912598
5383437312.0,-2.0224552154541016
5384374784.0,-2.012916326522827
5385312256.0,-2.005549192428589
5386250240.0,-1.9992787837982178
5387187712.0,-1.9965912103652954
5388125184.0,-1.9955188035964966
5389062656.0,-1.9954499006271362
5390000128.0,-1.9961904287338257
5390937600.0,-1.9998583793640137
5391875072.0,-2.0027449131011963
5392812544.0,-2.004155397415161
5393750016.0,-2.0080199241638184
5394687488.0,-2.0113492012023926
5395624960.0,-2.015622138977051
5396562432.0,-2.0204126834869385
5397499904.0,-2.025040626525879
5398437376.0,-2.0308284759521484
5399374848.0,-2.035555601119995
5400312320.0,-2.0402109622955322
5401249792.0,-2.0441834926605225
5402187264.0,-2.048372507095337
5403125248.0,-2.0512306690216064
5404062720.0,-2.053764581680298
5405000192.0,-2.05456805229187
5405937664.0,-2.1979660987854004
5406875136.0,-2.1973094940185547
5407812608.0,-2.1923768520355225
5408750080.0,-2.18526029586792
5409687552.0,-2.1746342182159424
5410625024.0,-2.161775588989258
5411562496.0,-2.146148681640625
5412499968.0,-2.126469373703003
5413437440.0,-2.106640100479126
5414374912.0,-2.083853006362915
5415312384.0,-2.0580079555511475
5416249856.0,-2.031798839569092
5417187328.0,-2.0024001598358154
5418124800.0,-1.9729270935058594
5419062272.0,-1.9421789646148682
5420000256.0,-1.910277009010315
5420937728.0,-1.8782124519348145
5421875200.0,-1.845719575881958
5422812672.0,-1.8121414184570312
5423750144.0,-1.7791424989700317
5424687616.0,-1.7474032640457153
5425625088.0,-1.7161777019500732
5426562560.0,-1.6837939023971558
5427500032.0,-1.6543809175491333
5428437504.0,-1.6232517957687378
5429374976.0,-1.5956075191497803
5430312448.0,-1.567574381828308
5431249920.0,-1.5391874313354492
5432187392.0,-1.5145186185836792
5433124864.0,-1.489467978477478
5434062336.0,-1.4674749374389648
5434999808.0,-1.444915771484375
5435937280.0,-1.4240872859954834
5436874752.0,-1.4041662216186523
5437812736.0,-1.3850044012069702
5438750208.0,-1.36750328540802
5439687680.0,-1.352616786956787
5440625152.0,-1.3364356756210327
5441562624.0,-1.3232550621032715
5442500096.0,-1.3118648529052734
5443437568.0,-1.3013858795166016
5444375040.0,-1.2931089401245117
5445312512.0,-1.2874343395233154
5446249984.0,-1.2816238403320312
5447187456.0,-1.2792149782180786
5448124928.0,-1.2782689332962036
5449062400.0,-1.2780165672302246
5449999872.0,-1.2801084518432617
5450937344.0,-1.2846026420593262
5451874816.0,-1.2896732091903687
5452812288.0,-1.29658043384552
5453749760.0,-1.305279016494751
5454687744.0,-1.3129290342330933
5455625216.0,-1.3227379322052002
5456562688.0,-1.3334684371948242
5457500160.0,-1.3442195653915405
5458437632.0,-1.3544590473175049
5459375104.0,-1.364344835281372
5460312576.0,-1.376517415046692
5461250048.0,-1.385817527770996
5462187520.0,-1.3964563608169556
5463124992.0,-1.403632640838623
5464062464.0,-1.4104461669921875
5464999936.0,-1.415439486503601
5465937408.0,-1.424509882926941
5466874880.0,-1.4246855974197388
5467812352.0,-1.42424738407135
5468749824.0,-1.4202120304107666
5469687296.0,-1.412762999534607
5470624768.0,-1.4055086374282837
5471562752.0,-1.3961832523345947
5472500224.0,-1.3838995695114136
5473437696.0,-1.368508219718933
5474375168.0,-1.3525993824005127
5475312640.0,-1.335207462310791
5476250112.0,-1.3157929182052612
5477187584.0,-1.2941128015518188
5478125056.0,-1.2712448835372925
5479062528.0,-1.2485045194625854
5480000000.0,-1.2233936786651611
5480937472.0,-1.1977691650390625
5481874944.0,-1.17129385471344
5482812416.0,-1.1424633264541626
5483749888.0,-1.114896535873413
5484687360.0,-1.0876678228378296
5485624832.0,-1.0605158805847168
5486562304.0,-1.0333665609359741
5487499776.0,-1.007359504699707
5488437248.0,-0.980147659778595
5489375232.0,-0.9545789361000061
5490312704.0,-0.9281259775161743
5491250176.0,-0.903912365436554
5492187648.0,-0.8809288144111633
5493125120.0,-0.8580109477043152
5494062592.0,-0.8382542133331299
5495000064.0,-0.8193630576133728
5495937536.0,-0.8017241358757019
5496875008.0,-0.7864879965782166
5497812480.0,-0.7742782235145569
5498749952.0,-0.7636855244636536
5499687424.0,-0.7558178305625916
5500624896.0,-0.7507795095443726
5501562368.0,-0.7486273646354675
5502499840.0,-0.7498080134391785
5503437312.0,-0.7534484267234802
5504374784.0,-0.7589627504348755
5505312256.0,-0.7680650353431702
5506250240.0,-0.7796127796173096
5507187712.0,-0.7940864562988281
5508125184.0,-0.8111648559570312
5509062656.0,-0.8304094672203064
5510000128.0,-0.8519202470779419
5510937600.0,-0.8764050602912903
5511875072.0,-0.9013785123825073
5512812544.0,-0.9308367371559143
5513750016.0,-0.9602403044700623
5514687488.0,-0.9919825792312622
5515624960.0,-1.0240216255187988
5516562432.0,-1.0556761026382446
5517499904.0,-1.0870403051376343
5518437376.0,-1.1195842027664185
5519374848.0,-1.1516196727752686
5520312320.0,-1.1802220344543457
5521249792.0,-1.209015965461731
5522187264.0,-1.2359169721603394
5523125248.0,-1.2585469484329224
5524062720.0,-1.2779359817504883
5525000192.0,-1.2943798303604126
5525937664.0,-1.134242057800293
5526875136.0,-1.1404387950897217
5527812608.0,-1.1454509496688843
5528750080.0,-1.1486908197402954
5529687552.0,-1.150009036064148
5530625024.0,-1.1504902839660645
5531562496.0,-1.148511528968811
5532499968.0,-1.1433517932891846
5533437440.0,-1.1373560428619385
5534374912.0,-1.1299879550933838
5535312384.0,-1.119871735572815
5536249856.0,-1.1091680526733398
5537187328.0,-1.0976848602294922
5538124800.0,-1.084756851196289
5539062272.0,-1.0702756643295288
5539999744.0,-1.0542391538619995
5540937728.0,-1.039335012435913
5541875200.0,-1.0237526893615723
5542812672.0,-1.009087085723877
5543750144.0,-0.9926207661628723
5544687616.0,-0.9769068360328674
5545625088.0,-0.9619464874267578
5546562560.0,-0.9457483887672424
5547500032.0,-0.93101567029953
5548437504.0,-0.9175277948379517
5549374976.0,-0.9035963416099548
5550312448.0,-0.891167163848877
5551249920.0,-0.8803226947784424
5552187392.0,-0.8697742223739624
5553124864.0,-0.861607551574707
5554062336.0,-0.8553625345230103
5554999808.0,-0.8495387434959412
5555937280.0,-0.846698522567749
5556874752.0,-0.845984697341919
5557812736.0,-0.8470523357391357
5558750208.0,-0.8506075739860535
5559687680.0,-0.8562264442443848
5560625152.0,-0.864749550819397
5561562624.0,-0.8765470385551453
5562500096.0,-0.890392541885376
5563437568.0,-0.9077483415603638
5564375040.0,-0.9280151724815369
5565312512.0,-0.9498157501220703
5566249984.0,-0.9733909368515015
5567187456.0,-0.9999440908432007
5568124928.0,-1.0285581350326538
5569062400.0,-1.0575870275497437
5569999872.0,-1.0872604846954346
5570937344.0,-1.1179041862487793
5571874816.0,-1.1492462158203125
5572812288.0,-1.1799793243408203
5573749760.0,-1.2103896141052246
5574687744.0,-1.2390727996826172
5575625216.0,-1.2664602994918823
5576562688.0,-1.2920403480529785
5577500160.0,-1.3143876791000366
5578437632.0,-1.3359893560409546
5579375104.0,-1.3528621196746826
5580312576.0,-1.3682693243026733
5581250048.0,-1.3806521892547607
5582187520.0,-1.3893232345581055
5583124992.0,-1.39626145362854
5584062464.0,-1.398810625076294
5584999936.0,-1.4001744985580444
5585937408.0,-1.3195737600326538
5586874880.0,-1.3264354467391968
5587812352.0,-1.3319207429885864
5588749824.0,-1.3350266218185425
5589687296.0,-1.3399590253829956
5590624768.0,-1.341291069984436
5591562752.0,-1.342991590499878
5592500224.0,-1.342447280883789
5593437696.0,-1.341943383216858
5594375168.0,-1.3393336534500122
5595312640.0,-1.337085485458374
5596250112.0,-1.333614706993103
5597187584.0,-1.3292852640151978
5598125056.0,-1.32450532913208
5599062528.0,-1.3184103965759277
5600000000.0,-1.313372015953064
5600937472.0,-1.3071476221084595
5601874944.0,-1.300470232963562
5602812416.0,-1.2948566675186157
5603749888.0,-1.2882513999938965
5604687360.0,-1.2815755605697632
5605624832.0,-1.2743234634399414
5606562304.0,-1.2670480012893677
5607499776.0,-1.2604748010635376
5608437248.0,-1.2521965503692627
5609375232.0,-1.2457656860351562
5610312704.0,-1.2379618883132935
5611250176.0,-1.2303874492645264
5612187648.0,-1.221375823020935
5613125120.0,-1.213204026222229
5614062592.0,-1.2065280675888062
5615000064.0,-1.1989768743515015
5615937536.0,-1.193038821220398
5616875008.0,-1.1872570514678955
5617812480.0,-1.1816061735153198
5618749952.0,-1.1760205030441284
5619687424.0,-1.172666311264038
5620624896.0,-1.1686803102493286
5621562368.0,-1.164829134941101
5622499840.0,-1.1613131761550903
5623437312.0,-1.1582398414611816
5624374784.0,-1.1555352210998535
5625312256.0,-1.153182029724121
5626250240.0,-1.1514235734939575
5627187712.0,-1.1493195295333862
5628125184.0,-1.1461634635925293
5629062656.0,-1.1435730457305908
5630000128.0,-1.141144871711731
5630937600.0,-1.1376010179519653
5631875072.0,-1.1353851556777954
5632812544.0,-1.1323041915893555
5633750016.0,-1.1278527975082397
5634687488.0,-1.1241347789764404
5635624960.0,-1.1176402568817139
5636562432.0,-1.1115587949752808
5637499904.0,-1.103306770324707
5638437376.0,-1.0955586433410645
5639374848.0,-1.0880260467529297
5640312320.0,-1.0786017179489136
5641249792.0,-1.0690399408340454
5642187264.0,-1.0579497814178467
5643125248.0,-1.0474250316619873
5644062720.0,-1.0364460945129395
5645000192.0,-1.025417447090149
5645937664.0,-1.0237900018692017
5646875136.0,-1.0105644464492798
5647812608.0,-0.9948810935020447
5648750080.0,-0.9796900153160095
5649687552.0,-0.963959276676178
5650625024.0,-0.946354329586029
5651562496.0,-0.9282937049865723
5652499968.0,-0.9097917079925537
5653437440.0,-0.8898406028747559
5654374912.0,-0.8697612881660461
5655312384.0,-0.8489328622817993
5656249856.0,-0.8282827138900757
5657187328.0,-0.8073795437812805
5658124800.0,-0.7857316136360168
5659062272.0,-0.7641997933387756
5660000256.0,-0.7424721121788025
5660937728.0,-0.7204334735870361
5661875200.0,-0.6989293694496155
5662812672.0,-0.6778420805931091
5663750144.0,-0.6570500135421753
5664687616.0,-0.6378962993621826
5665625088.0,-0.6194400191307068
5666562560.0,-0.603324294090271
5667500032.0,-0.5865147113800049
5668437504.0,-0.5719326734542847
5669374976.0,-0.5587267279624939
5670312448.0,-0.546648383140564
5671249920.0,-0.5357372164726257
5672187392.0,-0.5283576250076294
5673124864.0,-0.5222479701042175
5674062336.0,-0.5169715881347656
5674999808.0,-0.5140751004219055
5675937280.0,-0.5125189423561096
5676874752.0,-0.5128102898597717
5677812736.0,-0.5134720802307129
5678750208.0,-0.5152310729026794
5679687680.0,-0.5180565714836121
5680625152.0,-0.5216090679168701
5681562624.0,-0.5259276628494263
5682500096.0,-0.5301394462585449
5683437568.0,-0.5362690687179565
5684375040.0,-0.5404649376869202
5685312512.0,-0.5442231893539429
5686249984.0,-0.5479122400283813
5687187456.0,-0.5518902540206909
5688124928.0,-0.553657054901123
5689062400.0,-0.555008053779602
5689999872.0,-0.5560445189476013
5690937344.0,-0.5553857684135437
5691874816.0,-0.5530534386634827
5692812288.0,-0.5504505634307861
5693749760.0,-0.5445210933685303
5694687744.0,-0.5387887954711914
5695625216.0,-0.5297813415527344
5696562688.0,-0.5211968421936035
5697500160.0,-0.5100330710411072
5698437632.0,-0.4975408613681793
5699375104.0,-0.48421603441238403
5700312576.0,-0.4709033668041229
5701250048.0,-0.45733413100242615
5702187520.0,-0.4431970417499542
5703124992.0,-0.43001478910446167
5704062464.0,-0.41596269607543945
5704999936.0,-0.4026578366756439
5705937408.0,-0.36911270022392273
5706874880.0,-0.36702948808670044
5707812352.0,-0.366022527217865
5708749824.0,-0.3641609847545624
5709687296.0,-0.3636091947555542
5710624768.0,-0.3623453378677368
5711562752.0,-0.361176073551178
5712500224.0,-0.3601606786251068
5713437696.0,-0.35946282744407654
5714375168.0,-0.35827845335006714
5715312640.0,-0.3567858338356018
5716250112.0,-0.35501545667648315
5717187584.0,-0.35117053985595703
5718125056.0,-0.3483257591724396
5719062528.0,-0.34323081374168396
5720000000.0,-0.33722594380378723
5720937472.0,-0.33195960521698
5721874944.0,-0.3234441578388214
5722812416.0,-0.3158568739891052
5723749888.0,-0.3084964156150818
5724687360.0,-0.2992068827152252
5725624832.0,-0.2904165983200073
5726562304.0,-0.28084883093833923
5727499776.0,-0.27246078848838806
5728437248.0,-0.26347723603248596
5729375232.0,-0.2571168541908264
5730312704.0,-0.24990737438201904
5731250176.0,-0.2454400360584259
5732187648.0,-0.24250778555870056
5733125120.0,-0.24147377908229828
5734062592.0,-0.24311909079551697
5735000064.0,-0.24566595256328583
5735937536.0,-0.24959154427051544
5736875008.0,-0.2555462718009949
5737812480.0,-0.2653003931045532
5738749952.0,-0.2753933370113373
5739687424.0,-0.2881225347518921
5740624896.0,-0.30079662799835205
5741562368.0,-0.31442293524742126
5742499840.0,-0.32846665382385254
5743437312.0,-0.3421437740325928
5744374784.0,-0.3544081449508667
5745312256.0,-0.36460694670677185
5746250240.0,-0.37372010946273804
5747187712.0,-0.3815290331840515
5748125184.0,-0.38594451546669006
5749062656.0,-0.3882986903190613
5750000128.0,-0.3886096775531769
5750937600.0,-0.3866409361362457
5751875072.0,-0.38224947452545166
5752812544.0,-0.3775847852230072
5753750016.0,-0.37193039059638977
5754687488.0,-0.36456549167633057
5755624960.0,-0.35689207911491394
5756562432.0,-0.34885308146476746
5757499904.0,-0.3413170278072357
5758437376.0,-0.33362337946891785
5759374848.0,-0.32702985405921936
5760312320.0,-0.3205581605434418
5761249792.0,-0.3158683180809021
5762187264.0,-0.3103799521923065
5763125248.0,-0.3077767789363861
5764062720.0,-0.3041529953479767
5765000192.0,-0.3016054034233093
5765937664.0,-0.2192816138267517
5766875136.0,-0.2225169688463211
5767812608.0,-0.22654859721660614
5768750080.0,-0.23096734285354614
5769687552.0,-0.23621487617492676
5770625024.0,-0.2415427714586258
5771562496.0,-0.24798932671546936
5772499968.0,-0.254690557718277
5773437440.0,-0.2607116401195526
5774374912.0,-0.2682777941226959
5775312384.0,-0.2756578326225281
5776249856.0,-0.28232190012931824
5777187328.0,-0.2913531959056854
5778124800.0,-0.298658549785614
5779062272.0,-0.3059808015823364
5779999744.0,-0.31267136335372925
5780937728.0,-0.3188929259777069
5781875200.0,-0.3256758153438568
5782812672.0,-0.33174198865890503
5783750144.0,-0.33733823895454407
5784687616.0,-0.34280285239219666
5785625088.0,-0.3483981788158417
5786562560.0,-0.35285812616348267
5787500032.0,-0.35647982358932495
5788437504.0,-0.3586805462837219
5789374976.0,-0.3585745692253113
5790312448.0,-0.3577941954135895
5791249920.0,-0.35554274916648865
5792187392.0,-0.3523084819316864
5793124864.0,-0.34844332933425903
5794062336.0,-0.34373074769973755
5794999808.0,-0.33922305703163147
5795937280.0,-0.33266007900238037
5796874752.0,-0.325300395488739
5797812736.0,-0.3171733319759369
5798750208.0,-0.3100396394729614
5799687680.0,-0.2984119653701782
5800625152.0,-0.28844335675239563
5801562624.0,-0.27670687437057495
5802500096.0,-0.2638806998729706
5803437568.0,-0.25107303261756897
5804375040.0,-0.23728767037391663
5805312512.0,-0.22304998338222504
5806249984.0,-0.2081620842218399
5807187456.0,-0.19161002337932587
5808124928.0,-0.17664097249507904
5809062400.0,-0.16113436222076416
5809999872.0,-0.1449768990278244
5810937344.0,-0.1289329081773758
5811874816.0,-0.11364572495222092
5812812288.0,-0.0974004790186882
5813749760.0,-0.08267401158809662
5814687744.0,-0.06833069026470184
5815625216.0,-0.05412771925330162
5816562688.0,-0.040300168097019196
5817500160.0,-0.027946194633841515
5818437632.0,-0.014698031358420849
5819375104.0,-0.003988305106759071
5820312576.0,0.006055481266230345
5821250048.0,0.015966871753335
5822187520.0,0.0246255062520504
5823124992.0,0.03315324708819389
5824062464.0,0.04067763313651085
5824999936.0,0.04781202971935272
5825937408.0,-0.13075007498264313
5826874880.0,-0.13652850687503815
5827812352.0,-0.14015541970729828
5828749824.0,-0.1422414779663086
5829687296.0,-0.14373131096363068
5830624768.0,-0.1433476209640503
5831562752.0,-0.14153234660625458
5832500224.0,-0.13973575830459595
5833437696.0,-0.13718825578689575
5834375168.0,-0.13464072346687317
5835312640.0,-0.13136911392211914
5836250112.0,-0.12678539752960205
5837187584.0,-0.123564213514328
5838125056.0,-0.12011398375034332
5839062528.0,-0.1178339347243309
5840000000.0,-0.1185547262430191
5840937472.0,-0.11897899955511093
5841874944.0,-0.1217741146683693
5842812416.0,-0.12466543912887573
5843749888.0,-0.12886019051074982
5844687360.0,-0.13306500017642975
5845624832.0,-0.1386231631040573
5846562304.0,-0.1444702297449112
5847499776.0,-0.15236905217170715
5848437248.0,-0.16084155440330505
5849375232.0,-0.1700330674648285
5850312704.0,-0.1802106499671936
5851250176.0,-0.1901676058769226
5852187648.0,-0.1998005509376526
5853125120.0,-0.21045954525470734
5854062592.0,-0.22145481407642365
5855000064.0,-0.23139652609825134
5855937536.0,-0.24111439287662506
5856875008.0,-0.24927394092082977
5857812480.0,-0.25741416215896606
5858749952.0,-0.26358288526535034
5859687424.0,-0.2678283452987671
5860624896.0,-0.26989468932151794
5861562368.0,-0.27178654074668884
5862499840.0,-0.2706969678401947
5863437312.0,-0.2668892741203308
5864374784.0,-0.26210400462150574
5865312256.0,-0.25554731488227844
5866250240.0,-0.24663859605789185
5867187712.0,-0.23650309443473816
5868125184.0,-0.22609266638755798
5869062656.0,-0.2129111886024475
5870000128.0,-0.1995684802532196
5870937600.0,-0.1865207552909851
5871875072.0,-0.17360049486160278
5872812544.0,-0.1598500907421112
5873750016.0,-0.14681527018547058
5874687488.0,-0.13569939136505127
5875624960.0,-0.12556616961956024
5876562432.0,-0.1168082058429718
5877499904.0,-0.10959965735673904
5878437376.0,-0.10424681007862091
5879374848.0,-0.10123872011899948
5880312320.0,-0.1008785218000412
5881249792.0,-0.10220151394605637
5882187264.0,-0.10462072491645813
5883125248.0,-0.10941287875175476
5884062720.0,-0.1164582148194313
5885000192.0,-0.12399984151124954
5885937664.0,-0.06597045063972473
5886875136.0,-0.06972002983093262
5887812608.0,-0.07435315102338791
5888750080.0,-0.08043258637189865
5889687552.0,-0.08696377277374268
5890625024.0,-0.09367553144693375
5891562496.0,-0.10104189813137054
5892499968.0,-0.10795611143112183
5893437440.0,-0.11587636172771454
5894374912.0,-0.12399689853191376
5895312384.0,-0.1329825073480606
5896249856.0,-0.14174872636795044
5897187328.0,-0.15119947493076324
5898124800.0,-0.15925651788711548
5899062272.0,-0.16895060241222382
5900000256.0,-0.17847590148448944
5900937728.0,-0.18674518167972565
5901875200.0,-0.19699139893054962
5902812672.0,-0.20560254156589508
5903750144.0,-0.2143768072128296
5904687616.0,-0.22413621842861176
5905625088.0,-0.23163782060146332
5906562560.0,-0.24129535257816315
5907500032.0,-0.24992699921131134
5908437504.0,-0.258884996175766
5909374976.0,-0.26639360189437866
5910312448.0,-0.273770272731781
5911249920.0,-0.28229522705078125
5912187392.0,-0.28977081179618835
5913124864.0,-0.2963178753852844
5914062336.0,-0.30409127473831177
5914999808.0,-0.3103828430175781
5915937280.0,-0.31551867723464966
5916874752.0,-0.3201350271701813
5917812736.0,-0.3238314092159271
5918750208.0,-0.32653823494911194
5919687680.0,-0.3292791545391083
5920625152.0,-0.3308771252632141
5921562624.0,-0.33184707164764404
5922500096.0,-0.33237403631210327
5923437568.0,-0.33160340785980225
5924375040.0,-0.33009982109069824
5925312512.0,-0.3259679675102234
5926249984.0,-0.3213971257209778
5927187456.0,-0.31621110439300537
5928124928.0,-0.3097958564758301
5929062400.0,-0.3006013035774231
5929999872.0,-0.2906527519226074
5930937344.0,-0.2787754535675049
5931874816.0,-0.2658236026763916
5932812288.0,-0.2521180808544159
5933749760.0,-0.23627904057502747
5934687744.0,-0.22020789980888367
5935625216.0,-0.20310211181640625
5936562688.0,-0.1859501749277115
5937500160.0,-0.1680244356393814
5938437632.0,-0.1490706205368042
5939375104.0,-0.13042089343070984
5940312576.0,-0.11334236711263657
5941250048.0,-0.09414349496364594
5942187520.0,-0.07693501561880112
5943124992.0,-0.06122467294335365
5944062464.0,-0.044340841472148895
5944999936.0,-0.03028285875916481
5945937408.0,-0.12859146296977997
5946874880.0,-0.13671015202999115
5947812352.0,-0.1455160230398178
5948749824.0,-0.15776196122169495
5949687296.0,-0.16924834251403809
5950624768.0,-0.18372651934623718
5951562752.0,-0.19937780499458313
5952500224.0,-0.21537330746650696
5953437696.0,-0.23282790184020996
5954375168.0,-0.25128796696662903
5955312640.0,-0.269924134016037
5956250112.0,-0.2895343601703644
5957187584.0,-0.3087807297706604
5958125056.0,-0.32826417684555054
5959062528.0,-0.3482746183872223
5960000000.0,-0.36632654070854187
5960937472.0,-0.3837043344974518
5961874944.0,-0.3995911777019501
5962812416.0,-0.413650244474411
5963749888.0,-0.4271565079689026
5964687360.0,-0.43768253922462463
5965624832.0,-0.443442165851593
5966562304.0,-0.4487215280532837
5967499776.0,-0.4506230354309082
5968437248.0,-0.4487970769405365
5969375232.0,-0.4433753490447998
5970312704.0,-0.43523308634757996
5971250176.0,-0.42474403977394104
5972187648.0,-0.40994274616241455
5973125120.0,-0.392708420753479
5974062592.0,-0.3727771043777466
5975000064.0,-0.35124707221984863
5975937536.0,-0.3274969160556793
5976875008.0,-0.30367612838745117
5977812480.0,-0.2779400944709778
5978749952.0,-0.2532919943332672
5979687424.0,-0.22778461873531342
5980624896.0,-0.20531447231769562
5981562368.0,-0.1833825558423996
5982499840.0,-0.16218531131744385
5983437312.0,-0.143326997756958
5984374784.0,-0.12595216929912567
5985312256.0,-0.11089661717414856
5986250240.0,-0.09989383071660995
5987187712.0,-0.09103814512491226
5988125184.0,-0.08394315838813782
5989062656.0,-0.08075051754713058
5990000128.0,-0.07893619686365128
5990937600.0,-0.0791654884815216
5991875072.0,-0.08276739716529846
5992812544.0,-0.08737687766551971
5993750016.0,-0.09366767108440399
5994687488.0,-0.10009415447711945
5995624960.0,-0.10914629697799683
5996562432.0,-0.11770882457494736
5997499904.0,-0.1264496147632599
5998437376.0,-0.1360623836517334
5999374848.0,-0.14524602890014648
6000312320.0,-0.15420563519001007
6001249792.0,-0.16170229017734528
6002187264.0,-0.1698882281780243
6003125248.0,-0.1761298030614853
6004062720.0,-0.1819632202386856
6005000192.0,-0.13976842164993286
6005937664.0,-0.14718538522720337
6006875136.0,-0.15419131517410278
6007812608.0,-0.16158552467823029
6008750080.0,-0.17092518508434296
6009687552.0,-0.18079054355621338
6010625024.0,-0.19071559607982635
6011562496.0,-0.20266011357307434
6012499968.0,-0.21487584710121155
6013437440.0,-0.22764945030212402
6014374912.0,-0.24041534960269928
6015312384.0,-0.2539566457271576
6016249856.0,-0.26772958040237427
6017187328.0,-0.28196966648101807
6018124800.0,-0.2964193522930145
6019062272.0,-0.3093436658382416
6019999744.0,-0.3203480839729309
6020937728.0,-0.33342674374580383
6021875200.0,-0.3452607989311218
6022812672.0,-0.35565248131752014
6023750144.0,-0.36405348777770996
6024687616.0,-0.37329256534576416
6025625088.0,-0.37968888878822327
6026562560.0,-0.3859516382217407
6027500032.0,-0.3898528218269348
6028437504.0,-0.3917401134967804
6029374976.0,-0.39171236753463745
6030312448.0,-0.38969486951828003
6031249920.0,-0.38708534836769104
6032187392.0,-0.38313746452331543
6033124864.0,-0.3764829635620117
6034062336.0,-0.36945465207099915
6034999808.0,-0.36064550280570984
6035937280.0,-0.3516734838485718
6036874752.0,-0.34164634346961975
6037812736.0,-0.3292352259159088
6038750208.0,-0.31805840134620667
6039687680.0,-0.3066544830799103
6040625152.0,-0.2960200905799866
6041562624.0,-0.2834608554840088
6042500096.0,-0.27479204535484314
6043437568.0,-0.2631080746650696
6044375040.0,-0.25411301851272583
6045312512.0,-0.24489784240722656
6046249984.0,-0.23743833601474762
6047187456.0,-0.22869634628295898
6048124928.0,-0.22287023067474365
6049062400.0,-0.21681171655654907
6049999872.0,-0.2122562974691391
6050937344.0,-0.20997099578380585
6051874816.0,-0.20759356021881104
6052812288.0,-0.20541596412658691
6053749760.0,-0.20556652545928955
6054687744.0,-0.20584186911582947
6055625216.0,-0.2074539214372635
6056562688.0,-0.20923517644405365
6057500160.0,-0.21236316859722137
6058437632.0,-0.21589839458465576
6059375104.0,-0.22092880308628082
6060312576.0,-0.22577372193336487
6061250048.0,-0.22997744381427765
6062187520.0,-0.2350292056798935
6063124992.0,-0.24050448834896088
6064062464.0,-0.245318204164505
6064999936.0,-0.14076422154903412
6065937408.0,-0.16090261936187744
6066874880.0,-0.1819268763065338
6067812352.0,-0.2023005336523056
6068749824.0,-0.22391317784786224
6069687296.0,-0.24351540207862854
6070624768.0,-0.264181911945343
6071562752.0,-0.28387370705604553
6072500224.0,-0.3028971254825592
6073437696.0,-0.32109686732292175
6074375168.0,-0.33748728036880493
6075312640.0,-0.35458722710609436
6076250112.0,-0.3692774176597595
6077187584.0,-0.3848063051700592
6078125056.0,-0.3978474736213684
6079062528.0,-0.40914931893348694
6080000000.0,-0.41969090700149536
6080937472.0,-0.4295710623264313
6081874944.0,-0.43732818961143494
6082812416.0,-0.4421045482158661
6083749888.0,-0.44643551111221313
6084687360.0,-0.44850248098373413
6085624832.0,-0.4503314793109894
6086562304.0,-0.4497546851634979
6087499776.0,-0.4474109411239624
6088437248.0,-0.44347330927848816
6089375232.0,-0.44026780128479004
6090312704.0,-0.4347061812877655
6091250176.0,-0.4286113679409027
6092187648.0,-0.42084893584251404
6093125120.0,-0.41291701793670654
6094062592.0,-0.4021082818508148
6095000064.0,-0.39018502831459045
6095937536.0,-0.3792811930179596
6096875008.0,-0.3669060170650482
6097812480.0,-0.3542056679725647
6098749952.0,-0.33984896540641785
6099687424.0,-0.3254345655441284
6100624896.0,-0.3111467957496643
6101562368.0,-0.2970898151397705
6102499840.0,-0.28198879957199097
6103437312.0,-0.26819053292274475
6104374784.0,-0.25354668498039246
6105312256.0,-0.23936505615711212
6106250240.0,-0.22485652565956116
6107187712.0,-0.21114696562290192
6108125184.0,-0.19663284718990326
6109062656.0,-0.1826406866312027
6110000128.0,-0.16994240880012512
6110937600.0,-0.156269833445549
6111875072.0,-0.14377501606941223
6112812544.0,-0.13234399259090424
6113750016.0,-0.12177054584026337
6114687488.0,-0.11185721307992935
6115624960.0,-0.1018298789858818
6116562432.0,-0.09370788186788559
6117499904.0,-0.0852365642786026
6118437376.0,-0.08068116754293442
6119374848.0,-0.07771523296833038
6120312320.0,-0.0772782564163208
6121249792.0,-0.07887817919254303
6122187264.0,-0.08067727088928223
6123125248.0,-0.08555340021848679
6124062720.0,-0.09181070327758789
6125000192.0,-0.14473381638526917
6125937664.0,-0.15876753628253937
6126875136.0,-0.17330431938171387
6127812608.0,-0.1891031712293625
6128750080.0,-0.2034236639738083
6129687552.0,-0.220669224858284
6130625024.0,-0.23601658642292023
6131562496.0,-0.25297731161117554
6132499968.0,-0.2697489261627197
6133437440.0,-0.28620195388793945
6134374912.0,-0.3016186058521271
6135312384.0,-0.31849807500839233
6136249856.0,-0.33280304074287415
6137187328.0,-0.3471880853176117
6138124800.0,-0.36199498176574707
6139062272.0,-0.37651559710502625
6140000256.0,-0.3890042006969452
6140937728.0,-0.40223124623298645
6141875200.0,-0.4131739139556885
6142812672.0,-0.42301619052886963
6143750144.0,-0.4322064220905304
6144687616.0,-0.4413854777812958
6145625088.0,-0.4496177136898041
6146562560.0,-0.45765477418899536
6147500032.0,-0.46145325899124146
6148437504.0,-0.4647710621356964
6149374976.0,-0.466971218585968
6150312448.0,-0.46774032711982727
6151249920.0,-0.4654426574707031
6152187392.0,-0.46139562129974365
6153124864.0,-0.4567904472351074
6154062336.0,-0.4512108266353607
6154999808.0,-0.44341376423835754
6155937280.0,-0.4343325197696686
6156874752.0,-0.42473337054252625
6157812736.0,-0.41352593898773193
6158750208.0,-0.4013502597808838
6159687680.0,-0.3884890377521515
6160625152.0,-0.3737507462501526
6161562624.0,-0.3596838414669037
6162500096.0,-0.34515276551246643
6163437568.0,-0.3312956988811493
6164375040.0,-0.316253662109375
6165312512.0,-0.30206599831581116
6166249984.0,-0.288015753030777
6167187456.0,-0.2740470767021179
6168124928.0,-0.2598537504673004
6169062400.0,-0.2456415742635727
6169999872.0,-0.23044808208942413
6170937344.0,-0.2167840600013733
6171874816.0,-0.20186854898929596
6172812288.0,-0.18965426087379456
6173749760.0,-0.17805427312850952
6174687744.0,-0.16676832735538483
6175625216.0,-0.1568884402513504
6176562688.0,-0.14790964126586914
6177500160.0,-0.13929788768291473
6178437632.0,-0.13214054703712463
6179375104.0,-0.1280360370874405
6180312576.0,-0.12413360178470612
6181250048.0,-0.12156660854816437
6182187520.0,-0.12109124660491943
6183124992.0,-0.1221093237400055
6184062464.0,-0.12528391182422638
6184999936.0,-0.2684471607208252
6185937408.0,-0.2827889919281006
6186874880.0,-0.29925715923309326
6187812352.0,-0.3157614767551422
6188749824.0,-0.33287498354911804
6189687296.0,-0.34905657172203064
6190624768.0,-0.3654269576072693
6191562752.0,-0.3820549547672272
6192500224.0,-0.3967662751674652
6193437696.0,-0.4112144410610199
6194375168.0,-0.4237572252750397
6195312640.0,-0.4339825510978699
6196250112.0,-0.44407668709754944
6197187584.0,-0.45246291160583496
6198125056.0,-0.45882588624954224
6199062528.0,-0.46480438113212585
6200000000.0,-0.4682580828666687
6200937472.0,-0.4717487394809723
6201874944.0,-0.47487637400627136
6202812416.0,-0.4767321050167084
6203749888.0,-0.47863537073135376
6204687360.0,-0.48122984170913696
6205624832.0,-0.4833700954914093
6206562304.0,-0.4866696894168854
6207499776.0,-0.4919707179069519
6208437248.0,-0.49773257970809937
6209375232.0,-0.5053672194480896
6210312704.0,-0.5128486156463623
6211250176.0,-0.5220440626144409
6212187648.0,-0.5310369729995728
6213125120.0,-0.5375659465789795
6214062592.0,-0.5441635847091675
6215000064.0,-0.5461752414703369
6215937536.0,-0.5422083139419556
6216875008.0,-0.5364821553230286
6217812480.0,-0.528378427028656
6218749952.0,-0.5195526480674744
6219687424.0,-0.5080771446228027
6220624896.0,-0.4950072765350342
6221562368.0,-0.4821748435497284
6222499840.0,-0.4682084619998932
6223437312.0,-0.4542384147644043
6224374784.0,-0.44065824151039124
6225312256.0,-0.42768746614456177
6226250240.0,-0.41644221544265747
6227187712.0,-0.4061090052127838
6228125184.0,-0.3964216709136963
6229062656.0,-0.38719144463539124
6230000128.0,-0.3785839378833771
6230937600.0,-0.37178051471710205
6231875072.0,-0.36376145482063293
6232812544.0,-0.3575478792190552
6233750016.0,-0.3509330749511719
6234687488.0,-0.34526902437210083
6235624960.0,-0.3381080627441406
6236562432.0,-0.331779420375824
6237499904.0,-0.3242947459220886
6238437376.0,-0.31830519437789917
6239374848.0,-0.3101726770401001
6240312320.0,-0.3028397858142853
6241249792.0,-0.2948766350746155
6242187264.0,-0.2879362106323242
6243125248.0,-0.280474454164505
6244062720.0,-0.27398166060447693
6245000192.0,-0.41669440269470215
6245937664.0,-0.4189976751804352
6246875136.0,-0.4227883219718933
6247812608.0,-0.4287710189819336
6248750080.0,-0.4357997477054596
6249687552.0,-0.44478839635849
6250625024.0,-0.45729148387908936
6251562496.0,-0.47083497047424316
6252499968.0,-0.4880284070968628
6253437440.0,-0.5060684084892273
6254374912.0,-0.5260961651802063
6255312384.0,-0.5486423373222351
6256249856.0,-0.5741555094718933
6257187328.0,-0.600616991519928
6258124800.0,-0.6272379755973816
6259062272.0,-0.6538771986961365
6259999744.0,-0.6819562911987305
6260937728.0,-0.7097759246826172
6261875200.0,-0.7354410290718079
6262812672.0,-0.7598070502281189
6263750144.0,-0.7825391292572021
6264687616.0,-0.8043062686920166
6265625088.0,-0.8221410512924194
6266562560.0,-0.8395702838897705
6267500032.0,-0.854000985622406
6268437504.0,-0.8654289841651917
6269374976.0,-0.8724399209022522
6270312448.0,-0.8775023221969604
6271249920.0,-0.8793207406997681
6272187392.0,-0.8774814605712891
6273124864.0,-0.8718485236167908
6274062336.0,-0.8636509776115417
6274999808.0,-0.8513122200965881
6275937280.0,-0.835452675819397
6276874752.0,-0.8164021372795105
6277812736.0,-0.7957833409309387
6278750208.0,-0.772357165813446
6279687680.0,-0.7469828724861145
6280625152.0,-0.7197323441505432
6281562624.0,-0.6910071969032288
6282500096.0,-0.6618284583091736
6283437568.0,-0.632456362247467
6284375040.0,-0.6019658446311951
6285312512.0,-0.5716360211372375
6286249984.0,-0.5407464504241943
6287187456.0,-0.5118771195411682
6288124928.0,-0.4844072759151459
6289062400.0,-0.45653408765792847
6289999872.0,-0.4314345121383667
6290937344.0,-0.4074006676673889
6291874816.0,-0.38622844219207764
6292812288.0,-0.36708521842956543
6293749760.0,-0.35132700204849243
6294687744.0,-0.3368421494960785
6295625216.0,-0.32603880763053894
6296562688.0,-0.322599858045578
6297500160.0,-0.32128700613975525
6298437632.0,-0.3233373463153839
6299375104.0,-0.32759249210357666
6300312576.0,-0.33547157049179077
6301250048.0,-0.34565314650535583
6302187520.0,-0.3588196635246277
6303124992.0,-0.37530145049095154
6304062464.0,-0.39435458183288574
6304999936.0,-0.531880259513855
6305937408.0,-0.5527278184890747
6306874880.0,-0.5732190608978271
6307812352.0,-0.5962064266204834
6308749824.0,-0.6197952628135681
6309687296.0,-0.6446305513381958
6310624768.0,-0.6697056293487549
6311562752.0,-0.6948893666267395
6312500224.0,-0.7209546566009521
6313437696.0,-0.7474332451820374
6314375168.0,-0.773995578289032
6315312640.0,-0.7993028163909912
6316250112.0,-0.823715090751648
6317187584.0,-0.8477007150650024
6318125056.0,-0.8706817030906677
6319062528.0,-0.8927499651908875
6320000000.0,-0.913143515586853
6320937472.0,-0.9300803542137146
6321874944.0,-0.949204683303833
6322812416.0,-0.9637113809585571
6323749888.0,-0.9763781428337097
6324687360.0,-0.9852339029312134
6325624832.0,-0.992030680179596
6326562304.0,-0.9941073656082153
6327499776.0,-0.9941132664680481
6328437248.0,-0.9922564029693604
6329375232.0,-0.9873825907707214
6330312704.0,-0.9808441400527954
6331250176.0,-0.9701130390167236
6332187648.0,-0.9588693976402283
6333125120.0,-0.9453239440917969
6334062592.0,-0.9294805526733398
6335000064.0,-0.9122268557548523
6335937536.0,-0.8951543569564819
6336875008.0,-0.8756669759750366
6337812480.0,-0.8542919754981995
6338749952.0,-0.8331379890441895
6339687424.0,-0.8105316162109375
6340624896.0,-0.786921501159668
6341562368.0,-0.7638037204742432
6342499840.0,-0.7397912740707397
6343437312.0,-0.7176178097724915
6344374784.0,-0.6950663924217224
6345312256.0,-0.6725469827651978
6346250240.0,-0.6511092782020569
6347187712.0,-0.628510594367981
6348125184.0,-0.607235848903656
6349062656.0,-0.5873503088951111
6350000128.0,-0.5695016980171204
6350937600.0,-0.5537435412406921
6351875072.0,-0.5386072397232056
6352812544.0,-0.5266416072845459
6353750016.0,-0.5156444311141968
6354687488.0,-0.5067872405052185
6355624960.0,-0.5003331303596497
6356562432.0,-0.4968816637992859
6357499904.0,-0.4948965907096863
6358437376.0,-0.49462777376174927
6359374848.0,-0.4982582628726959
6360312320.0,-0.5037441253662109
6361249792.0,-0.5120751857757568
6362187264.0,-0.5224267244338989
6363125248.0,-0.5349558591842651
6364062720.0,-0.5498203039169312
6365000192.0,-0.8284063935279846
6365937664.0,-0.8341532945632935
6366875136.0,-0.8397905230522156
6367812608.0,-0.8473257422447205
6368750080.0,-0.853564977645874
6369687552.0,-0.8614115715026855
6370625024.0,-0.8691260814666748
6371562496.0,-0.8783648610115051
6372499968.0,-0.8853117823600769
6373437440.0,-0.8947011828422546
6374374912.0,-0.9040605425834656
6375312384.0,-0.911491870880127
6376249856.0,-0.9203100800514221
6377187328.0,-0.9299860000610352
6378124800.0,-0.9378184080123901
6379062272.0,-0.9461473822593689
6380000256.0,-0.9528014063835144
6380937728.0,-0.9595907926559448
6381875200.0,-0.964532732963562
6382812672.0,-0.9708070158958435
6383750144.0,-0.975562334060669
6384687616.0,-0.9804936051368713
6385625088.0,-0.983327329158783
6386562560.0,-0.987478494644165
6387500032.0,-0.9915937781333923
6388437504.0,-0.9934606552124023
6389374976.0,-0.9951831698417664
6390312448.0,-0.9963247776031494
6391249920.0,-0.9972949028015137
6392187392.0,-0.9971086382865906
6393124864.0,-0.9966475963592529
6394062336.0,-0.9962930083274841
6394999808.0,-0.9928156137466431
6395937280.0,-0.9901958703994751
6396874752.0,-0.9864357709884644
6397812736.0,-0.9826396703720093
6398750208.0,-0.9784982204437256
6399687680.0,-0.9743906855583191
6400625152.0,-0.970652163028717
6401562624.0,-0.9662212133407593
6402500096.0,-0.9641373753547668
6403437568.0,-0.9611161947250366
6404375040.0,-0.9599766731262207
6405312512.0,-0.9587756395339966
6406249984.0,-0.9578977823257446
6407187456.0,-0.9580205082893372
6408124928.0,-0.9602820873260498
6409062400.0,-0.9627158641815186
6409999872.0,-0.9662913680076599
6410937344.0,-0.9701946973800659
6411874816.0,-0.9754801988601685
6412812288.0,-0.9816073179244995
6413749760.0,-0.9884790182113647
6414687744.0,-0.9954020380973816
6415625216.0,-1.0026975870132446
6416562688.0,-1.0117045640945435
6417500160.0,-1.019275426864624
6418437632.0,-1.0276367664337158
6419375104.0,-1.036516547203064
6420312576.0,-1.0460833311080933
6421250048.0,-1.054324984550476
6422187520.0,-1.062693476676941
6423124992.0,-1.0675523281097412
6424062464.0,-1.0720220804214478
6424999936.0,-1.0885918140411377
6425937408.0,-1.1005127429962158
6426874880.0,-1.1108651161193848
6427812352.0,-1.1196486949920654
6428749824.0,-1.1278663873672485
6429687296.0,-1.1329421997070312
6430624768.0,-1.1379295587539673
6431562752.0,-1.1416730880737305
6432500224.0,-1.1433767080307007
6433437696.0,-1.1438490152359009
6434375168.0,-1.1436967849731445
6435312640.0,-1.1405125856399536
6436250112.0,-1.1367881298065186
6437187584.0,-1.1319057941436768
6438125056.0,-1.125030755996704
6439062528.0,-1.1173365116119385
6440000000.0,-1.107879400253296
6440937472.0,-1.098419427871704
6441874944.0,-1.0871397256851196
6442812416.0,-1.076137900352478
6443749888.0,-1.064771294593811
6444687360.0,-1.0518505573272705
6445624832.0,-1.039766788482666
6446562304.0,-1.0281785726547241
6447499776.0,-1.0157220363616943
6448437248.0,-1.0038032531738281
6449375232.0,-0.9916450381278992
6450312704.0,-0.9819819331169128
6451250176.0,-0.9718102812767029
6452187648.0,-0.9629297256469727
6453125120.0,-0.9548245668411255
6454062592.0,-0.9469343423843384
6455000064.0,-0.9410728812217712
6455937536.0,-0.9355218410491943
6456875008.0,-0.930661141872406
6457812480.0,-0.9255033135414124
6458749952.0,-0.9197596907615662
6459687424.0,-0.9141949415206909
6460624896.0,-0.9099841117858887
6461562368.0,-0.904933750629425
6462499840.0,-0.8999019265174866
6463437312.0,-0.8955644369125366
6464374784.0,-0.8906204104423523
6465312256.0,-0.8868107795715332
6466250240.0,-0.8820158243179321
6467187712.0,-0.8771571516990662
6468125184.0,-0.8722231388092041
6469062656.0,-0.8669606447219849
6470000128.0,-0.8628251552581787
6470937600.0,-0.857096791267395
6471875072.0,-0.8513770699501038
6472812544.0,-0.846110999584198
6473750016.0,-0.8430261611938477
6474687488.0,-0.8393868207931519
6475624960.0,-0.835026741027832
6476562432.0,-0.8326609134674072
6477499904.0,-0.8306087851524353
6478437376.0,-0.8275911808013916
6479374848.0,-0.82485032081604
6480312320.0,-0.8238999843597412
6481249792.0,-0.8235483765602112
6482187264.0,-0.8233599662780762
6483125248.0,-0.8222042918205261
6484062720.0,-0.8215661644935608
6485000192.0,-0.9216564297676086
6485937664.0,-0.9293197393417358
6486875136.0,-0.9372620582580566
6487812608.0,-0.9448107481002808
6488750080.0,-0.9530928730964661
6489687552.0,-0.9601479768753052
6490625024.0,-0.9676201343536377
6491562496.0,-0.9740567803382874
6492499968.0,-0.9808639883995056
6493437440.0,-0.9871259927749634
6494374912.0,-0.9916544556617737
6495312384.0,-0.997107982635498
6496249856.0,-1.000543475151062
6497187328.0,-1.0052449703216553
6498124800.0,-1.0074454545974731
6499062272.0,-1.0100176334381104
6499999744.0,-1.0115971565246582
6500937728.0,-1.0117146968841553
6501875200.0,-1.0084075927734375
6502812672.0,-1.0052976608276367
6503750144.0,-1.0000295639038086
6504687616.0,-0.9931796789169312
6505625088.0,-0.9865232110023499
6506562560.0,-0.9786357283592224
6507500032.0,-0.9700219035148621
6508437504.0,-0.9597545862197876
6509374976.0,-0.950311005115509
6510312448.0,-0.9402727484703064
6511249920.0,-0.9302095770835876
6512187392.0,-0.9204659461975098
6513124864.0,-0.9090631008148193
6514062336.0,-0.8975447416305542
6514999808.0,-0.8878887295722961
6515937280.0,-0.876820981502533
6516874752.0,-0.8667790293693542
6517812736.0,-0.8567835092544556
6518750208.0,-0.8462616205215454
6519687680.0,-0.8371833562850952
6520625152.0,-0.8282960057258606
6521562624.0,-0.8196905255317688
6522500096.0,-0.8119832873344421
6523437568.0,-0.8046746253967285
6524375040.0,-0.7965851426124573
6525312512.0,-0.7910833358764648
6526249984.0,-0.7859777808189392
6527187456.0,-0.7813340425491333
6528124928.0,-0.7776224613189697
6529062400.0,-0.775780439376831
6529999872.0,-0.7741462588310242
6530937344.0,-0.7760828733444214
6531874816.0,-0.7756045460700989
6532812288.0,-0.7776739001274109
6533749760.0,-0.7815418839454651
6534687744.0,-0.7859468460083008
6535625216.0,-0.7906240224838257
6536562688.0,-0.7975326180458069
6537500160.0,-0.8032131195068359
6538437632.0,-0.8084715604782104
6539375104.0,-0.8143351078033447
6540312576.0,-0.8199504613876343
6541250048.0,-0.8269363045692444
6542187520.0,-0.8334221243858337
6543124992.0,-0.8403822183609009
6544062464.0,-0.8471704721450806
6544999936.0,-0.8455439805984497
6545937408.0,-0.850986897945404
6546874880.0,-0.852605938911438
6547812352.0,-0.8569303154945374
6548749824.0,-0.8596677184104919
6549687296.0,-0.8633595108985901
6550624768.0,-0.8674018383026123
6551562752.0,-0.8724111318588257
6552500224.0,-0.8777031302452087
6553437696.0,-0.8839759826660156
6554375168.0,-0.8913643956184387
6555312640.0,-0.898984432220459
6556250112.0,-0.9087854027748108
6557187584.0,-0.9178552031517029
6558125056.0,-0.9286507368087769
6559062528.0,-0.9390708208084106
6560000000.0,-0.9504498839378357
6560937472.0,-0.9634540677070618
6561874944.0,-0.9760715365409851
6562812416.0,-0.9892720580101013
6563749888.0,-1.0029568672180176
6564687360.0,-1.015820860862732
6565624832.0,-1.0291178226470947
6566562304.0,-1.0439091920852661
6567499776.0,-1.0561072826385498
6568437248.0,-1.0687286853790283
6569375232.0,-1.082257628440857
6570312704.0,-1.0944374799728394
6571250176.0,-1.106656551361084
6572187648.0,-1.1182670593261719
6573125120.0,-1.1297329664230347
6574062592.0,-1.141943097114563
6575000064.0,-1.1512470245361328
6575937536.0,-1.1595808267593384
6576875008.0,-1.1671980619430542
6577812480.0,-1.1723772287368774
6578749952.0,-1.1775550842285156
6579687424.0,-1.1814064979553223
6580624896.0,-1.1839513778686523
6581562368.0,-1.1868082284927368
6582499840.0,-1.1875559091567993
6583437312.0,-1.1864510774612427
6584374784.0,-1.1851825714111328
6585312256.0,-1.1836565732955933
6586250240.0,-1.1802717447280884
6587187712.0,-1.1770150661468506
6588125184.0,-1.1723252534866333
6589062656.0,-1.1692314147949219
6590000128.0,-1.1635171175003052
6590937600.0,-1.1578196287155151
6591875072.0,-1.153463363647461
6592812544.0,-1.1485998630523682
6593750016.0,-1.142364263534546
6594687488.0,-1.138280987739563
6595624960.0,-1.1342105865478516
6596562432.0,-1.1306978464126587
6597499904.0,-1.127669334411621
6598437376.0,-1.1263177394866943
6599374848.0,-1.1255322694778442
6600312320.0,-1.124190330505371
6601249792.0,-1.1232426166534424
6602187264.0,-1.1229937076568604
6603125248.0,-1.1242679357528687
6604062720.0,-1.1255252361297607
6605000192.0,-1.1240512132644653
6605937664.0,-1.1297259330749512
6606875136.0,-1.1351711750030518
6607812608.0,-1.1423699855804443
6608750080.0,-1.1478008031845093
6609687552.0,-1.1527409553527832
6610625024.0,-1.1581224203109741
6611562496.0,-1.1635559797286987
6612499968.0,-1.168688416481018
6613437440.0,-1.1738015413284302
6614374912.0,-1.1790481805801392
6615312384.0,-1.183480978012085
6616249856.0,-1.1878389120101929
6617187328.0,-1.1922640800476074
6618124800.0,-1.1968053579330444
6619062272.0,-1.2015718221664429
6620000256.0,-1.2062923908233643
6620937728.0,-1.212224006652832
6621875200.0,-1.219667673110962
6622812672.0,-1.2263697385787964
6623750144.0,-1.2365223169326782
6624687616.0,-1.246759057044983
6625625088.0,-1.2615025043487549
6626562560.0,-1.2805547714233398
6627500032.0,-1.2996095418930054
6628437504.0,-1.319810152053833
6629374976.0,-1.3402584791183472
6630312448.0,-1.359694004058838
6631249920.0,-1.3797276020050049
6632187392.0,-1.399778127670288
6633124864.0,-1.42074716091156
6634062336.0,-1.4417089223861694
6634999808.0,-1.4616714715957642
6635937280.0,-1.4829939603805542
6636874752.0,-1.5021789073944092
6637812736.0,-1.5208606719970703
6638750208.0,-1.5375821590423584
6639687680.0,-1.5545296669006348
6640625152.0,-1.5706307888031006
6641562624.0,-1.5843830108642578
6642500096.0,-1.599577784538269
6643437568.0,-1.6125047206878662
6644375040.0,-1.6268421411514282
6645312512.0,-1.638035774230957
6646249984.0,-1.6479136943817139
6647187456.0,-1.6567151546478271
6648124928.0,-1.6638917922973633
6649062400.0,-1.6685115098953247
6649999872.0,-1.672238826751709
6650937344.0,-1.674752116203308
6651874816.0,-1.678177833557129
6652812288.0,-1.6807037591934204
6653749760.0,-1.6816120147705078
6654687744.0,-1.6843514442443848
6655625216.0,-1.6865932941436768
6656562688.0,-1.6898460388183594
6657500160.0,-1.6937546730041504
6658437632.0,-1.6988537311553955
6659375104.0,-1.705575704574585
6660312576.0,-1.7142497301101685
6661250048.0,-1.7219607830047607
6662187520.0,-1.7319915294647217
6663124992.0,-1.743194341659546
6664062464.0,-1.7575522661209106
6664999936.0,-1.7817925214767456
6665937408.0,-1.7959084510803223
6666874880.0,-1.809501051902771
6667812352.0,-1.8227297067642212
6668749824.0,-1.838930368423462
6669687296.0,-1.8545693159103394
6670624768.0,-1.870376467704773
6671562752.0,-1.8859723806381226
6672500224.0,-1.8994401693344116
6673437696.0,-1.9125927686691284
6674375168.0,-1.9251655340194702
6675312640.0,-1.9361027479171753
6676250112.0,-1.9454255104064941
6677187584.0,-1.95021390914917
6678125056.0,-1.9536617994308472
6679062528.0,-1.9555397033691406
6680000000.0,-1.9562811851501465
6680937472.0,-1.9564696550369263
6681874944.0,-1.956445336341858
6682812416.0,-1.9569265842437744
6683749888.0,-1.956251859664917
6684687360.0,-1.955499529838562
6685624832.0,-1.9553508758544922
6686562304.0,-1.9554678201675415
6687499776.0,-1.9561928510665894
6688437248.0,-1.959610939025879
6689375232.0,-1.9648816585540771
6690312704.0,-1.970913052558899
6691250176.0,-1.9790925979614258
6692187648.0,-1.9865978956222534
6693125120.0,-1.9949182271957397
6694062592.0,-2.0043835639953613
6695000064.0,-2.015526294708252
6695937536.0,-2.0283923149108887
6696875008.0,-2.044037342071533
6697812480.0,-2.061473846435547
6698749952.0,-2.0825135707855225
6699687424.0,-2.105438709259033
6700624896.0,-2.1287407875061035
6701562368.0,-2.153351068496704
6702499840.0,-2.17720103263855
6703437312.0,-2.200744390487671
6704374784.0,-2.2236249446868896
6705312256.0,-2.2472877502441406
6706250240.0,-2.2717888355255127
6707187712.0,-2.295593738555908
6708125184.0,-2.318455457687378
6709062656.0,-2.341188669204712
6710000128.0,-2.3625729084014893
6710937600.0,-2.383587121963501
6711875072.0,-2.4010016918182373
6712812544.0,-2.418654441833496
6713750016.0,-2.4301156997680664
6714687488.0,-2.4397053718566895
6715624960.0,-2.4462244510650635
6716562432.0,-2.4515492916107178
6717499904.0,-2.4558265209198
6718437376.0,-2.45841908454895
6719374848.0,-2.459357738494873
6720312320.0,-2.4614338874816895
6721249792.0,-2.462351083755493
6722187264.0,-2.461719274520874
6723125248.0,-2.4621329307556152
6724062720.0,-2.4616942405700684
6725000192.0,-2.435732126235962
6725937664.0,-2.4373629093170166
6726875136.0,-2.437335968017578
6727812608.0,-2.4391255378723145
6728750080.0,-2.4410252571105957
6729687552.0,-2.4441378116607666
6730625024.0,-2.4488062858581543
6731562496.0,-2.456117630004883
6732499968.0,-2.4681777954101562
6733437440.0,-2.4828028678894043
6734374912.0,-2.5008280277252197
6735312384.0,-2.522639036178589
6736249856.0,-2.545715093612671
6737187328.0,-2.5716092586517334
6738124800.0,-2.6004090309143066
6739062272.0,-2.6300578117370605
6739999744.0,-2.6618781089782715
6740937728.0,-2.6949188709259033
6741875200.0,-2.7281901836395264
6742812672.0,-2.762218475341797
6743750144.0,-2.79598069190979
6744687616.0,-2.831411123275757
6745625088.0,-2.8660953044891357
6746562560.0,-2.901573657989502
6747500032.0,-2.935060501098633
6748437504.0,-2.965599775314331
6749374976.0,-2.9957361221313477
6750312448.0,-3.021904230117798
6751249920.0,-3.047017812728882
6752187392.0,-3.072021245956421
6753124864.0,-3.090773344039917
6754062336.0,-3.105771064758301
6754999808.0,-3.1186535358428955
6755937280.0,-3.1259164810180664
6756874752.0,-3.130876064300537
6757812736.0,-3.1304728984832764
6758750208.0,-3.1281492710113525
6759687680.0,-3.120208501815796
6760625152.0,-3.1093006134033203
6761562624.0,-3.092449188232422
6762500096.0,-3.068881034851074
6763437568.0,-3.037062168121338
6764375040.0,-2.9996182918548584
6765312512.0,-2.957427978515625
6766249984.0,-2.9089181423187256
6767187456.0,-2.8567848205566406
6768124928.0,-2.802824020385742
6769062400.0,-2.7440543174743652
6769999872.0,-2.6839797496795654
6770937344.0,-2.6208336353302
6771874816.0,-2.556016206741333
6772812288.0,-2.4894793033599854
6773749760.0,-2.423384428024292
6774687744.0,-2.3565690517425537
6775625216.0,-2.2915399074554443
6776562688.0,-2.2274086475372314
6777500160.0,-2.1657233238220215
6778437632.0,-2.110633134841919
6779375104.0,-2.0589778423309326
6780312576.0,-2.0116829872131348
6781250048.0,-1.9686299562454224
6782187520.0,-1.9293845891952515
6783124992.0,-1.8944075107574463
6784062464.0,-1.8628302812576294
6784999936.0,-2.310360908508301
6785937408.0,-2.291557788848877
6786874880.0,-2.2736101150512695
6787812352.0,-2.2570903301239014
6788749824.0,-2.240164279937744
6789687296.0,-2.2256624698638916
6790624768.0,-2.2125422954559326
6791562752.0,-2.1994173526763916
6792500224.0,-2.188239812850952
6793437696.0,-2.179429054260254
6794375168.0,-2.1722607612609863
6795312640.0,-2.167271137237549
6796250112.0,-2.163830041885376
6797187584.0,-2.1617863178253174
6798125056.0,-2.1619224548339844
6799062528.0,-2.1660494804382324
6800000000.0,-2.172159433364868
6800937472.0,-2.1819095611572266
6801874944.0,-2.1936471462249756
6802812416.0,-2.2067017555236816
6803749888.0,-2.2247278690338135
6804687360.0,-2.243030309677124
6805624832.0,-2.2620744705200195
6806562304.0,-2.28202748298645
6807499776.0,-2.3026926517486572
6808437248.0,-2.323265790939331
6809375232.0,-2.3418097496032715
6810312704.0,-2.3590078353881836
6811250176.0,-2.375565528869629
6812187648.0,-2.3891444206237793
6813125120.0,-2.4001822471618652
6814062592.0,-2.4098353385925293
6815000064.0,-2.420722723007202
6815937536.0,-2.4279253482818604
6816875008.0,-2.433256149291992
6817812480.0,-2.4368603229522705
6818749952.0,-2.4363062381744385
6819687424.0,-2.4323811531066895
6820624896.0,-2.4242286682128906
6821562368.0,-2.413525342941284
6822499840.0,-2.398407220840454
6823437312.0,-2.380014181137085
6824374784.0,-2.3579840660095215
6825312256.0,-2.33363938331604
6826250240.0,-2.3056559562683105
6827187712.0,-2.273815393447876
6828125184.0,-2.2428271770477295
6829062656.0,-2.209078073501587
6830000128.0,-2.1738944053649902
6830937600.0,-2.137849807739258
6831875072.0,-2.1005916595458984
6832812544.0,-2.061694860458374
6833750016.0,-2.0207011699676514
6834687488.0,-1.979111909866333
6835624960.0,-1.9363294839859009
6836562432.0,-1.8933913707733154
6837499904.0,-1.852500081062317
6838437376.0,-1.812745213508606
6839374848.0,-1.7733279466629028
6840312320.0,-1.7369499206542969
6841249792.0,-1.7018840312957764
6842187264.0,-1.6689895391464233
6843125248.0,-1.6381605863571167
6844062720.0,-1.6090511083602905
6845000192.0,-1.504561185836792
6845937664.0,-1.4761993885040283
6846875136.0,-1.4511399269104004
6847812608.0,-1.4285590648651123
6848750080.0,-1.408420443534851
6849687552.0,-1.3914772272109985
6850625024.0,-1.3767379522323608
6851562496.0,-1.3655458688735962
6852499968.0,-1.3573989868164062
6853437440.0,-1.3518377542495728
6854374912.0,-1.3482928276062012
6855312384.0,-1.3478761911392212
6856249856.0,-1.3484759330749512
6857187328.0,-1.3529188632965088
6858124800.0,-1.3611178398132324
6859062272.0,-1.3707654476165771
6860000256.0,-1.3839744329452515
6860937728.0,-1.39955472946167
6861875200.0,-1.415455937385559
6862812672.0,-1.433388113975525
6863750144.0,-1.4513921737670898
6864687616.0,-1.4709056615829468
6865625088.0,-1.4909199476242065
6866562560.0,-1.5105069875717163
6867500032.0,-1.5309092998504639
6868437504.0,-1.5497169494628906
6869374976.0,-1.5685672760009766
6870312448.0,-1.586444616317749
6871249920.0,-1.6018987894058228
6872187392.0,-1.6159521341323853
6873124864.0,-1.627774715423584
6874062336.0,-1.6381468772888184
6874999808.0,-1.645367980003357
6875937280.0,-1.6506803035736084
6876874752.0,-1.6512665748596191
6877812736.0,-1.6501579284667969
6878750208.0,-1.6443129777908325
6879687680.0,-1.6365337371826172
6880625152.0,-1.6254740953445435
6881562624.0,-1.6117713451385498
6882500096.0,-1.5936505794525146
6883437568.0,-1.5728135108947754
6884375040.0,-1.5510389804840088
6885312512.0,-1.5250791311264038
6886249984.0,-1.4983718395233154
6887187456.0,-1.4691566228866577
6888124928.0,-1.4405242204666138
6889062400.0,-1.4104212522506714
6889999872.0,-1.3796125650405884
6890937344.0,-1.3474904298782349
6891874816.0,-1.3165323734283447
6892812288.0,-1.2856978178024292
6893749760.0,-1.2537950277328491
6894687744.0,-1.2245910167694092
6895625216.0,-1.1948186159133911
6896562688.0,-1.166125774383545
6897500160.0,-1.1388779878616333
6898437632.0,-1.1130421161651611
6899375104.0,-1.0878314971923828
6900312576.0,-1.064186930656433
6901250048.0,-1.0429315567016602
6902187520.0,-1.0234371423721313
6903124992.0,-1.0052363872528076
6904062464.0,-0.9889377951622009
6904999936.0,-0.9842249155044556
6905937408.0,-0.9796448349952698
6906874880.0,-0.978066086769104
6907812352.0,-0.9785269498825073
6908749824.0,-0.9799937605857849
6909687296.0,-0.9842713475227356
6910624768.0,-0.9878010153770447
6911562752.0,-0.9916002750396729
6912500224.0,-0.9975209832191467
6913437696.0,-1.0025535821914673
6914375168.0,-1.0077182054519653
6915312640.0,-1.0122793912887573
6916250112.0,-1.0170235633850098
6917187584.0,-1.0198421478271484
6918125056.0,-1.0216693878173828
6919062528.0,-1.0218287706375122
6920000000.0,-1.0221179723739624
6920937472.0,-1.019394874572754
6921874944.0,-1.0148957967758179
6922812416.0,-1.0087144374847412
6923749888.0,-1.002196192741394
6924687360.0,-0.9928950071334839
6925624832.0,-0.9816030263900757
6926562304.0,-0.9685500860214233
6927499776.0,-0.9540517926216125
6928437248.0,-0.9388391375541687
6929375232.0,-0.9207957983016968
6930312704.0,-0.9039607048034668
6931250176.0,-0.8845886588096619
6932187648.0,-0.8639869689941406
6933125120.0,-0.8421393036842346
6934062592.0,-0.8199519515037537
6935000064.0,-0.7963692545890808
6935937536.0,-0.7746754288673401
6936875008.0,-0.7513652443885803
6937812480.0,-0.7283890247344971
6938749952.0,-0.7063391804695129
6939687424.0,-0.684529721736908
6940624896.0,-0.6635215878486633
6941562368.0,-0.6438957452774048
6942499840.0,-0.62590491771698
6943437312.0,-0.6081101894378662
6944374784.0,-0.5927125811576843
6945312256.0,-0.5771386623382568
6946250240.0,-0.5648611783981323
6947187712.0,-0.5542852878570557
6948125184.0,-0.5448954701423645
6949062656.0,-0.5367489457130432
6950000128.0,-0.5304679274559021
6950937600.0,-0.5270004272460938
6951875072.0,-0.524226188659668
6952812544.0,-0.522950291633606
6953750016.0,-0.5236331224441528
6954687488.0,-0.5252984166145325
6955624960.0,-0.529637336730957
6956562432.0,-0.5354461073875427
6957499904.0,-0.5440654158592224
6958437376.0,-0.551476001739502
6959374848.0,-0.559903621673584
6960312320.0,-0.5688261389732361
6961249792.0,-0.578717827796936
6962187264.0,-0.5887466073036194
6963125248.0,-0.5978073477745056
6964062720.0,-0.6095326542854309
6965000192.0,-0.5192415118217468
6965937664.0,-0.5282152891159058
6966875136.0,-0.5362926125526428
6967812608.0,-0.5464717149734497
6968750080.0,-0.5569096803665161
6969687552.0,-0.5681062340736389
6970625024.0,-0.5785773396492004
6971562496.0,-0.5899727940559387
6972499968.0,-0.601469099521637
6973437440.0,-0.6139651536941528
6974374912.0,-0.6262675523757935
6975312384.0,-0.6382656097412109
6976249856.0,-0.6500808596611023
6977187328.0,-0.662273108959198
6978124800.0,-0.6737558841705322
6979062272.0,-0.6863818764686584
6979999744.0,-0.6962382197380066
6980937728.0,-0.7087247371673584
6981875200.0,-0.7181032299995422
6982812672.0,-0.7274723052978516
6983750144.0,-0.7369714379310608
6984687616.0,-0.7455675601959229
6985625088.0,-0.7531476020812988
6986562560.0,-0.7605568170547485
6987500032.0,-0.7670882940292358
6988437504.0,-0.772894561290741
6989374976.0,-0.7780011892318726
6990312448.0,-0.7816693782806396
6991249920.0,-0.7849456667900085
6992187392.0,-0.7860791683197021
6993124864.0,-0.7879523038864136
6994062336.0,-0.7868784666061401
6994999808.0,-0.7858072519302368
6995937280.0,-0.7822697758674622
6996874752.0,-0.7770478129386902
6997812736.0,-0.7715294361114502
6998750208.0,-0.764134407043457
6999687680.0,-0.7563180327415466
7000625152.0,-0.7473909854888916
7001562624.0,-0.7372216582298279
7002500096.0,-0.7262318730354309
7003437568.0,-0.7147610783576965
7004375040.0,-0.7020993232727051
7005312512.0,-0.6892367601394653
7006249984.0,-0.6754589080810547
7007187456.0,-0.6605867147445679
7008124928.0,-0.6429170370101929
7009062400.0,-0.625210702419281
7009999872.0,-0.606208860874176
7010937344.0,-0.5888381004333496
7011874816.0,-0.5712335705757141
7012812288.0,-0.553760290145874
7013749760.0,-0.5363669991493225
7014687744.0,-0.5201767683029175
7015625216.0,-0.5035552382469177
7016562688.0,-0.4881938099861145
7017500160.0,-0.47280392050743103
7018437632.0,-0.45908433198928833
7019375104.0,-0.44576695561408997
7020312576.0,-0.43200698494911194
7021250048.0,-0.4204511344432831
7022187520.0,-0.40837475657463074
7023124992.0,-0.3977380692958832
7024062464.0,-0.38731929659843445
7024999936.0,-0.293468177318573
7025937408.0,-0.2962823808193207
7026874880.0,-0.3005257546901703
7027812352.0,-0.30467289686203003
7028749824.0,-0.3101494014263153
7029687296.0,-0.3172023892402649
7030624768.0,-0.3242531716823578
7031562752.0,-0.3319016993045807
7032500224.0,-0.3403186798095703
7033437696.0,-0.3528749942779541
7034375168.0,-0.36556509137153625
7035312640.0,-0.37832579016685486
7036250112.0,-0.3909560441970825
7037187584.0,-0.40568575263023376
7038125056.0,-0.42000821232795715
7039062528.0,-0.43360403180122375
7040000000.0,-0.44811901450157166
7040937472.0,-0.4628238081932068
7041874944.0,-0.4765809178352356
7042812416.0,-0.49062466621398926
7043749888.0,-0.504101037979126
7044687360.0,-0.5174490213394165
7045624832.0,-0.5289835929870605
7046562304.0,-0.5409192442893982
7047499776.0,-0.5529130697250366
7048437248.0,-0.5614764094352722
7049375232.0,-0.5718798637390137
7050312704.0,-0.5806698799133301
7051250176.0,-0.5879520773887634
7052187648.0,-0.5933955311775208
7053125120.0,-0.5988813638687134
7054062592.0,-0.6029217839241028
7055000064.0,-0.6049529314041138
7055937536.0,-0.6050543189048767
7056875008.0,-0.6046256422996521
7057812480.0,-0.6021838784217834
7058749952.0,-0.6036302447319031
7059687424.0,-0.6030737161636353
7060624896.0,-0.6000685095787048
7061562368.0,-0.5951881408691406
7062499840.0,-0.590372622013092
7063437312.0,-0.5845120549201965
7064374784.0,-0.5779123306274414
7065312256.0,-0.5695564150810242
7066250240.0,-0.5612083077430725
7067187712.0,-0.5525485277175903
7068125184.0,-0.5413082242012024
7069062656.0,-0.5313124060630798
7070000128.0,-0.5191565155982971
7070937600.0,-0.5062658190727234
7071875072.0,-0.49314332008361816
7072812544.0,-0.4781138002872467
7073750016.0,-0.4642592668533325
7074687488.0,-0.45013758540153503
7075624960.0,-0.4350937306880951
7076562432.0,-0.4194601774215698
7077499904.0,-0.40517979860305786
7078437376.0,-0.38932424783706665
7079374848.0,-0.3727984130382538
7080312320.0,-0.3556857109069824
7081249792.0,-0.3414444625377655
7082187264.0,-0.3258238732814789
7083125248.0,-0.30903366208076477
7084062720.0,-0.29517772793769836
7085000192.0,-0.35830485820770264
7085937664.0,-0.34740185737609863
7086875136.0,-0.33705779910087585
7087812608.0,-0.3264766037464142
7088750080.0,-0.3167325258255005
7089687552.0,-0.3078858554363251
7090625024.0,-0.29893749952316284
7091562496.0,-0.2911876142024994
7092499968.0,-0.2835392951965332
7093437440.0,-0.2771621346473694
7094374912.0,-0.2725795805454254
7095312384.0,-0.26812058687210083
7096249856.0,-0.26589855551719666
7097187328.0,-0.2643115222454071
7098124800.0,-0.2642878592014313
7099062272.0,-0.26501551270484924
7100000256.0,-0.2668478488922119
7100937728.0,-0.2713598310947418
7101875200.0,-0.2782334089279175
7102812672.0,-0.2868303954601288
7103750144.0,-0.2944609820842743
7104687616.0,-0.3058663606643677
7105625088.0,-0.31834354996681213
7106562560.0,-0.3329814672470093
7107500032.0,-0.3482346534729004
7108437504.0,-0.3652518093585968
7109374976.0,-0.38360413908958435
7110312448.0,-0.40474599599838257
7111249920.0,-0.4273605942726135
7112187392.0,-0.4490474462509155
7113124864.0,-0.4725223779678345
7114062336.0,-0.49530646204948425
7114999808.0,-0.519320547580719
7115937280.0,-0.5421232581138611
7116874752.0,-0.5644581913948059
7117812736.0,-0.585064709186554
7118750208.0,-0.6059162616729736
7119687680.0,-0.6269257664680481
7120625152.0,-0.6465524435043335
7121562624.0,-0.6640390157699585
7122500096.0,-0.6810123324394226
7123437568.0,-0.6961567401885986
7124375040.0,-0.7089776992797852
7125312512.0,-0.7204762697219849
7126249984.0,-0.7308565974235535
7127187456.0,-0.7370478510856628
7128124928.0,-0.7431418299674988
7129062400.0,-0.7456108927726746
7129999872.0,-0.7465053200721741
7130937344.0,-0.7451273202896118
7131874816.0,-0.7407642602920532
7132812288.0,-0.735139012336731
7133749760.0,-0.7278586626052856
7134687744.0,-0.7187379598617554
7135625216.0,-0.7078039050102234
7136562688.0,-0.6944760680198669
7137500160.0,-0.6799229383468628
7138437632.0,-0.6632789373397827
7139375104.0,-0.6459470391273499
7140312576.0,-0.6265191435813904
7141250048.0,-0.6065226793289185
7142187520.0,-0.585460364818573
7143124992.0,-0.5634372234344482
7144062464.0,-0.4215247929096222
7144999936.0,-0.4186525046825409
7145937408.0,-0.415880024433136
7146874880.0,-0.4116695821285248
7147812352.0,-0.4093571901321411
7148749824.0,-0.40645164251327515
7149687296.0,-0.4044269323348999
7150624768.0,-0.4028952419757843
7151562752.0,-0.40150558948516846
7152500224.0,-0.3995267450809479
7153437696.0,-0.4010559320449829
7154375168.0,-0.40193650126457214
7155312640.0,-0.4051561951637268
7156250112.0,-0.40908515453338623
7157187584.0,-0.4144788980484009
7158125056.0,-0.42196226119995117
7159062528.0,-0.430787056684494
7160000000.0,-0.43797168135643005
7160937472.0,-0.44508764147758484
7161874944.0,-0.4530108869075775
7162812416.0,-0.46271467208862305
7163749888.0,-0.4718490540981293
7164687360.0,-0.48146605491638184
7165624832.0,-0.49312466382980347
7166562304.0,-0.5027757287025452
7167499776.0,-0.5129773020744324
7168437248.0,-0.5227981209754944
7169375232.0,-0.5334429144859314
7170312704.0,-0.5430631637573242
7171250176.0,-0.5506501793861389
7172187648.0,-0.5588398575782776
7173125120.0,-0.5644417405128479
7174062592.0,-0.5685288906097412
7175000064.0,-0.5723145008087158
7175937536.0,-0.5743441581726074
7176875008.0,-0.576381266117096
7177812480.0,-0.5746005177497864
7178749952.0,-0.5728490352630615
7179687424.0,-0.5671653151512146
7180624896.0,-0.5612410306930542
7181562368.0,-0.5539746880531311
7182499840.0,-0.5454310774803162
7183437312.0,-0.535173773765564
7184374784.0,-0.5236839652061462
7185312256.0,-0.5083759427070618
7186250240.0,-0.4927676320075989
7187187712.0,-0.47378847002983093
7188125184.0,-0.4547394812107086
7189062656.0,-0.4369758367538452
7190000128.0,-0.41598212718963623
7190937600.0,-0.3961585760116577
7191875072.0,-0.3764299154281616
7192812544.0,-0.35647356510162354
7193750016.0,-0.33721181750297546
7194687488.0,-0.31843286752700806
7195624960.0,-0.30139803886413574
7196562432.0,-0.28423503041267395
7197499904.0,-0.2686901092529297
7198437376.0,-0.25467732548713684
7199374848.0,-0.2419775277376175
7200312320.0,-0.2308443933725357
7201249792.0,-0.22230583429336548
7202187264.0,-0.21540114283561707
7203125248.0,-0.21068981289863586
7204062720.0,-0.30720531940460205
7205000192.0,-0.31738656759262085
7205937664.0,-0.33250829577445984
7206875136.0,-0.34826338291168213
7207812608.0,-0.3682105243206024
7208750080.0,-0.390494167804718
7209687552.0,-0.4148578643798828
7210625024.0,-0.4421522319316864
7211562496.0,-0.47164592146873474
7212499968.0,-0.5037882328033447
7213437440.0,-0.5372356176376343
7214374912.0,-0.5704507827758789
7215312384.0,-0.6058359146118164
7216249856.0,-0.6395174860954285
7217187328.0,-0.6735039949417114
7218124800.0,-0.7057421803474426
7219062272.0,-0.738817036151886
7219999744.0,-0.7663826942443848
7220937728.0,-0.7945181131362915
7221875200.0,-0.8195127844810486
7222812672.0,-0.839998722076416
7223750144.0,-0.8575410842895508
7224687616.0,-0.8715552091598511
7225625088.0,-0.8801295757293701
7226562560.0,-0.8851692080497742
7227500032.0,-0.8847586512565613
7228437504.0,-0.8810872435569763
7229374976.0,-0.8731247782707214
7230312448.0,-0.8605682253837585
7231249920.0,-0.8437416553497314
7232187392.0,-0.8225272297859192
7233124864.0,-0.7979065775871277
7234062336.0,-0.7699169516563416
7234999808.0,-0.7380132079124451
7235937280.0,-0.7043268084526062
7236874752.0,-0.6697442531585693
7237812736.0,-0.6339496970176697
7238750208.0,-0.5975684523582458
7239687680.0,-0.5574283599853516
7240625152.0,-0.5164446830749512
7241562624.0,-0.47523704171180725
7242500096.0,-0.43249738216400146
7243437568.0,-0.3897828459739685
7244375040.0,-0.3469185531139374
7245312512.0,-0.30484527349472046
7246249984.0,-0.2642337381839752
7247187456.0,-0.22525042295455933
7248124928.0,-0.18760336935520172
7249062400.0,-0.15158909559249878
7249999872.0,-0.11910361796617508
7250937344.0,-0.08914337307214737
7251874816.0,-0.06207400560379028
7252812288.0,-0.03746341913938522
7253749760.0,-0.017342720180749893
7254687744.0,0.0005931064370088279
7255625216.0,0.014430008828639984
7256562688.0,0.02437647245824337
7257500160.0,0.029371149837970734
7258437632.0,0.031585369259119034
7259375104.0,0.029397768899798393
7260312576.0,0.021390851587057114
7261250048.0,0.009682899340987206
7262187520.0,-0.007284961640834808
7263124992.0,-0.027974365279078484
7264062464.0,-0.3130328953266144
7264999936.0,-0.3091062009334564
7265937408.0,-0.30809688568115234
7266874880.0,-0.30860793590545654
7267812352.0,-0.3114805817604065
7268749824.0,-0.3171020746231079
7269687296.0,-0.3235512971878052
7270624768.0,-0.33170822262763977
7271562752.0,-0.34311556816101074
7272500224.0,-0.3552190959453583
7273437696.0,-0.36895763874053955
7274375168.0,-0.38556352257728577
7275312640.0,-0.4012284278869629
7276250112.0,-0.41841262578964233
7277187584.0,-0.43609556555747986
7278125056.0,-0.45473402738571167
7279062528.0,-0.47113198041915894
7280000000.0,-0.4866308271884918
7280937472.0,-0.5019057393074036
7281874944.0,-0.514198899269104
7282812416.0,-0.5252025723457336
7283749888.0,-0.5342221856117249
7284687360.0,-0.5393462181091309
7285624832.0,-0.5437477231025696
7286562304.0,-0.5444413423538208
7287499776.0,-0.5453500151634216
7288437248.0,-0.544878363609314
7289375232.0,-0.5424247980117798
7290312704.0,-0.5373749732971191
7291250176.0,-0.5294317603111267
7292187648.0,-0.5198999047279358
7293125120.0,-0.5087056756019592
7294062592.0,-0.49607107043266296
7295000064.0,-0.4808657467365265
7295937536.0,-0.46549102663993835
7296875008.0,-0.4483034312725067
7297812480.0,-0.43106305599212646
7298749952.0,-0.41179466247558594
7299687424.0,-0.39364007115364075
7300624896.0,-0.3741922080516815
7301562368.0,-0.3562932312488556
7302499840.0,-0.33696720004081726
7303437312.0,-0.3201963007450104
7304374784.0,-0.30387207865715027
7305312256.0,-0.28781208395957947
7306250240.0,-0.2747090458869934
7307187712.0,-0.2622564435005188
7308125184.0,-0.2523084282875061
7309062656.0,-0.2430044263601303
7310000128.0,-0.23482371866703033
7310937600.0,-0.22801728546619415
7311875072.0,-0.22171667218208313
7312812544.0,-0.21832197904586792
7313750016.0,-0.2163614183664322
7314687488.0,-0.21535353362560272
7315624960.0,-0.21462467312812805
7316562432.0,-0.21294774115085602
7317499904.0,-0.2124040126800537
7318437376.0,-0.21108300983905792
7319374848.0,-0.20904439687728882
7320312320.0,-0.20551665127277374
7321249792.0,-0.20114447176456451
7322187264.0,-0.19441574811935425
7323125248.0,-0.18554478883743286
7324062720.0,-0.33107101917266846
7325000192.0,-0.3094457983970642
7325937664.0,-0.2863521873950958
7326875136.0,-0.26256129145622253
7327812608.0,-0.2357233166694641
7328750080.0,-0.20929762721061707
7329687552.0,-0.1815519481897354
7330625024.0,-0.1548241227865219
7331562496.0,-0.12814539670944214
7332499968.0,-0.10507629066705704
7333437440.0,-0.08278968185186386
7334374912.0,-0.0637437179684639
7335312384.0,-0.04932786151766777
7336249856.0,-0.03894749656319618
7337187328.0,-0.03388531506061554
7338124800.0,-0.03227997198700905
7339062272.0,-0.033150043338537216
7340000256.0,-0.039811160415410995
7340937728.0,-0.049482814967632294
7341875200.0,-0.06506159901618958
7342812672.0,-0.08415419608354568
7343750144.0,-0.10620495676994324
7344687616.0,-0.1299622505903244
7345625088.0,-0.1559842973947525
7346562560.0,-0.18206356465816498
7347500032.0,-0.2085941880941391
7348437504.0,-0.23228605091571808
7349374976.0,-0.2552327811717987
7350312448.0,-0.2755028009414673
7351249920.0,-0.2923687994480133
7352187392.0,-0.305026650428772
7353124864.0,-0.3137758672237396
7354062336.0,-0.31832629442214966
7354999808.0,-0.31743550300598145
7355937280.0,-0.3106399178504944
7356874752.0,-0.2999286949634552
7357812736.0,-0.2853746712207794
7358750208.0,-0.26610517501831055
7359687680.0,-0.2419079691171646
7360625152.0,-0.21414488554000854
7361562624.0,-0.18584398925304413
7362500096.0,-0.15476664900779724
7363437568.0,-0.12298023700714111
7364375040.0,-0.08759190142154694
7365312512.0,-0.05307682976126671
7366249984.0,-0.020883627235889435
7367187456.0,0.00880677904933691
7368124928.0,0.034759681671857834
7369062400.0,0.056597646325826645
7369999872.0,0.07318360358476639
7370937344.0,0.08749288320541382
7371874816.0,0.09780427068471909
7372812288.0,0.10555368661880493
7373749760.0,0.11004991829395294
7374687744.0,0.11412215232849121
7375625216.0,0.11639236658811569
7376562688.0,0.11762905865907669
7377500160.0,0.11742407083511353
7378437632.0,0.11636877804994583
7379375104.0,0.11416397243738174
7380312576.0,0.11241493374109268
7381250048.0,0.10732226073741913
7382187520.0,0.10039670020341873
7383124992.0,0.09509213268756866
7384062464.0,-0.21494784951210022
7384999936.0,-0.23169949650764465
7385937408.0,-0.25028398633003235
7386874880.0,-0.2678215205669403
7387812352.0,-0.2846744954586029
7388749824.0,-0.30064958333969116
7389687296.0,-0.31373128294944763
7390624768.0,-0.3269406855106354
7391562752.0,-0.33647873997688293
7392500224.0,-0.3429565131664276
7393437696.0,-0.3476112186908722
7394375168.0,-0.3484027683734894
7395312640.0,-0.3458549380302429
7396250112.0,-0.3406525254249573
7397187584.0,-0.3312160074710846
7398125056.0,-0.31778404116630554
7399062528.0,-0.30058276653289795
7400000000.0,-0.2822573184967041
7400937472.0,-0.25954049825668335
7401874944.0,-0.23411139845848083
7402812416.0,-0.20507022738456726
7403749888.0,-0.17453400790691376
7404687360.0,-0.1413363814353943
7405624832.0,-0.10597967356443405
7406562304.0,-0.06942407041788101
7407499776.0,-0.03267907723784447
7408437248.0,0.004635438323020935
7409375232.0,0.04183943197131157
7410312704.0,0.07672169804573059
7411250176.0,0.11169767379760742
7412187648.0,0.1449127197265625
7413125120.0,0.17612527310848236
7414062592.0,0.20507191121578217
7415000064.0,0.23048622906208038
7415937536.0,0.25404027104377747
7416875008.0,0.27500301599502563
7417812480.0,0.29242706298828125
7418749952.0,0.3046341836452484
7419687424.0,0.3144351840019226
7420624896.0,0.32242417335510254
7421562368.0,0.3253600299358368
7422499840.0,0.3251277804374695
7423437312.0,0.3213234543800354
7424374784.0,0.31312096118927
7425312256.0,0.3018200397491455
7426250240.0,0.2878035306930542
7427187712.0,0.27109745144844055
7428125184.0,0.2507871687412262
7429062656.0,0.2271823287010193
7430000128.0,0.20307020843029022
7430937600.0,0.17657162249088287
7431875072.0,0.1479577124118805
7432812544.0,0.11794041842222214
7433750016.0,0.0864168182015419
7434687488.0,0.05511610582470894
7435624960.0,0.023795057088136673
7436562432.0,-0.008755953051149845
7437499904.0,-0.03956639766693115
7438437376.0,-0.06946549564599991
7439374848.0,-0.09929186850786209
7440312320.0,-0.1296892911195755
7441249792.0,-0.15868884325027466
7442187264.0,-0.1864709109067917
7443125248.0,-0.21280942857265472
7444062720.0,0.03044549562036991
7445000192.0,0.015770630910992622
7445937664.0,0.0011187901254743338
7446875136.0,-0.014659358188509941
7447812608.0,-0.03148064762353897
7448750080.0,-0.04778153449296951
7449687552.0,-0.06481719762086868
7450625024.0,-0.079754538834095
7451562496.0,-0.09373936057090759
7452499968.0,-0.10661450028419495
7453437440.0,-0.11700032651424408
7454374912.0,-0.1267002671957016
7455312384.0,-0.13374216854572296
7456249856.0,-0.13806554675102234
7457187328.0,-0.14030952751636505
7458124800.0,-0.14110617339611053
7459062272.0,-0.1392522007226944
7459999744.0,-0.13406653702259064
7460937728.0,-0.1285943239927292
7461875200.0,-0.12189057469367981
7462812672.0,-0.11395418643951416
7463750144.0,-0.10313613712787628
7464687616.0,-0.09274868667125702
7465625088.0,-0.08376316726207733
7466562560.0,-0.07546073198318481
7467500032.0,-0.06670446693897247
7468437504.0,-0.05867144092917442
7469374976.0,-0.0503569059073925
7470312448.0,-0.04321308806538582
7471249920.0,-0.03774984925985336
7472187392.0,-0.03256699815392494
7473124864.0,-0.028755169361829758
7474062336.0,-0.027020616456866264
7474999808.0,-0.02590230666100979
7475937280.0,-0.02592088282108307
7476874752.0,-0.029233863577246666
7477812736.0,-0.03250468149781227
7478750208.0,-0.0378216914832592
7479687680.0,-0.04350302368402481
7480625152.0,-0.05126554146409035
7481562624.0,-0.06015264242887497
7482500096.0,-0.06988925486803055
7483437568.0,-0.08084183931350708
7484375040.0,-0.09193802624940872
7485312512.0,-0.10252849012613297
7486249984.0,-0.114125095307827
7487187456.0,-0.12500832974910736
7488124928.0,-0.13548944890499115
7489062400.0,-0.1456066519021988
7489999872.0,-0.15330132842063904
7490937344.0,-0.1617508977651596
7491874816.0,-0.16684342920780182
7492812288.0,-0.16993246972560883
7493749760.0,-0.17075151205062866
7494687744.0,-0.1711844503879547
7495625216.0,-0.16976046562194824
7496562688.0,-0.1656941920518875
7497500160.0,-0.1596328318119049
7498437632.0,-0.1516961306333542
7499375104.0,-0.14282748103141785
7500312576.0,-0.133408784866333
7501250048.0,-0.12257066369056702
7502187520.0,-0.11162365972995758
7503124992.0,-0.10146217048168182
7504062464.0,-0.10034947097301483
7504999936.0,-0.07476256042718887
7505937408.0,-0.05220860615372658
7506874880.0,-0.030973659828305244
7507812352.0,-0.014641192741692066
7508749824.0,-0.0002803488459903747
7509687296.0,0.009352024644613266
7510624768.0,0.014161436818540096
7511562752.0,0.015136699192225933
7512500224.0,0.012728544883430004
7513437696.0,0.007119336165487766
7514375168.0,-0.001027498161420226
7515312640.0,-0.014146708883345127
7516250112.0,-0.02799076959490776
7517187584.0,-0.041546404361724854
7518125056.0,-0.05635339021682739
7519062528.0,-0.07195772230625153
7520000000.0,-0.08726374059915543
7520937472.0,-0.10152821987867355
7521874944.0,-0.11692624539136887
7522812416.0,-0.12802571058273315
7523749888.0,-0.13763611018657684
7524687360.0,-0.14635752141475677
7525624832.0,-0.1521296352148056
7526562304.0,-0.1539580225944519
7527499776.0,-0.15363085269927979
7528437248.0,-0.15077078342437744
7529375232.0,-0.14424094557762146
7530312704.0,-0.13609905540943146
7531250176.0,-0.12626111507415771
7532187648.0,-0.11428804695606232
7533125120.0,-0.10107503086328506
7534062592.0,-0.08650372177362442
7535000064.0,-0.07156873494386673
7535937536.0,-0.05717264115810394
7536875008.0,-0.04354310408234596
7537812480.0,-0.03102176822721958
7538749952.0,-0.020293692126870155
7539687424.0,-0.01308610662817955
7540624896.0,-0.009569513611495495
7541562368.0,-0.008541918359696865
7542499840.0,-0.011392212472856045
7543437312.0,-0.01823359727859497
7544374784.0,-0.02853936329483986
7545312256.0,-0.042495645582675934
7546250240.0,-0.06092291325330734
7547187712.0,-0.08237867057323456
7548125184.0,-0.10718705505132675
7549062656.0,-0.13483770191669464
7550000128.0,-0.1645386666059494
7550937600.0,-0.19403788447380066
7551875072.0,-0.22402653098106384
7552812544.0,-0.2512953281402588
7553750016.0,-0.27809852361679077
7554687488.0,-0.30092400312423706
7555624960.0,-0.3216715455055237
7556562432.0,-0.3401494324207306
7557499904.0,-0.35524049401283264
7558437376.0,-0.3702467083930969
7559374848.0,-0.38309231400489807
7560312320.0,-0.39645951986312866
7561249792.0,-0.40853404998779297
7562187264.0,-0.42030641436576843
7563125248.0,-0.433704137802124
7564062720.0,-0.45258450508117676
7565000192.0,-0.4390086829662323
7565937664.0,-0.4239242374897003
7566875136.0,-0.40644875168800354
7567812608.0,-0.38570436835289
7568750080.0,-0.36257779598236084
7569687552.0,-0.3400284945964813
7570625024.0,-0.31396394968032837
7571562496.0,-0.28696802258491516
7572499968.0,-0.25963664054870605
7573437440.0,-0.23300044238567352
7574374912.0,-0.20576712489128113
7575312384.0,-0.17775991559028625
7576249856.0,-0.15013986825942993
7577187328.0,-0.12292524427175522
7578124800.0,-0.09600779414176941
7579062272.0,-0.07117553055286407
7580000256.0,-0.047055210918188095
7580937728.0,-0.02538822963833809
7581875200.0,-0.005155530758202076
7582812672.0,0.013089797459542751
7583750144.0,0.0286154393106699
7584687616.0,0.041815076023340225
7585625088.0,0.05340765416622162
7586562560.0,0.06233838200569153
7587500032.0,0.06922031193971634
7588437504.0,0.07207495719194412
7589374976.0,0.0725184753537178
7590312448.0,0.07246804982423782
7591249920.0,0.06798262149095535
7592187392.0,0.061969101428985596
7593124864.0,0.056197308003902435
7594062336.0,0.04842627793550491
7594999808.0,0.03811688721179962
7595937280.0,0.026061775162816048
7596874752.0,0.013543812558054924
7597812736.0,-0.00037553123547695577
7598750208.0,-0.017079021781682968
7599687680.0,-0.032885920256376266
7600625152.0,-0.04942737892270088
7601562624.0,-0.06675352156162262
7602500096.0,-0.08410879224538803
7603437568.0,-0.10180875658988953
7604375040.0,-0.11807813495397568
7605312512.0,-0.1351216733455658
7606249984.0,-0.15150795876979828
7607187456.0,-0.1665421575307846
7608124928.0,-0.1812915802001953
7609062400.0,-0.19440089166164398
7609999872.0,-0.20693379640579224
7610937344.0,-0.21706433594226837
7611874816.0,-0.22733639180660248
7612812288.0,-0.2353019118309021
7613749760.0,-0.24108096957206726
7614687744.0,-0.24626104533672333
7615625216.0,-0.25118494033813477
7616562688.0,-0.2537664771080017
7617500160.0,-0.2558760941028595
7618437632.0,-0.2591075599193573
7619375104.0,-0.26272428035736084
7620312576.0,-0.2674679160118103
7621250048.0,-0.2697453498840332
7622187520.0,-0.2740691304206848
7623124992.0,-0.27717360854148865
7624062464.0,-0.2730691134929657
7624999936.0,-0.2802989184856415
7625937408.0,-0.283849835395813
7626874880.0,-0.28716129064559937
7627812352.0,-0.2871960997581482
7628749824.0,-0.2858853340148926
7629687296.0,-0.28261512517929077
7630624768.0,-0.2779296636581421
7631562752.0,-0.27171871066093445
7632500224.0,-0.2628995478153229
7633437696.0,-0.2537626326084137
7634375168.0,-0.2430887669324875
7635312640.0,-0.23180845379829407
7636250112.0,-0.2196129709482193
7637187584.0,-0.20617274940013885
7638125056.0,-0.19381602108478546
7639062528.0,-0.18048104643821716
7640000000.0,-0.16869302093982697
7640937472.0,-0.15593932569026947
7641874944.0,-0.1440710425376892
7642812416.0,-0.13439446687698364
7643749888.0,-0.12499711662530899
7644687360.0,-0.1196165606379509
7645624832.0,-0.11399979889392853
7646562304.0,-0.11084958910942078
7647499776.0,-0.10867674648761749
7648437248.0,-0.10697127878665924
7649375232.0,-0.1074269562959671
7650312704.0,-0.10896983742713928
7651250176.0,-0.11243433505296707
7652187648.0,-0.11523199081420898
7653125120.0,-0.12007860094308853
7654062592.0,-0.1255435198545456
7655000064.0,-0.13310113549232483
7655937536.0,-0.14092157781124115
7656875008.0,-0.14739185571670532
7657812480.0,-0.15589773654937744
7658749952.0,-0.16558592021465302
7659687424.0,-0.17384348809719086
7660624896.0,-0.18247473239898682
7661562368.0,-0.19153371453285217
7662499840.0,-0.19976714253425598
7663437312.0,-0.20795582234859467
7664374784.0,-0.21615928411483765
7665312256.0,-0.22377921640872955
7666250240.0,-0.22990202903747559
7667187712.0,-0.23522500693798065
7668125184.0,-0.2397027462720871
7669062656.0,-0.24298621714115143
7670000128.0,-0.24367067217826843
7670937600.0,-0.2441391497850418
7671875072.0,-0.24256528913974762
7672812544.0,-0.2401125431060791
7673750016.0,-0.2367999404668808
7674687488.0,-0.23204563558101654
7675624960.0,-0.22650273144245148
7676562432.0,-0.22078059613704681
7677499904.0,-0.21427221596240997
7678437376.0,-0.2073812633752823
7679374848.0,-0.19924624264240265
7680312320.0,-0.1904766708612442
7681249792.0,-0.18172454833984375
7682187264.0,-0.17190662026405334
7683125248.0,-0.16172832250595093
7684062720.0,0.06672558188438416
7685000192.0,0.08068793267011642
7685937664.0,0.09337100386619568
7686875136.0,0.10321416705846786
7687812608.0,0.11093585938215256
7688750080.0,0.11565235257148743
7689687552.0,0.11846426129341125
7690625024.0,0.11810407042503357
7691562496.0,0.11374150961637497
7692499968.0,0.10885608196258545
7693437440.0,0.10024931281805038
7694374912.0,0.08936130255460739
7695312384.0,0.0759279876947403
7696249856.0,0.05956080183386803
7697187328.0,0.04120318964123726
7698124800.0,0.02123436890542507
7699062272.0,-0.0003481355670373887
7699999744.0,-0.02258879318833351
7700937728.0,-0.04656149819493294
7701875200.0,-0.07017669081687927
7702812672.0,-0.0958896204829216
7703750144.0,-0.11775658279657364
7704687616.0,-0.14203457534313202
7705625088.0,-0.16367410123348236
7706562560.0,-0.18531383574008942
7707500032.0,-0.2048570215702057
7708437504.0,-0.2238759994506836
7709374976.0,-0.2404354065656662
7710312448.0,-0.25613200664520264
7711249920.0,-0.26942092180252075
7712187392.0,-0.28078773617744446
7713124864.0,-0.2915906608104706
7714062336.0,-0.2996731996536255
7714999808.0,-0.3059353530406952
7715937280.0,-0.30984655022621155
7716874752.0,-0.31367620825767517
7717812736.0,-0.31440162658691406
7718750208.0,-0.3157658576965332
7719687680.0,-0.3135450780391693
7720625152.0,-0.3091994822025299
7721562624.0,-0.3043801784515381
7722500096.0,-0.29894131422042847
7723437568.0,-0.29185736179351807
7724375040.0,-0.28432250022888184
7725312512.0,-0.2768528461456299
7726249984.0,-0.26842519640922546
7727187456.0,-0.2600935101509094
7728124928.0,-0.25357726216316223
7729062400.0,-0.24638615548610687
7729999872.0,-0.23941683769226074
7730937344.0,-0.23264379799365997
7731874816.0,-0.22499491274356842
7732812288.0,-0.21936927735805511
7733749760.0,-0.21375077962875366
7734687744.0,-0.20932766795158386
7735625216.0,-0.20573897659778595
7736562688.0,-0.20293985307216644
7737500160.0,-0.2009381651878357
7738437632.0,-0.19950316846370697
7739375104.0,-0.19913941621780396
7740312576.0,-0.2009221911430359
7741250048.0,-0.2034165859222412
7742187520.0,-0.20543800294399261
7743124992.0,-0.21078704297542572
7744062464.0,-0.20699019730091095
7744999936.0,-0.1711074560880661
7745937408.0,-0.13151343166828156
7746874880.0,-0.09101248532533646
7747812352.0,-0.05155596137046814
7748749824.0,-0.012129515409469604
7749687296.0,0.024950731545686722
7750624768.0,0.05998273938894272
7751562752.0,0.09242771565914154
7752500224.0,0.12253505736589432
7753437696.0,0.14892369508743286
7754375168.0,0.1722070425748825
7755312640.0,0.19263999164104462
7756250112.0,0.20724418759346008
7757187584.0,0.21993978321552277
7758125056.0,0.23005719482898712
7759062528.0,0.23529024422168732
7760000000.0,0.236654132604599
7760937472.0,0.2357769012451172
7761874944.0,0.2329181432723999
7762812416.0,0.22594359517097473
7763749888.0,0.21650412678718567
7764687360.0,0.20403310656547546
7765624832.0,0.19045446813106537
7766562304.0,0.17424842715263367
7767499776.0,0.15761926770210266
7768437248.0,0.13929963111877441
7769375232.0,0.11937147378921509
7770312704.0,0.09918945282697678
7771250176.0,0.07825512439012527
7772187648.0,0.05814638361334801
7773125120.0,0.03867894411087036
7774062592.0,0.017286226153373718
7775000064.0,-0.0032414570450782776
7775937536.0,-0.023829376325011253
7776875008.0,-0.04214147478342056
7777812480.0,-0.061727918684482574
7778749952.0,-0.07900842279195786
7779687424.0,-0.09612353146076202
7780624896.0,-0.1130419597029686
7781562368.0,-0.12872107326984406
7782499840.0,-0.1429295390844345
7783437312.0,-0.1576279103755951
7784374784.0,-0.1697438657283783
7785312256.0,-0.18287532031536102
7786250240.0,-0.19346129894256592
7787187712.0,-0.20365718007087708
7788125184.0,-0.21316346526145935
7789062656.0,-0.2224329262971878
7790000128.0,-0.22950971126556396
7790937600.0,-0.23629814386367798
7791875072.0,-0.24418625235557556
7792812544.0,-0.250173956155777
7793750016.0,-0.2554281949996948
7794687488.0,-0.25993335247039795
7795624960.0,-0.2651711106300354
7796562432.0,-0.27111107110977173
7797499904.0,-0.27834081649780273
7798437376.0,-0.28347891569137573
7799374848.0,-0.290056973695755
7800312320.0,-0.2935803234577179
7801249792.0,-0.29671183228492737
7802187264.0,-0.2967071235179901
7803125248.0,-0.294597864151001
7804062720.0,-0.27820974588394165
7805000192.0,-0.2699812948703766
7805937664.0,-0.2610289752483368
7806875136.0,-0.24964554607868195
7807812608.0,-0.23837977647781372
7808750080.0,-0.22539812326431274
7809687552.0,-0.210614874958992
7810625024.0,-0.19733421504497528
7811562496.0,-0.18195945024490356
7812499968.0,-0.16764742136001587
7813437440.0,-0.15109460055828094
7814374912.0,-0.13514681160449982
7815312384.0,-0.11830727756023407
7816249856.0,-0.10252118110656738
7817187328.0,-0.0859922468662262
7818124800.0,-0.06865992397069931
7819062272.0,-0.051575735211372375
7820000256.0,-0.034542784094810486
7820937728.0,-0.01808643341064453
7821875200.0,-0.004250307567417622
7822812672.0,0.007627920247614384
7823750144.0,0.018123073503375053
7824687616.0,0.027972372248768806
7825625088.0,0.0372244268655777
7826562560.0,0.045418549329042435
7827500032.0,0.05268518999218941
7828437504.0,0.060420021414756775
7829374976.0,0.06683678179979324
7830312448.0,0.07117866724729538
7831249920.0,0.075352743268013
7832187392.0,0.07943238317966461
7833124864.0,0.08278274536132812
7834062336.0,0.08614979684352875
7834999808.0,0.08931060880422592
7835937280.0,0.09001243114471436
7836874752.0,0.09206222742795944
7837812736.0,0.092319555580616
7838750208.0,0.0934026911854744
7839687680.0,0.09431663900613785
7840625152.0,0.09450370073318481
7841562624.0,0.09460724890232086
7842500096.0,0.09413935989141464
7843437568.0,0.09345981478691101
7844375040.0,0.09314565360546112
7845312512.0,0.0914153903722763
7846249984.0,0.0901782214641571
7847187456.0,0.08804959803819656
7848124928.0,0.08375934511423111
7849062400.0,0.07998909801244736
7849999872.0,0.07566700875759125
7850937344.0,0.07005855441093445
7851874816.0,0.06386861205101013
7852812288.0,0.057619478553533554
7853749760.0,0.050904203206300735
7854687744.0,0.044728245586156845
7855625216.0,0.0370522141456604
7856562688.0,0.028294585645198822
7857500160.0,0.019320962950587273
7858437632.0,0.010398278944194317
7859375104.0,-0.0004619398096110672
7860312576.0,-0.010693750344216824
7861250048.0,-0.021418604999780655
7862187520.0,-0.03189776465296745
7863124992.0,-0.04390352964401245
7864062464.0,0.05111251398921013
7864999936.0,0.04069317504763603
7865937408.0,0.03301471471786499
7866874880.0,0.0254079420119524
7867812352.0,0.018909795209765434
7868749824.0,0.012554245069622993
7869687296.0,0.006372988224029541
7870624768.0,0.001985460054129362
7871562752.0,-0.0018185441149398685
7872500224.0,-0.005777963902801275
7873437696.0,-0.010678896680474281
7874375168.0,-0.017465421929955482
7875312640.0,-0.022550947964191437
7876250112.0,-0.028586721047759056
7877187584.0,-0.035150859504938126
7878125056.0,-0.04193053022027016
7879062528.0,-0.05008518695831299
7880000000.0,-0.058725010603666306
7880937472.0,-0.0679173618555069
7881874944.0,-0.079901784658432
7882812416.0,-0.09186290204524994
7883749888.0,-0.10536631941795349
7884687360.0,-0.12213467061519623
7885624832.0,-0.13910767436027527
7886562304.0,-0.15686853229999542
7887499776.0,-0.17866858839988708
7888437248.0,-0.20062047243118286
7889375232.0,-0.22227570414543152
7890312704.0,-0.24538327753543854
7891250176.0,-0.2717307507991791
7892187648.0,-0.2968657314777374
7893125120.0,-0.3218294680118561
7894062592.0,-0.34795084595680237
7895000064.0,-0.3728242516517639
7895937536.0,-0.3966372013092041
7896875008.0,-0.4200730621814728
7897812480.0,-0.4420969486236572
7898749952.0,-0.46160057187080383
7899687424.0,-0.47711485624313354
7900624896.0,-0.49131301045417786
7901562368.0,-0.5020455718040466
7902499840.0,-0.5117314457893372
7903437312.0,-0.518093466758728
7904374784.0,-0.5210421085357666
7905312256.0,-0.5214523673057556
7906250240.0,-0.5192915201187134
7907187712.0,-0.5140158534049988
7908125184.0,-0.5060586333274841
7909062656.0,-0.49409419298171997
7910000128.0,-0.4803878366947174
7910937600.0,-0.46333637833595276
7911875072.0,-0.44406741857528687
7912812544.0,-0.4221481680870056
7913750016.0,-0.3986375033855438
7914687488.0,-0.37434667348861694
7915624960.0,-0.3469860851764679
7916562432.0,-0.3187958598136902
7917499904.0,-0.2898047864437103
7918437376.0,-0.2596331536769867
7919374848.0,-0.2288774847984314
7920312320.0,-0.19872190058231354
7921249792.0,-0.16914726793766022
7922187264.0,-0.14010252058506012
7923125248.0,-0.11018925905227661
7924062720.0,0.04365428909659386
7925000192.0,0.06656955182552338
7925937664.0,0.08719877898693085
7926875136.0,0.10529027134180069
7927812608.0,0.12069705873727798
7928750080.0,0.13424888253211975
7929687552.0,0.14511147141456604
7930625024.0,0.1534840613603592
7931562496.0,0.15848058462142944
7932499968.0,0.16161517798900604
7933437440.0,0.16372525691986084
7934374912.0,0.1618138551712036
7935312384.0,0.15803171694278717
7936249856.0,0.15351103246212006
7937187328.0,0.14524200558662415
7938124800.0,0.13692606985569
7939062272.0,0.12505370378494263
7939999744.0,0.11299915611743927
7940937728.0,0.09936846047639847
7941875200.0,0.08340772986412048
7942812672.0,0.06647920608520508
7943750144.0,0.04748981073498726
7944687616.0,0.028091682121157646
7945625088.0,0.008225472643971443
7946562560.0,-0.011709650978446007
7947500032.0,-0.03345765545964241
7948437504.0,-0.05592206120491028
7949374976.0,-0.07772848755121231
7950312448.0,-0.09762006253004074
7951249920.0,-0.11945401877164841
7952187392.0,-0.14115947484970093
7953124864.0,-0.16315440833568573
7954062336.0,-0.18512585759162903
7954999808.0,-0.20691543817520142
7955937280.0,-0.22880896925926208
7956874752.0,-0.24973951280117035
7957812736.0,-0.26963090896606445
7958750208.0,-0.2915859520435333
7959687680.0,-0.3131476640701294
7960625152.0,-0.33284932374954224
7961562624.0,-0.35292625427246094
7962500096.0,-0.37298136949539185
7963437568.0,-0.3920823931694031
7964375040.0,-0.4090874493122101
7965312512.0,-0.4264000952243805
7966249984.0,-0.44274479150772095
7967187456.0,-0.4565140902996063
7968124928.0,-0.46949177980422974
7969062400.0,-0.4832232594490051
7969999872.0,-0.4931572377681732
7970937344.0,-0.5023825168609619
7971874816.0,-0.5098385810852051
7972812288.0,-0.5144765973091125
7973749760.0,-0.5182475447654724
7974687744.0,-0.5209993720054626
7975625216.0,-0.5214332342147827
7976562688.0,-0.5188691020011902
7977500160.0,-0.5152863264083862
7978437632.0,-0.5081755518913269
7979375104.0,-0.4995343089103699
7980312576.0,-0.4891177713871002
7981250048.0,-0.4744454622268677
7982187520.0,-0.4601656496524811
7983124992.0,-0.4413764178752899
7984062464.0,-0.41957607865333557
7984999936.0,-0.40557730197906494
7985937408.0,-0.3903486132621765
7986874880.0,-0.3737330138683319
7987812352.0,-0.3559340238571167
7988749824.0,-0.33804798126220703
7989687296.0,-0.3195015788078308
7990624768.0,-0.3002345860004425
7991562752.0,-0.27999183535575867
7992500224.0,-0.25967007875442505
7993437696.0,-0.2392890602350235
7994375168.0,-0.22074295580387115
7995312640.0,-0.19970625638961792
7996250112.0,-0.17943471670150757
7997187584.0,-0.16054755449295044
7998125056.0,-0.14221352338790894
7999062528.0,-0.12432355433702469
8000000000.0,-0.10578145831823349
