Frequency (Hz),Measurement
2000000000.0,0.1404068022966385
2000937472.0,0.1340787559747696
2001874944.0,0.1300778090953827
2002812544.0,0.1254446655511856
2003750016.0,0.12106043100357056
2004687488.0,0.1169881597161293
2005624960.0,0.11204415559768677
2006562560.0,0.10720080137252808
2007500032.0,0.10252531617879868
2008437504.0,0.0966983288526535
2009374976.0,0.09117159992456436
2010312448.0,0.08597605675458908
2011250048.0,0.08048754930496216
2012187520.0,0.07467234134674072
2013124992.0,0.06786923110485077
2014062464.0,0.06264631450176239
2015000064.0,0.05638125166296959
2015937536.0,0.05044197663664818
2016875008.0,0.04457244649529457
2017812480.0,0.038907214999198914
2018749952.0,0.03370782360434532
2019687552.0,0.028711874037981033
2020625024.0,0.02409612014889717
2021562496.0,0.020333055406808853
2022499968.0,0.017198992893099785
2023437440.0,0.014339998364448547
2024375040.0,0.011200390756130219
2025312512.0,0.010039211250841618
2026249984.0,0.009157003834843636
2027187456.0,0.008412088267505169
2028125056.0,0.008764141239225864
2029062528.0,0.010456117801368237
2030000000.0,0.013090011663734913
2030937472.0,0.015240387059748173
2031874944.0,0.01914324425160885
2032812544.0,0.023982929065823555
2033750016.0,0.02867497131228447
2034687488.0,0.03492775559425354
2035624960.0,0.041637443006038666
2036562560.0,0.05007282271981239
2037500032.0,0.05645566061139107
2038437504.0,0.06479249149560928
2039374976.0,0.0733921155333519
2040312448.0,0.0799928680062294
2041250048.0,0.08939839899539948
2042187520.0,0.09752532094717026
2043124992.0,0.10586703568696976
2044062464.0,0.11256460845470428
2044999936.0,0.11934477090835571
2045937536.0,0.12550757825374603
2046875008.0,0.13087822496891022
2047812480.0,0.1348159909248352
2048749952.0,0.14398841559886932
2049687552.0,0.13958333432674408
2050625024.0,0.13452476263046265
2051562496.0,0.12809662520885468
2052499968.0,0.12196304649114609
2053437440.0,0.11518917977809906
2054375040.0,0.1078825369477272
2055312512.0,0.10066927224397659
2056249984.0,0.09367084503173828
2057187456.0,0.08631028234958649
2058125056.0,0.07880990952253342
2059062528.0,0.07219081372022629
2060000000.0,0.06525757163763046
2060937472.0,0.0583946667611599
2061874944.0,0.05220549553632736
2062812544.0,0.045949459075927734
2063750016.0,0.03976961597800255
2064687488.0,0.03431202843785286
2065624960.0,0.02938295528292656
2066562560.0,0.02405911684036255
2067500032.0,0.019515810534358025
2068437504.0,0.0159317534416914
2069374976.0,0.011686667799949646
2070312448.0,0.009056120179593563
2071250048.0,0.004810551647096872
2072187520.0,0.002171006752178073
2073124992.0,-0.0004873300204053521
2074062464.0,-0.002648059744387865
2075000064.0,-0.004746970254927874
2075937536.0,-0.006518338341265917
2076875008.0,-0.006525083910673857
2077812480.0,-0.007867798209190369
2078749952.0,-0.008288444951176643
2079687552.0,-0.008421113714575768
2080625024.0,-0.007367250043898821
2081562496.0,-0.006398790515959263
2082499968.0,-0.004884638823568821
2083437440.0,-0.0033232427667826414
2084375040.0,-0.0010323978494852781
2085312512.0,0.0014407921116799116
2086249984.0,0.0047445474192500114
2087187456.0,0.007960577495396137
2088125056.0,0.012389067560434341
2089062528.0,0.017754463478922844
2090000000.0,0.02331630513072014
2090937472.0,0.02874099276959896
2091874944.0,0.03565584868192673
2092812544.0,0.04340064153075218
2093750016.0,0.05174926295876503
2094687488.0,0.06006865203380585
2095624960.0,0.0697852224111557
2096562560.0,0.0795900747179985
2097500032.0,0.090343177318573
2098437504.0,0.10154899209737778
2099374976.0,0.11443223059177399
2100312448.0,0.12603546679019928
2101250048.0,0.13852006196975708
2102187520.0,0.15188181400299072
2103124992.0,0.16454999148845673
2104062464.0,0.17808811366558075
2104999936.0,0.19164691865444183
2105937536.0,0.20511089265346527
2106875008.0,0.21791291236877441
2107812480.0,0.23143821954727173
2108749952.0,0.26994362473487854
2109687552.0,0.27921053767204285
2110625024.0,0.28716298937797546
2111562496.0,0.29438120126724243
2112499968.0,0.30011290311813354
2113437440.0,0.3046320974826813
2114375040.0,0.3077898323535919
2115312512.0,0.3092910051345825
2116249984.0,0.3078038990497589
2117187456.0,0.3032769560813904
2118125056.0,0.29633447527885437
2119062528.0,0.2872144877910614
2120000000.0,0.2747195065021515
2120937472.0,0.2591433823108673
2121874944.0,0.24174943566322327
2122812544.0,0.22126586735248566
2123750016.0,0.19735737144947052
2124687488.0,0.17306432127952576
2125624960.0,0.14655451476573944
2126562560.0,0.1198519915342331
2127500032.0,0.09266725182533264
2128437504.0,0.0650973916053772
2129374976.0,0.03824607655405998
2130312448.0,0.01277704257518053
2131250048.0,-0.010781331919133663
2132187520.0,-0.03327878192067146
2133124992.0,-0.054299794137477875
2134062464.0,-0.07153388112783432
2135000064.0,-0.08641580492258072
2135937536.0,-0.09921244531869888
2136875008.0,-0.10883811861276627
2137812480.0,-0.11579010635614395
2138749952.0,-0.11999345570802689
2139687552.0,-0.12024004757404327
2140625024.0,-0.11888844519853592
2141562496.0,-0.11464464664459229
2142499968.0,-0.10836166143417358
2143437440.0,-0.10029781609773636
2144375040.0,-0.08956015855073929
2145312512.0,-0.07801469415426254
2146249984.0,-0.06490356475114822
2147187456.0,-0.05170376971364021
2148124928.0,-0.03755082190036774
2149062400.0,-0.022926736623048782
2150000128.0,-0.007594050839543343
2150937600.0,0.006153032649308443
2151875072.0,0.021148206666111946
2152812544.0,0.03492918983101845
2153750016.0,0.04840225353837013
2154687488.0,0.06125003471970558
2155624960.0,0.07318631559610367
2156562432.0,0.08537205308675766
2157499904.0,0.0956662967801094
2158437376.0,0.1059805303812027
2159375104.0,0.11631245911121368
2160312576.0,0.12519623339176178
2161250048.0,0.1346505582332611
2162187520.0,0.14354781806468964
2163124992.0,0.15252384543418884
2164062464.0,0.1606874167919159
2164999936.0,0.1697784662246704
2165937408.0,0.1782016158103943
2166874880.0,0.18584813177585602
2167812608.0,0.19430996477603912
2168750080.0,0.21885216236114502
2169687552.0,0.230474054813385
2170625024.0,0.2413397878408432
2171562496.0,0.2529018223285675
2172499968.0,0.2626306116580963
2173437440.0,0.27260488271713257
2174374912.0,0.2826971113681793
2175312384.0,0.29035645723342896
2176250112.0,0.29719001054763794
2177187584.0,0.3024594783782959
2178125056.0,0.3060080111026764
2179062528.0,0.3076289892196655
2180000000.0,0.30706122517585754
2180937472.0,0.3057256042957306
2181874944.0,0.30092746019363403
2182812416.0,0.2948334217071533
2183749888.0,0.286691278219223
2184687616.0,0.2764933705329895
2185625088.0,0.2634376585483551
2186562560.0,0.24951153993606567
2187500032.0,0.23433665931224823
2188437504.0,0.216566801071167
2189374976.0,0.19858418405056
2190312448.0,0.17756611108779907
2191249920.0,0.15806257724761963
2192187392.0,0.13724903762340546
2193125120.0,0.11578892171382904
2194062592.0,0.09408710151910782
2195000064.0,0.07403485476970673
2195937536.0,0.052715472877025604
2196875008.0,0.03330641984939575
2197812480.0,0.014930113218724728
2198749952.0,-0.0015745350392535329
2199687424.0,-0.017045559361577034
2200624896.0,-0.029650863260030746
2201562624.0,-0.04049096256494522
2202500096.0,-0.04900769516825676
2203437568.0,-0.05633735656738281
2204375040.0,-0.060548074543476105
2205312512.0,-0.06371622532606125
2206249984.0,-0.06322253495454788
2207187456.0,-0.06113952025771141
2208124928.0,-0.055884525179862976
2209062400.0,-0.049281686544418335
2209999872.0,-0.040396831929683685
2210937600.0,-0.03040335327386856
2211875072.0,-0.018419712781906128
2212812544.0,-0.004912616219371557
2213750016.0,0.00901916902512312
2214687488.0,0.02501700259745121
2215624960.0,0.04242437705397606
2216562432.0,0.05906360223889351
2217499904.0,0.07645756751298904
2218437376.0,0.09352735430002213
2219375104.0,0.11095959693193436
2220312576.0,0.127407506108284
2221250048.0,0.1434098184108734
2222187520.0,0.15904583036899567
2223124992.0,0.17344217002391815
2224062464.0,0.1862601339817047
2224999936.0,0.19823364913463593
2225937408.0,0.20893777906894684
2226874880.0,0.21773596107959747
2227812608.0,0.22576624155044556
2228750080.0,0.19779106974601746
2229687552.0,0.2041480392217636
2230625024.0,0.20891205966472626
2231562496.0,0.21267367899417877
2232499968.0,0.21522481739521027
2233437440.0,0.2164606750011444
2234374912.0,0.21486316621303558
2235312384.0,0.21228976547718048
2236250112.0,0.2069278210401535
2237187584.0,0.20046548545360565
2238125056.0,0.19096039235591888
2239062528.0,0.17977064847946167
2240000000.0,0.1663491278886795
2240937472.0,0.15145574510097504
2241874944.0,0.13449451327323914
2242812416.0,0.11698601394891739
2243749888.0,0.0978858694434166
2244687616.0,0.0777689665555954
2245625088.0,0.056877780705690384
2246562560.0,0.03563309088349342
2247500032.0,0.014582511968910694
2248437504.0,-0.005122210364788771
2249374976.0,-0.024485157802700996
2250312448.0,-0.04353010281920433
2251249920.0,-0.05944538488984108
2252187392.0,-0.07541130483150482
2253125120.0,-0.08841986209154129
2254062592.0,-0.09887731075286865
2255000064.0,-0.10800421237945557
2255937536.0,-0.11363072693347931
2256875008.0,-0.11834432929754257
2257812480.0,-0.12005142122507095
2258749952.0,-0.11879110336303711
2259687424.0,-0.11440789699554443
2260624896.0,-0.10940350592136383
2261562624.0,-0.10195828974246979
2262500096.0,-0.0916793942451477
2263437568.0,-0.08071860671043396
2264375040.0,-0.06663591414690018
2265312512.0,-0.05356597155332565
2266249984.0,-0.038204774260520935
2267187456.0,-0.021954245865345
2268124928.0,-0.005329317878931761
2269062400.0,0.011858615092933178
2270000128.0,0.02889568917453289
2270937600.0,0.04628509283065796
2271875072.0,0.06395062804222107
2272812544.0,0.08221457153558731
2273750016.0,0.09915821254253387
2274687488.0,0.11503952741622925
2275624960.0,0.13080845773220062
2276562432.0,0.14464852213859558
2277499904.0,0.15921685099601746
2278437376.0,0.171102836728096
2279375104.0,0.18318119645118713
2280312576.0,0.19421611726284027
2281250048.0,0.20257480442523956
2282187520.0,0.21210122108459473
2283124992.0,0.2197827696800232
2284062464.0,0.225847065448761
2284999936.0,0.23277361690998077
2285937408.0,0.2378380000591278
2286874880.0,0.2430151402950287
2287812608.0,0.24663597345352173
2288750080.0,0.25879186391830444
2289687552.0,0.2663736939430237
2290625024.0,0.27438315749168396
2291562496.0,0.2821977734565735
2292499968.0,0.28977465629577637
2293437440.0,0.29696106910705566
2294374912.0,0.3025915026664734
2295312384.0,0.3089251220226288
2296250112.0,0.3132455050945282
2297187584.0,0.31793275475502014
2298125056.0,0.3196178674697876
2299062528.0,0.3200215697288513
2300000000.0,0.31926941871643066
2300937472.0,0.3149780333042145
2301874944.0,0.30900317430496216
2302812416.0,0.3002554476261139
2303749888.0,0.28951147198677063
2304687616.0,0.27589017152786255
2305625088.0,0.2605324387550354
2306562560.0,0.24127453565597534
2307500032.0,0.21911105513572693
2308437504.0,0.19580425322055817
2309374976.0,0.1708272099494934
2310312448.0,0.14400996267795563
2311249920.0,0.11494137346744537
2312187392.0,0.08688594400882721
2313125120.0,0.05719968304038048
2314062592.0,0.027770599350333214
2315000064.0,-0.000851359567604959
2315937536.0,-0.02878980152308941
2316875008.0,-0.05447815731167793
2317812480.0,-0.07826123386621475
2318749952.0,-0.09990041702985764
2319687424.0,-0.11917030066251755
2320624896.0,-0.1364956796169281
2321562624.0,-0.15106794238090515
2322500096.0,-0.1640273630619049
2323437568.0,-0.1752307415008545
2324375040.0,-0.18311463296413422
2325312512.0,-0.18937736749649048
2326249984.0,-0.1934005618095398
2327187456.0,-0.19630874693393707
2328124928.0,-0.19612598419189453
2329062400.0,-0.19427156448364258
2329999872.0,-0.19045479595661163
2330937600.0,-0.1857912689447403
2331875072.0,-0.17932814359664917
2332812544.0,-0.17205281555652618
2333750016.0,-0.16291041672229767
2334687488.0,-0.15144968032836914
2335624960.0,-0.1395357847213745
2336562432.0,-0.12441059947013855
2337499904.0,-0.1081099584698677
2338437376.0,-0.09137513488531113
2339375104.0,-0.07261239737272263
2340312576.0,-0.051139865070581436
2341250048.0,-0.02946951799094677
2342187520.0,-0.0056635355576872826
2343124992.0,0.018595708534121513
2344062464.0,0.04436703398823738
2344999936.0,0.06969856470823288
2345937408.0,0.09602904319763184
2346874880.0,0.12297669798135757
2347812608.0,0.1485433727502823
2348750080.0,0.2055385559797287
2349687552.0,0.2222122997045517
2350625024.0,0.23477400839328766
2351562496.0,0.24322795867919922
2352499968.0,0.24994118511676788
2353437440.0,0.25272610783576965
2354374912.0,0.2522570490837097
2355312384.0,0.2479807287454605
2356250112.0,0.23951023817062378
2357187584.0,0.22883588075637817
2358125056.0,0.21419425308704376
2359062528.0,0.19637835025787354
2360000000.0,0.17603322863578796
2360937472.0,0.1536540538072586
2361874944.0,0.12902918457984924
2362812416.0,0.10234246402978897
2363749888.0,0.0750822201371193
2364687616.0,0.04636232554912567
2365625088.0,0.015503831207752228
2366562560.0,-0.013557667843997478
2367500032.0,-0.04294971004128456
2368437504.0,-0.07169942557811737
2369374976.0,-0.09892981499433517
2370312448.0,-0.12531563639640808
2371249920.0,-0.14972667396068573
2372187392.0,-0.17217954993247986
2373125120.0,-0.19256816804409027
2374062592.0,-0.2116534411907196
2375000064.0,-0.22709813714027405
2375937536.0,-0.2400139421224594
2376875008.0,-0.24989624321460724
2377812480.0,-0.2564427852630615
2378749952.0,-0.26099613308906555
2379687424.0,-0.2629616856575012
2380624896.0,-0.2623690664768219
2381562624.0,-0.2592112123966217
2382500096.0,-0.2532552182674408
2383437568.0,-0.24554668366909027
2384375040.0,-0.23504847288131714
2385312512.0,-0.2227565050125122
2386249984.0,-0.20865578949451447
2387187456.0,-0.19335462152957916
2388124928.0,-0.17737321555614471
2389062400.0,-0.16064858436584473
2390000128.0,-0.14305178821086884
2390937600.0,-0.1255398541688919
2391875072.0,-0.1084865927696228
2392812544.0,-0.0911577120423317
2393750016.0,-0.07413939386606216
2394687488.0,-0.05970750376582146
2395624960.0,-0.04540201276540756
2396562432.0,-0.032202769070863724
2397499904.0,-0.018825246021151543
2398437376.0,-0.0083227027207613
2399375104.0,0.0010377978906035423
2400312576.0,0.008079308085143566
2401250048.0,0.01598651148378849
2402187520.0,0.02130097523331642
2403124992.0,0.025799792259931564
2404062464.0,0.02901851199567318
2404999936.0,0.03161708265542984
2405937408.0,0.03151251748204231
2406874880.0,0.0313367024064064
2407812608.0,0.029460307210683823
2408750080.0,0.02424570918083191
2409687552.0,0.02982591837644577
2410625024.0,0.03279543295502663
2411562496.0,0.033670008182525635
2412499968.0,0.03286479413509369
2413437440.0,0.02963862009346485
2414374912.0,0.023319019004702568
2415312384.0,0.015365337952971458
2416250112.0,0.004616514313966036
2417187584.0,-0.008303641341626644
2418125056.0,-0.02316686511039734
2419062528.0,-0.03901900351047516
2420000000.0,-0.056763336062431335
2420937472.0,-0.07659606635570526
2421874944.0,-0.0975487008690834
2422812416.0,-0.11934032291173935
2423749888.0,-0.14147034287452698
2424687616.0,-0.16426993906497955
2425625088.0,-0.187238410115242
2426562560.0,-0.2095930576324463
2427500032.0,-0.23263759911060333
2428437504.0,-0.2546902894973755
2429374976.0,-0.27563706040382385
2430312448.0,-0.2963939607143402
2431249920.0,-0.31556937098503113
2432187392.0,-0.3335561156272888
2433125120.0,-0.35126039385795593
2434062592.0,-0.3676333427429199
2435000064.0,-0.38249194622039795
2435937536.0,-0.395935595035553
2436875008.0,-0.40834444761276245
2437812480.0,-0.4187510311603546
2438749952.0,-0.4289298951625824
2439687424.0,-0.4367283284664154
2440624896.0,-0.4433371424674988
2441562624.0,-0.44879594445228577
2442500096.0,-0.4520396292209625
2443437568.0,-0.45352432131767273
2444375040.0,-0.4539374113082886
2445312512.0,-0.45407289266586304
2446249984.0,-0.45304277539253235
2447187456.0,-0.4500827193260193
2448124928.0,-0.44587206840515137
2449062400.0,-0.4406459331512451
2449999872.0,-0.43506157398223877
2450937600.0,-0.4292689561843872
2451875072.0,-0.4236249327659607
2452812544.0,-0.41747403144836426
2453750016.0,-0.4110984802246094
2454687488.0,-0.4041594862937927
2455624960.0,-0.39848917722702026
2456562432.0,-0.3928016126155853
2457499904.0,-0.38764458894729614
2458437376.0,-0.3825526237487793
2459375104.0,-0.37860167026519775
2460312576.0,-0.37474074959754944
2461250048.0,-0.3735417127609253
2462187520.0,-0.3724687099456787
2463124992.0,-0.3743041753768921
2464062464.0,-0.3743712902069092
2464999936.0,-0.377905935049057
2465937408.0,-0.3840930461883545
2466874880.0,-0.3921278417110443
2467812608.0,-0.40188273787498474
2468750080.0,-0.4897576868534088
2469687552.0,-0.5114189386367798
2470625024.0,-0.5349744558334351
2471562496.0,-0.5618969202041626
2472499968.0,-0.5915491580963135
2473437440.0,-0.6255022287368774
2474374912.0,-0.6614630818367004
2475312384.0,-0.7006691694259644
2476250112.0,-0.7433302402496338
2477187584.0,-0.7910159230232239
2478125056.0,-0.8415840864181519
2479062528.0,-0.8955627679824829
2480000000.0,-0.9521475434303284
2480937472.0,-1.0118582248687744
2481874944.0,-1.0736998319625854
2482812416.0,-1.139011263847351
2483749888.0,-1.2073787450790405
2484687616.0,-1.2804200649261475
2485625088.0,-1.3563511371612549
2486562560.0,-1.436546802520752
2487500032.0,-1.5208600759506226
2488437504.0,-1.6093355417251587
2489374976.0,-1.7033084630966187
2490312448.0,-1.8007084131240845
2491249920.0,-1.9031258821487427
2492187392.0,-2.0094361305236816
2493125120.0,-2.1207997798919678
2494062592.0,-2.234131097793579
2495000064.0,-2.354980945587158
2495937536.0,-2.4816157817840576
2496875008.0,-2.6162967681884766
2497812480.0,-2.757404088973999
2498749952.0,-2.9041779041290283
2499687424.0,-3.0602166652679443
2500624896.0,-3.226691961288452
2501562624.0,-3.407041072845459
2502500096.0,-3.5979793071746826
2503437568.0,-3.803178071975708
2504375040.0,-4.02279806137085
2505312512.0,-4.257889747619629
2506249984.0,-4.507604122161865
2507187456.0,-4.776493549346924
2508124928.0,-5.065313339233398
2509062400.0,-5.368678092956543
2510000128.0,-5.688177108764648
2510937600.0,-6.018954277038574
2511875072.0,-6.357512950897217
2512812544.0,-6.691888809204102
2513750016.0,-7.011542797088623
2514687488.0,-7.30129337310791
2515624960.0,-7.547573089599609
2516562432.0,-7.731788635253906
2517499904.0,-7.83897066116333
2518437376.0,-7.865732669830322
2519375104.0,-7.808272838592529
2520312576.0,-7.670081615447998
2521250048.0,-7.461607933044434
2522187520.0,-7.186582088470459
2523124992.0,-6.863609790802002
2524062464.0,-6.506532192230225
2524999936.0,-6.132887840270996
2525937408.0,-5.7533369064331055
2526874880.0,-5.377352237701416
2527812608.0,-5.014252662658691
2528750080.0,-4.659908771514893
2529687552.0,-4.333786487579346
2530625024.0,-4.026772975921631
2531562496.0,-3.736344575881958
2532499968.0,-3.465640068054199
2533437440.0,-3.213406562805176
2534374912.0,-2.9806602001190186
2535312384.0,-2.7656452655792236
2536250112.0,-2.5705881118774414
2537187584.0,-2.3922841548919678
2538125056.0,-2.23164439201355
2539062528.0,-2.0836241245269775
2540000000.0,-1.9503422975540161
2540937472.0,-1.827947974205017
2541874944.0,-1.7165619134902954
2542812416.0,-1.6134365797042847
2543749888.0,-1.520737886428833
2544687616.0,-1.4357517957687378
2545625088.0,-1.3597159385681152
2546562560.0,-1.2912449836730957
2547500032.0,-1.2285457849502563
2548437504.0,-1.1743781566619873
2549374976.0,-1.124541163444519
2550312448.0,-1.0802901983261108
2551249920.0,-1.0391844511032104
2552187392.0,-1.003677487373352
2553125120.0,-0.9704806804656982
2554062592.0,-0.94149249792099
2555000064.0,-0.9149553775787354
2555937536.0,-0.8908527493476868
2556875008.0,-0.8679153919219971
2557812480.0,-0.8461204171180725
2558749952.0,-0.8262603282928467
2559687424.0,-0.8063315749168396
2560624896.0,-0.7883520126342773
2561562624.0,-0.7687135338783264
2562500096.0,-0.7500550150871277
2563437568.0,-0.7308639287948608
2564375040.0,-0.7117028832435608
2565312512.0,-0.6920515894889832
2566249984.0,-0.6723090410232544
2567187456.0,-0.6518553495407104
2568124928.0,-0.6296955943107605
2569062400.0,-0.6071223616600037
2569999872.0,-0.584056556224823
2570937600.0,-0.55962073802948
2571875072.0,-0.534417450428009
2572812544.0,-0.5076583623886108
2573750016.0,-0.4815528690814972
2574687488.0,-0.45273464918136597
2575624960.0,-0.423723429441452
2576562432.0,-0.3943105936050415
2577499904.0,-0.3644719123840332
2578437376.0,-0.3332895040512085
2579375104.0,-0.3029572069644928
2580312576.0,-0.2718892991542816
2581250048.0,-0.2414984256029129
2582187520.0,-0.2113073319196701
2583124992.0,-0.1829497069120407
2584062464.0,-0.15505805611610413
2584999936.0,-0.1274268478155136
2585937408.0,-0.10146977752447128
2586874880.0,-0.07767476886510849
2587812608.0,-0.05394609645009041
2588750080.0,-0.029318777844309807
2589687552.0,-0.015680575743317604
2590625024.0,-0.00342604611068964
2591562496.0,0.007362170144915581
2592499968.0,0.016477903351187706
2593437440.0,0.02241612784564495
2594374912.0,0.026759032160043716
2595312384.0,0.029212243854999542
2596250112.0,0.02993464469909668
2597187584.0,0.028192829340696335
2598125056.0,0.025161104276776314
2599062528.0,0.020206771790981293
2600000000.0,0.014378481544554234
2600937472.0,0.006016317754983902
2601874944.0,-0.0029403450898826122
2602812416.0,-0.012702539563179016
2603749888.0,-0.024304676800966263
2604687616.0,-0.035414766520261765
2605625088.0,-0.04798096418380737
2606562560.0,-0.06134723871946335
2607500032.0,-0.07522089034318924
2608437504.0,-0.08923274278640747
2609374976.0,-0.10320127755403519
2610312448.0,-0.11763649433851242
2611249920.0,-0.13075391948223114
2612187392.0,-0.14438709616661072
2613125120.0,-0.15609653294086456
2614062592.0,-0.16740922629833221
2615000064.0,-0.1779375523328781
2615937536.0,-0.18841959536075592
2616875008.0,-0.19797283411026
2617812480.0,-0.20524191856384277
2618749952.0,-0.21226294338703156
2619687424.0,-0.21842974424362183
2620624896.0,-0.22176362574100494
2621562624.0,-0.22463543713092804
2622500096.0,-0.22554539144039154
2623437568.0,-0.22523589432239532
2624375040.0,-0.22302593290805817
2625312512.0,-0.21916191279888153
2626249984.0,-0.2143036276102066
2627187456.0,-0.2077500969171524
2628124928.0,-0.19999068975448608
2629062400.0,-0.18981102108955383
2630000128.0,-0.178568035364151
2630937600.0,-0.1669512838125229
2631875072.0,-0.15353719890117645
2632812544.0,-0.13797760009765625
2633750016.0,-0.12290875613689423
2634687488.0,-0.10545060783624649
2635624960.0,-0.08802500367164612
2636562432.0,-0.07102125883102417
2637499904.0,-0.05229414626955986
2638437376.0,-0.03276174142956734
2639375104.0,-0.014143349602818489
2640312576.0,0.005661397241055965
2641250048.0,0.023770220577716827
2642187520.0,0.04293646663427353
2643124992.0,0.0612509585916996
2644062464.0,0.07819236069917679
2644999936.0,0.0952816903591156
2645937408.0,0.11179310828447342
2646874880.0,0.12642548978328705
2647812608.0,0.15225020051002502
2648750080.0,0.16631676256656647
2649687552.0,0.1794559210538864
2650625024.0,0.1903373897075653
2651562496.0,0.19891992211341858
2652499968.0,0.20453499257564545
2653437440.0,0.2079613208770752
2654374912.0,0.2098059058189392
2655312384.0,0.207938551902771
2656250112.0,0.20422214269638062
2657187584.0,0.19769376516342163
2658125056.0,0.18914192914962769
2659062528.0,0.17761830985546112
2660000000.0,0.1645430028438568
2660937472.0,0.15045197308063507
2661874944.0,0.13471770286560059
2662812416.0,0.11696149408817291
2663749888.0,0.0985548123717308
2664687616.0,0.07837134599685669
2665625088.0,0.058233797550201416
2666562560.0,0.03805883228778839
2667500032.0,0.01715681329369545
2668437504.0,-0.004384944215416908
2669374976.0,-0.024585876613855362
2670312448.0,-0.04475049674510956
2671249920.0,-0.06296580284833908
2672187392.0,-0.0817226991057396
2673125120.0,-0.09743274003267288
2674062592.0,-0.11260714381933212
2675000064.0,-0.12711143493652344
2675937536.0,-0.13913431763648987
2676875008.0,-0.14923587441444397
2677812480.0,-0.15777692198753357
2678749952.0,-0.1636754274368286
2679687424.0,-0.1684655249118805
2680624896.0,-0.17057625949382782
2681562624.0,-0.17073167860507965
2682500096.0,-0.16853410005569458
2683437568.0,-0.16423024237155914
2684375040.0,-0.1588667333126068
2685312512.0,-0.1513786017894745
2686249984.0,-0.14159952104091644
2687187456.0,-0.13026858866214752
2688124928.0,-0.11762534081935883
2689062400.0,-0.10383401066064835
2689999872.0,-0.08868464827537537
2690937600.0,-0.07171183079481125
2691875072.0,-0.055004481226205826
2692812544.0,-0.03774350509047508
2693750016.0,-0.019809549674391747
2694687488.0,-0.0013062027283012867
2695624960.0,0.016350021585822105
2696562432.0,0.034832265228033066
2697499904.0,0.05370728671550751
2698437376.0,0.07028651237487793
2699375104.0,0.08729938417673111
2700312576.0,0.10299630463123322
2701250048.0,0.11816688627004623
2702187520.0,0.1328195482492447
2703124992.0,0.14626425504684448
2704062464.0,0.15824872255325317
2704999936.0,0.1690777689218521
2705937408.0,0.17857834696769714
2706874880.0,0.1865474134683609
2707812608.0,0.20562011003494263
2708750080.0,0.20976164937019348
2709687552.0,0.21300119161605835
2710625024.0,0.21581891179084778
2711562496.0,0.21629248559474945
2712499968.0,0.21680837869644165
2713437440.0,0.2152296006679535
2714374912.0,0.21186403930187225
2715312384.0,0.20868244767189026
2716250112.0,0.20330530405044556
2717187584.0,0.19693779945373535
2718125056.0,0.1880219578742981
2719062528.0,0.1799006313085556
2720000000.0,0.16844356060028076
2720937472.0,0.1575857251882553
2721874944.0,0.14341330528259277
2722812416.0,0.1292051523923874
2723749888.0,0.1145884245634079
2724687616.0,0.09792875498533249
2725625088.0,0.0804671123623848
2726562560.0,0.06247549131512642
2727500032.0,0.04383183270692825
2728437504.0,0.024621373042464256
2729374976.0,0.005119627807289362
2730312448.0,-0.014113151468336582
2731249920.0,-0.03387771546840668
2732187392.0,-0.053363267332315445
2733125120.0,-0.07344323396682739
2734062592.0,-0.09119393676519394
2735000064.0,-0.10784104466438293
2735937536.0,-0.12377624958753586
2736875008.0,-0.13951660692691803
2737812480.0,-0.15345177054405212
2738749952.0,-0.16458016633987427
2739687424.0,-0.17522813379764557
2740624896.0,-0.183044895529747
2741562624.0,-0.18835999071598053
2742500096.0,-0.1924811154603958
2743437568.0,-0.19391106069087982
2744375040.0,-0.19333142042160034
2745312512.0,-0.1901601105928421
2746249984.0,-0.1840992271900177
2747187456.0,-0.17666803300380707
2748124928.0,-0.16583657264709473
2749062400.0,-0.15390460193157196
2750000128.0,-0.13973532617092133
2750937600.0,-0.12381928414106369
2751875072.0,-0.10604739189147949
2752812544.0,-0.08749040216207504
2753750016.0,-0.06659473478794098
2754687488.0,-0.0458734966814518
2755624960.0,-0.023610563948750496
2756562432.0,-0.001357979141175747
2757499904.0,0.02158484421670437
2758437376.0,0.04287854954600334
2759375104.0,0.06556548178195953
2760312576.0,0.08800675719976425
2761250048.0,0.10750286281108856
2762187520.0,0.1261957883834839
2763124992.0,0.14487850666046143
2764062464.0,0.15987209975719452
2764999936.0,0.17555411159992218
2765937408.0,0.1868995875120163
2766874880.0,0.1984947919845581
2767812608.0,0.2396019995212555
2768750080.0,0.24314096570014954
2769687552.0,0.2457749843597412
2770625024.0,0.245599627494812
2771562496.0,0.2442428171634674
2772499968.0,0.24051077663898468
2773437440.0,0.23638683557510376
2774374912.0,0.23084743320941925
2775312384.0,0.22307436168193817
2776250112.0,0.2142195999622345
2777187584.0,0.20386551320552826
2778125056.0,0.19337846338748932
2779062528.0,0.18129418790340424
2780000000.0,0.16811637580394745
2780937472.0,0.1555761843919754
2781874944.0,0.14139795303344727
2782812416.0,0.12690794467926025
2783749888.0,0.11109603196382523
2784687616.0,0.09678562730550766
2785625088.0,0.0807204470038414
2786562560.0,0.06594714522361755
2787500032.0,0.05031893029808998
2788437504.0,0.03521563485264778
2789374976.0,0.02076764591038227
2790312448.0,0.005203531589359045
2791249920.0,-0.008420568890869617
2792187392.0,-0.02174365520477295
2793125120.0,-0.03511451929807663
2794062592.0,-0.0463554710149765
2795000064.0,-0.05794719606637955
2795937536.0,-0.06725768744945526
2796875008.0,-0.07598719000816345
2797812480.0,-0.0835626870393753
2798749952.0,-0.09001714736223221
2799687424.0,-0.09415566176176071
2800624896.0,-0.09918916970491409
2801562624.0,-0.10067377239465714
2802500096.0,-0.101508229970932
2803437568.0,-0.10071349143981934
2804375040.0,-0.0988323763012886
2805312512.0,-0.09464947134256363
2806249984.0,-0.0888022929430008
2807187456.0,-0.08157367259263992
2808124928.0,-0.073844775557518
2809062400.0,-0.06366252899169922
2809999872.0,-0.052618879824876785
2810937600.0,-0.041183438152074814
2811875072.0,-0.028039949014782906
2812812544.0,-0.013444251380860806
2813750016.0,0.0017979094991460443
2814687488.0,0.018063180148601532
2815624960.0,0.034441061317920685
2816562432.0,0.05123373866081238
2817499904.0,0.06908600777387619
2818437376.0,0.08652152121067047
2819375104.0,0.10434277355670929
2820312576.0,0.12082961946725845
2821250048.0,0.13761648535728455
2822187520.0,0.15321260690689087
2823124992.0,0.16727127134799957
2824062464.0,0.18168914318084717
2824999936.0,0.19510968029499054
2825937408.0,0.2058946192264557
2826874880.0,0.21649691462516785
2827812608.0,0.22975023090839386
2828750080.0,0.2354000210762024
2829687552.0,0.23906169831752777
2830625024.0,0.2407117784023285
2831562496.0,0.24040371179580688
2832499968.0,0.2374676913022995
2833437440.0,0.23400989174842834
2834374912.0,0.2278159111738205
2835312384.0,0.2203289419412613
2836250112.0,0.21110160648822784
2837187584.0,0.2000163197517395
2838125056.0,0.18793824315071106
2839062528.0,0.1745157241821289
2840000000.0,0.16039042174816132
2840937472.0,0.14499162137508392
2841874944.0,0.1287267506122589
2842812416.0,0.1119527667760849
2843749888.0,0.0944041907787323
2844687616.0,0.07721778750419617
2845625088.0,0.0589262992143631
2846562560.0,0.042819805443286896
2847500032.0,0.024829495698213577
2848437504.0,0.007743947673588991
2849374976.0,-0.009327017702162266
2850312448.0,-0.0240021962672472
2851249920.0,-0.038451824337244034
2852187392.0,-0.054171111434698105
2853125120.0,-0.06700380891561508
2854062592.0,-0.07871107012033463
2855000064.0,-0.08903907984495163
2855937536.0,-0.0980663076043129
2856875008.0,-0.10481905192136765
2857812480.0,-0.11073629558086395
2858749952.0,-0.11435150355100632
2859687424.0,-0.11601149290800095
2860624896.0,-0.11659930646419525
2861562624.0,-0.11610978096723557
2862500096.0,-0.1122790277004242
2863437568.0,-0.10829177498817444
2864375040.0,-0.10113389790058136
2865312512.0,-0.09335791319608688
2866249984.0,-0.084260955452919
2867187456.0,-0.07294747978448868
2868124928.0,-0.0613052137196064
2869062400.0,-0.048077184706926346
2870000128.0,-0.03311954811215401
2870937600.0,-0.018152307718992233
2871875072.0,-0.0018434228841215372
2872812544.0,0.01406974159181118
2873750016.0,0.030856996774673462
2874687488.0,0.048373062163591385
2875624960.0,0.06598120927810669
2876562432.0,0.08355966955423355
2877499904.0,0.0999855324625969
2878437376.0,0.1166907548904419
2879375104.0,0.1325598657131195
2880312576.0,0.14783349633216858
2881250048.0,0.16253122687339783
2882187520.0,0.17648491263389587
2883124992.0,0.19015273451805115
2884062464.0,0.20161321759223938
2884999936.0,0.21301594376564026
2885937408.0,0.22119994461536407
2886874880.0,0.2286364883184433
2887812608.0,0.2133910357952118
2888750080.0,0.21614448726177216
2889687552.0,0.21899886429309845
2890625024.0,0.22207430005073547
2891562496.0,0.22185000777244568
2892499968.0,0.22226440906524658
2893437440.0,0.22063805162906647
2894374912.0,0.2184072583913803
2895312384.0,0.21359369158744812
2896250112.0,0.2076418101787567
2897187584.0,0.20115642249584198
2898125056.0,0.19210578501224518
2899062528.0,0.18194544315338135
2900000000.0,0.17123568058013916
2900937472.0,0.15765804052352905
2901874944.0,0.1441485732793808
2902812416.0,0.12927453219890594
2903749888.0,0.11317571252584457
2904687616.0,0.0972881093621254
2905625088.0,0.08005606383085251
2906562560.0,0.06234923005104065
2907500032.0,0.04500611126422882
2908437504.0,0.027228549122810364
2909374976.0,0.010189395397901535
2910312448.0,-0.006956231314688921
2911249920.0,-0.022582702338695526
2912187392.0,-0.03795430064201355
2913125120.0,-0.051655061542987823
2914062592.0,-0.06456159055233002
2915000064.0,-0.07504229992628098
2915937536.0,-0.08464788645505905
2916875008.0,-0.09162598103284836
2917812480.0,-0.09712383151054382
2918749952.0,-0.0999196469783783
2919687424.0,-0.10116773843765259
2920624896.0,-0.09961958974599838
2921562624.0,-0.0966830924153328
2922500096.0,-0.09066615998744965
2923437568.0,-0.08294317871332169
2924375040.0,-0.07340254634618759
2925312512.0,-0.06247260421514511
2926249984.0,-0.049050223082304
2927187456.0,-0.03472251817584038
2928124928.0,-0.019235990941524506
2929062400.0,-0.00260132341645658
2929999872.0,0.014274499379098415
2930937600.0,0.0321594774723053
2931875072.0,0.05013994872570038
2932812544.0,0.06811404973268509
2933750016.0,0.08482388406991959
2934687488.0,0.10269983112812042
2935624960.0,0.11845584958791733
2936562432.0,0.13395880162715912
2937499904.0,0.14923815429210663
2938437376.0,0.16166724264621735
2939375104.0,0.1731640249490738
2940312576.0,0.18430641293525696
2941250048.0,0.1944953054189682
2942187520.0,0.20185430347919464
2943124992.0,0.2081661820411682
2944062464.0,0.21398386359214783
2944999936.0,0.21807006001472473
2945937408.0,0.21973799169063568
2946874880.0,0.22105750441551208
2947812608.0,0.20156008005142212
2948750080.0,0.19946014881134033
2949687552.0,0.1973901391029358
2950625024.0,0.19437021017074585
2951562496.0,0.19183792173862457
2952499968.0,0.1874951273202896
2953437440.0,0.18477201461791992
2954374912.0,0.18166835606098175
2955312384.0,0.17703518271446228
2956250112.0,0.17253483831882477
2957187584.0,0.1687093824148178
2958125056.0,0.16444887220859528
2959062528.0,0.15980775654315948
2960000000.0,0.15503144264221191
2960937472.0,0.15088984370231628
2961874944.0,0.1449911743402481
2962812416.0,0.14001111686229706
2963749888.0,0.13493920862674713
2964687616.0,0.12898141145706177
2965625088.0,0.12474198639392853
2966562560.0,0.11766110360622406
2967500032.0,0.11172153800725937
2968437504.0,0.10425809770822525
2969374976.0,0.09776408225297928
2970312448.0,0.09114165604114532
2971249920.0,0.08386700600385666
2972187392.0,0.07595383375883102
2973125120.0,0.06921423971652985
2974062592.0,0.06236206740140915
2975000064.0,0.05521164461970329
2975937536.0,0.04790613427758217
2976875008.0,0.04091472178697586
2977812480.0,0.0350705161690712
2978749952.0,0.027824217453598976
2979687424.0,0.022956613451242447
2980624896.0,0.01763176918029785
2981562624.0,0.01284749899059534
2982500096.0,0.008413206785917282
2983437568.0,0.0058917999267578125
2984375040.0,0.002518105786293745
2985312512.0,0.0005735127488151193
2986249984.0,-0.0014821153599768877
2987187456.0,-0.0023235061671584845
2988124928.0,-0.003131106961518526
2989062400.0,-0.0025725350715219975
2990000128.0,-0.0017817921470850706
2990937600.0,-0.00014823487435933203
2991875072.0,0.0012342518894001842
2992812544.0,0.002919980324804783
2993750016.0,0.0048063998110592365
2994687488.0,0.007364891469478607
2995624960.0,0.009706635028123856
2996562432.0,0.011210931465029716
2997499904.0,0.01462802104651928
2998437376.0,0.017743192613124847
2999375104.0,0.019055897369980812
3000312576.0,0.02501618303358555
3001250048.0,0.026562221348285675
3002187520.0,0.02938501350581646
3003124992.0,0.03171290084719658
3004062464.0,0.03336742892861366
3004999936.0,0.034499626606702805
3005937408.0,0.03645789250731468
3006874880.0,0.038566023111343384
3007812608.0,0.12997758388519287
3008750080.0,0.12724296748638153
3009687552.0,0.12465717643499374
3010625024.0,0.1202901154756546
3011562496.0,0.11609349399805069
3012499968.0,0.11190451681613922
3013437440.0,0.10741662234067917
3014374912.0,0.10258424282073975
3015312384.0,0.09790409356355667
3016250112.0,0.09183087199926376
3017187584.0,0.08621274679899216
3018125056.0,0.08131462335586548
3019062528.0,0.07496395707130432
3020000000.0,0.06950172781944275
3020937472.0,0.0633501261472702
3021874944.0,0.05775699019432068
3022812416.0,0.05129086971282959
3023749888.0,0.045229360461235046
3024687616.0,0.04040272906422615
3025625088.0,0.033337417989969254
3026562560.0,0.027054976671934128
3027500032.0,0.021753596141934395
3028437504.0,0.01578623801469803
3029374976.0,0.009144671261310577
3030312448.0,0.004156950861215591
3031249920.0,-0.0024004054721444845
3032187392.0,-0.0066536241210997105
3033125120.0,-0.0119863823056221
3034062592.0,-0.01792522892355919
3035000064.0,-0.022981710731983185
3035937536.0,-0.028420135378837585
3036875008.0,-0.03233645483851433
3037812480.0,-0.03740818798542023
3038749952.0,-0.041571080684661865
3039687424.0,-0.04626922309398651
3040624896.0,-0.050193287432193756
3041562624.0,-0.053682345896959305
3042500096.0,-0.05625263974070549
3043437568.0,-0.058607861399650574
3044375040.0,-0.060726094990968704
3045312512.0,-0.06288730353116989
3046249984.0,-0.06488532572984695
3047187456.0,-0.06484996527433395
3048124928.0,-0.06560255587100983
3049062400.0,-0.06479904055595398
3049999872.0,-0.06501800566911697
3050937600.0,-0.06301749497652054
3051875072.0,-0.061573926359415054
3052812544.0,-0.057963624596595764
3053750016.0,-0.05445537716150284
3054687488.0,-0.049785103648900986
3055624960.0,-0.044868964701890945
3056562432.0,-0.03878770023584366
3057499904.0,-0.032005250453948975
3058437376.0,-0.02460656128823757
3059375104.0,-0.016433807089924812
3060312576.0,-0.007980464026331902
3061250048.0,0.0025144589599221945
3062187520.0,0.012738064862787724
3063124992.0,0.023592595010995865
3064062464.0,0.03571324795484543
3064999936.0,0.047402143478393555
3065937408.0,0.05983338505029678
3066874880.0,0.07326937466859818
3067812608.0,0.13947035372257233
3068750080.0,0.14426854252815247
3069687552.0,0.14863920211791992
3070625024.0,0.15115436911582947
3071562496.0,0.1527801901102066
3072499968.0,0.15258857607841492
3073437440.0,0.1512865275144577
3074374912.0,0.14852656424045563
3075312384.0,0.1444220393896103
3076250112.0,0.13965928554534912
3077187584.0,0.13217240571975708
3078125056.0,0.1254463940858841
3079062528.0,0.11615768074989319
3080000000.0,0.10685740411281586
3080937472.0,0.09784440696239471
3081874944.0,0.08690624684095383
3082812416.0,0.07671280950307846
3083749888.0,0.06567859649658203
3084687616.0,0.055101633071899414
3085625088.0,0.04417949169874191
3086562560.0,0.03335700184106827
3087500032.0,0.023625491186976433
3088437504.0,0.014002401381731033
3089374976.0,0.00455821817740798
3090312448.0,-0.0035258110146969557
3091249920.0,-0.009804134257137775
3092187392.0,-0.016026455909013748
3093125120.0,-0.020718464627861977
3094062592.0,-0.02493467926979065
3095000064.0,-0.025932677090168
3095937536.0,-0.028841953724622726
3096875008.0,-0.02833995781838894
3097812480.0,-0.028136948123574257
3098749952.0,-0.026268506422638893
3099687424.0,-0.0230147335678339
3100624896.0,-0.01880984753370285
3101562624.0,-0.014254028908908367
3102500096.0,-0.00868573784828186
3103437568.0,-0.0010709677590057254
3104375040.0,0.005215954501181841
3105312512.0,0.012166141532361507
3106249984.0,0.01993066444993019
3107187456.0,0.027564948424696922
3108124928.0,0.03604140877723694
3109062400.0,0.04393990710377693
3110000128.0,0.05286116525530815
3110937600.0,0.05999670922756195
3111875072.0,0.0692262127995491
3112812544.0,0.07653822004795074
3113750016.0,0.08402195572853088
3114687488.0,0.09073242545127869
3115624960.0,0.09728964418172836
3116562432.0,0.10319211333990097
3117499904.0,0.10883757472038269
3118437376.0,0.11321946978569031
3119375104.0,0.11831005662679672
3120312576.0,0.12180298566818237
3121250048.0,0.12548305094242096
3122187520.0,0.12851111590862274
3123124992.0,0.13098134100437164
3124062464.0,0.13379403948783875
3124999936.0,0.13582207262516022
3125937408.0,0.1376582682132721
3126874880.0,0.1400672197341919
3127812608.0,0.14552244544029236
3128750080.0,0.1463954746723175
3129687552.0,0.14551830291748047
3130625024.0,0.14427140355110168
3131562496.0,0.14179947972297668
3132499968.0,0.13983991742134094
3133437440.0,0.13739284873008728
3134374912.0,0.13416554033756256
3135312384.0,0.1313871592283249
3136250112.0,0.1292518824338913
3137187584.0,0.12613600492477417
3138125056.0,0.12317156046628952
3139062528.0,0.1218656376004219
3140000000.0,0.12126094102859497
3140937472.0,0.12046679854393005
3141874944.0,0.12232746928930283
3142812416.0,0.12502895295619965
3143749888.0,0.1295861303806305
3144687616.0,0.13468965888023376
3145625088.0,0.13944411277770996
3146562560.0,0.1450795978307724
3147500032.0,0.14977042376995087
3148437504.0,0.15365156531333923
3149374976.0,0.15611010789871216
3150312448.0,0.1573547124862671
3151249920.0,0.1561020165681839
3152187392.0,0.1536276787519455
3153125120.0,0.14820367097854614
3154062592.0,0.14102597534656525
3155000064.0,0.13199670612812042
3155937536.0,0.12049883604049683
3156875008.0,0.10731641948223114
3157812480.0,0.09388946741819382
3158749952.0,0.07869601994752884
3159687424.0,0.06333677470684052
3160624896.0,0.0476057194173336
3161562624.0,0.03312346339225769
3162500096.0,0.01910979114472866
3163437568.0,0.005605142097920179
3164375040.0,-0.005904223769903183
3165312512.0,-0.015954110771417618
3166249984.0,-0.02335060015320778
3167187456.0,-0.02989712916314602
3168124928.0,-0.03312712162733078
3169062400.0,-0.03511582687497139
3169999872.0,-0.03368585556745529
3170937600.0,-0.030568525195121765
3171875072.0,-0.024874918162822723
3172812544.0,-0.01774721033871174
3173750016.0,-0.007771624717861414
3174687488.0,0.0026438741479068995
3175624960.0,0.01505105197429657
3176562432.0,0.028865614905953407
3177499904.0,0.04277839511632919
3178437376.0,0.05814502760767937
3179375104.0,0.07337798923254013
3180312576.0,0.08859974890947342
3181250048.0,0.10405516624450684
3182187520.0,0.1184370219707489
3183124992.0,0.13290339708328247
3184062464.0,0.14740580320358276
3184999936.0,0.1606328934431076
3185937408.0,0.1731182336807251
3186874880.0,0.18427570164203644
3187812608.0,0.15198086202144623
3188750080.0,0.147685244679451
3189687552.0,0.1428556740283966
3190625024.0,0.13740423321723938
3191562496.0,0.13104039430618286
3192499968.0,0.12564513087272644
3193437440.0,0.1193671002984047
3194374912.0,0.11444037407636642
3195312384.0,0.1089368537068367
3196250112.0,0.10338129103183746
3197187584.0,0.0994526669383049
3198125056.0,0.09430649131536484
3199062528.0,0.09043578803539276
3200000000.0,0.08790385723114014
3200937472.0,0.08459440618753433
3201874944.0,0.08355186879634857
3202812416.0,0.08291399478912354
3203749888.0,0.08274778723716736
3204687616.0,0.08265923708677292
3205625088.0,0.08416090160608292
3206562560.0,0.08550016582012177
3207500032.0,0.08705174922943115
3208437504.0,0.0897517055273056
3209374976.0,0.09101612865924835
3210312448.0,0.09477897733449936
3211249920.0,0.09740573167800903
3212187392.0,0.09952254593372345
3213125120.0,0.10240281373262405
3214062592.0,0.10527314990758896
3215000064.0,0.10778792947530746
3215937536.0,0.10921517014503479
3216875008.0,0.11066534370183945
3217812480.0,0.11237563192844391
3218749952.0,0.11385030299425125
3219687424.0,0.11471355706453323
3220624896.0,0.11492104828357697
3221562624.0,0.11461003124713898
3222500096.0,0.11440085619688034
3223437568.0,0.11334789544343948
3224375040.0,0.11327827721834183
3225312512.0,0.11159904301166534
3226249984.0,0.1107613742351532
3227187456.0,0.10892409831285477
3228124928.0,0.10912652313709259
3229062400.0,0.10855676978826523
3230000128.0,0.10842759907245636
3230937600.0,0.10832073539495468
3231875072.0,0.10930773615837097
3232812544.0,0.109556645154953
3233750016.0,0.11158265918493271
3234687488.0,0.11433471739292145
3235624960.0,0.11659114807844162
3236562432.0,0.12016815692186356
3237499904.0,0.12472285330295563
3238437376.0,0.1285477578639984
3239375104.0,0.1331348717212677
3240312576.0,0.139764204621315
3241250048.0,0.14472328126430511
3242187520.0,0.15119977295398712
3243124992.0,0.1572817862033844
3244062464.0,0.16395840048789978
3244999936.0,0.1704297810792923
3245937408.0,0.17556095123291016
3246874880.0,0.18115374445915222
3247812608.0,0.09272923320531845
3248750080.0,0.08299322426319122
3249687552.0,0.07461930066347122
3250625024.0,0.06550446897745132
3251562496.0,0.05404834449291229
3252499968.0,0.04460494965314865
3253437440.0,0.03534257411956787
3254374912.0,0.026887794956564903
3255312384.0,0.02030530944466591
3256250112.0,0.01500432938337326
3257187584.0,0.012528986670076847
3258125056.0,0.010834133252501488
3259062528.0,0.012267740443348885
3260000000.0,0.013749280944466591
3260937472.0,0.017264705151319504
3261874944.0,0.021480554714798927
3262812416.0,0.025385841727256775
3263749888.0,0.02938113547861576
3264687616.0,0.034825652837753296
3265625088.0,0.03859717771410942
3266562560.0,0.04276704788208008
3267500032.0,0.04714840650558472
3268437504.0,0.05061497539281845
3269374976.0,0.05402292683720589
3270312448.0,0.05632913485169411
3271249920.0,0.059669893234968185
3272187392.0,0.06131107360124588
3273125120.0,0.06385266780853271
3274062592.0,0.06504309922456741
3275000064.0,0.06712480634450912
3275937536.0,0.06884337216615677
3276875008.0,0.07055245339870453
3277812480.0,0.0710221529006958
3278749952.0,0.07262282818555832
3279687424.0,0.07386698573827744
3280624896.0,0.07505481690168381
3281562624.0,0.0746844932436943
3282500096.0,0.07592728734016418
3283437568.0,0.07620827853679657
3284375040.0,0.07734823226928711
3285312512.0,0.07730512320995331
3286249984.0,0.07673326134681702
3287187456.0,0.0773283988237381
3288124928.0,0.07735070586204529
3289062400.0,0.07721526175737381
3289999872.0,0.0767006054520607
3290937600.0,0.07687528431415558
3291875072.0,0.07718037068843842
3292812544.0,0.07685586810112
3293750016.0,0.07736983895301819
3294687488.0,0.07798351347446442
3295624960.0,0.07891157269477844
3296562432.0,0.08031715452671051
3297499904.0,0.08152098208665848
3298437376.0,0.08362704515457153
3299375104.0,0.08506066352128983
3300312576.0,0.08782917261123657
3301250048.0,0.09014733135700226
3302187520.0,0.09353964775800705
3303124992.0,0.0970669835805893
3304062464.0,0.10017257183790207
3304999936.0,0.10514390468597412
3305937408.0,0.10960043966770172
3306874880.0,0.11467896401882172
3307812608.0,0.12664060294628143
3308750080.0,0.1342071294784546
3309687552.0,0.14167743921279907
3310625024.0,0.1504155397415161
3311562496.0,0.15761803090572357
3312499968.0,0.1662982851266861
3313437440.0,0.17352859675884247
3314374912.0,0.18073159456253052
3315312384.0,0.18782922625541687
3316250112.0,0.19358277320861816
3317187584.0,0.19981729984283447
3318125056.0,0.20429955422878265
3319062528.0,0.20906005799770355
3320000000.0,0.21227116882801056
3320937472.0,0.21367792785167694
3321874944.0,0.2155122011899948
3322812416.0,0.21514558792114258
3323749888.0,0.21529275178909302
3324687616.0,0.2124190628528595
3325625088.0,0.20874379575252533
3326562560.0,0.20445357263088226
3327500032.0,0.19840098917484283
3328437504.0,0.19237034022808075
3329374976.0,0.18281206488609314
3330312448.0,0.17507663369178772
3331249920.0,0.16620463132858276
3332187392.0,0.15531866252422333
3333125120.0,0.14494693279266357
3334062592.0,0.1347818225622177
3335000064.0,0.12353774905204773
3335937536.0,0.11239384859800339
3336875008.0,0.10141191631555557
3337812480.0,0.09013250470161438
3338749952.0,0.079489566385746
3339687424.0,0.06920479983091354
3340624896.0,0.05933135747909546
3341562624.0,0.050745319575071335
3342500096.0,0.04209228977560997
3343437568.0,0.03495950624346733
3344375040.0,0.028874965384602547
3345312512.0,0.02393457107245922
3346249984.0,0.01875099539756775
3347187456.0,0.016804305836558342
3348124928.0,0.014332863502204418
3349062400.0,0.013760688714683056
3350000128.0,0.014504145830869675
3350937600.0,0.016711784526705742
3351875072.0,0.01927035301923752
3352812544.0,0.023665552958846092
3353750016.0,0.028949841856956482
3354687488.0,0.03460841625928879
3355624960.0,0.04060305282473564
3356562432.0,0.048980746418237686
3357499904.0,0.057996466755867004
3358437376.0,0.0666135773062706
3359375104.0,0.07612249255180359
3360312576.0,0.08595618605613708
3361250048.0,0.09524460881948471
3362187520.0,0.10627453774213791
3363124992.0,0.11562944203615189
3364062464.0,0.12571023404598236
3364999936.0,0.1344572752714157
3365937408.0,0.1428336799144745
3366874880.0,0.1503242403268814
3367812608.0,0.03215813264250755
3368750080.0,0.03640870004892349
3369687552.0,0.03975430503487587
3370625024.0,0.043228138238191605
3371562496.0,0.045843422412872314
3372499968.0,0.04759115353226662
3373437440.0,0.04919900372624397
3374374912.0,0.049798883497714996
3375312384.0,0.04945529252290726
3376250112.0,0.047009605914354324
3377187584.0,0.04434359073638916
3378125056.0,0.04060753807425499
3379062528.0,0.0358726792037487
3380000000.0,0.0304297786206007
3380937472.0,0.02335166186094284
3381874944.0,0.01636028289794922
3382812416.0,0.006729810498654842
3383749888.0,-0.0015411318745464087
3384687616.0,-0.012076124548912048
3385625088.0,-0.02210225537419319
3386562560.0,-0.03234713897109032
3387500032.0,-0.043061915785074234
3388437504.0,-0.0547788105905056
3389374976.0,-0.06626537442207336
3390312448.0,-0.07663906365633011
3391249920.0,-0.08676739782094955
3392187392.0,-0.09643308818340302
3393125120.0,-0.10622610151767731
3394062592.0,-0.11499840021133423
3395000064.0,-0.12456156313419342
3395937536.0,-0.131527841091156
3396875008.0,-0.13798852264881134
3397812480.0,-0.14473004639148712
3398749952.0,-0.14967022836208344
3399687424.0,-0.15375399589538574
3400624896.0,-0.15704961121082306
3401562624.0,-0.1601075977087021
3402500096.0,-0.16120769083499908
3403437568.0,-0.1628798097372055
3404375040.0,-0.16330881416797638
3405312512.0,-0.16273906826972961
3406249984.0,-0.16284839808940887
3407187456.0,-0.1631547212600708
3408124928.0,-0.16054177284240723
3409062400.0,-0.16153429448604584
3409999872.0,-0.1607358455657959
3410937600.0,-0.1603356897830963
3411875072.0,-0.16182869672775269
3412812544.0,-0.1635596603155136
3413750016.0,-0.16603858768939972
3414687488.0,-0.1705216020345688
3415624960.0,-0.17503798007965088
3416562432.0,-0.18164581060409546
3417499904.0,-0.19073812663555145
3418437376.0,-0.2017139345407486
3419375104.0,-0.2149161398410797
3420312576.0,-0.22880776226520538
3421250048.0,-0.24534834921360016
3422187520.0,-0.2645549178123474
3423124992.0,-0.2853237986564636
3424062464.0,-0.3089594542980194
3424999936.0,-0.33362066745758057
3425937408.0,-0.36024150252342224
3426874880.0,-0.38885974884033203
3427812608.0,-0.41849634051322937
3428750080.0,-0.4467621445655823
3429687552.0,-0.47470900416374207
3430625024.0,-0.5037192106246948
3431562496.0,-0.5323723554611206
3432499968.0,-0.5593160390853882
3433437440.0,-0.5878198742866516
3434374912.0,-0.6157951354980469
3435312384.0,-0.6423834562301636
3436250112.0,-0.6707095503807068
3437187584.0,-0.6985830664634705
3438125056.0,-0.726283848285675
3439062528.0,-0.7552105188369751
3440000000.0,-0.7841733694076538
3440937472.0,-0.8158414959907532
3441874944.0,-0.8500672578811646
3442812416.0,-0.8842029571533203
3443749888.0,-0.9211863875389099
3444687616.0,-0.9606364965438843
3445625088.0,-1.0026252269744873
3446562560.0,-1.0468846559524536
3447500032.0,-1.0930852890014648
3448437504.0,-1.1426632404327393
3449374976.0,-1.1962008476257324
3450312448.0,-1.250335931777954
3451249920.0,-1.308496356010437
3452187392.0,-1.3678956031799316
3453125120.0,-1.427664875984192
3454062592.0,-1.4879052639007568
3455000064.0,-1.5492044687271118
3455937536.0,-1.6095809936523438
3456875008.0,-1.668769121170044
3457812480.0,-1.7249170541763306
3458749952.0,-1.775995135307312
3459687424.0,-1.8217053413391113
3460624896.0,-1.8603523969650269
3461562624.0,-1.8918299674987793
3462500096.0,-1.91558039188385
3463437568.0,-1.9317399263381958
3464375040.0,-1.9403966665267944
3465312512.0,-1.9419114589691162
3466249984.0,-1.9350634813308716
3467187456.0,-1.9238865375518799
3468124928.0,-1.9080204963684082
3469062400.0,-1.885373592376709
3470000128.0,-1.8586868047714233
3470937600.0,-1.825515627861023
3471875072.0,-1.7881784439086914
3472812544.0,-1.7444907426834106
3473750016.0,-1.6959826946258545
3474687488.0,-1.6469298601150513
3475624960.0,-1.5944968461990356
3476562432.0,-1.5418733358383179
3477499904.0,-1.4897061586380005
3478437376.0,-1.436812400817871
3479375104.0,-1.3839929103851318
3480312576.0,-1.3349580764770508
3481250048.0,-1.288720726966858
3482187520.0,-1.240742564201355
3483124992.0,-1.1936930418014526
3484062464.0,-1.1461557149887085
3484999936.0,-1.0991170406341553
3485937408.0,-1.0555858612060547
3486874880.0,-1.013511300086975
3487812608.0,-1.0062295198440552
3488750080.0,-0.9688261151313782
3489687552.0,-0.9347503185272217
3490625024.0,-0.9011978507041931
3491562496.0,-0.8700864911079407
3492499968.0,-0.8406032919883728
3493437440.0,-0.8142387866973877
3494374912.0,-0.7884318828582764
3495312384.0,-0.7645394206047058
3496250112.0,-0.7423420548439026
3497187584.0,-0.7222821116447449
3498125056.0,-0.704366147518158
3499062528.0,-0.6881874799728394
3500000000.0,-0.6732234358787537
3500937472.0,-0.658511221408844
3501874944.0,-0.6454183459281921
3502812416.0,-0.6317204236984253
3503749888.0,-0.6196533441543579
3504687616.0,-0.6079907417297363
3505625088.0,-0.5971172451972961
3506562560.0,-0.5856661796569824
3507500032.0,-0.573874831199646
3508437504.0,-0.5623876452445984
3509374976.0,-0.5497934222221375
3510312448.0,-0.5379047393798828
3511249920.0,-0.5265678763389587
3512187392.0,-0.5144693851470947
3513125120.0,-0.5016290545463562
3514062592.0,-0.48704198002815247
3515000064.0,-0.4719856381416321
3515937536.0,-0.45676493644714355
3516875008.0,-0.4408997595310211
3517812480.0,-0.4248322546482086
3518749952.0,-0.40719059109687805
3519687424.0,-0.38942044973373413
3520624896.0,-0.37176162004470825
3521562624.0,-0.3533552885055542
3522500096.0,-0.3347390592098236
3523437568.0,-0.3158051371574402
3524375040.0,-0.29785168170928955
3525312512.0,-0.27919185161590576
3526249984.0,-0.261166512966156
3527187456.0,-0.24305571615695953
3528124928.0,-0.2252173125743866
3529062400.0,-0.2088320553302765
3529999872.0,-0.19377587735652924
3530937600.0,-0.17880986630916595
3531875072.0,-0.1654268354177475
3532812544.0,-0.1537405103445053
3533750016.0,-0.14214469492435455
3534687488.0,-0.13447487354278564
3535624960.0,-0.1268986016511917
3536562432.0,-0.12211231887340546
3537499904.0,-0.11932174116373062
3538437376.0,-0.11781562119722366
3539375104.0,-0.11867042630910873
3540312576.0,-0.12127450108528137
3541250048.0,-0.1249234601855278
3542187520.0,-0.12995339930057526
3543124992.0,-0.13660570979118347
3544062464.0,-0.14381171762943268
3544999936.0,-0.15277351438999176
3545937408.0,-0.163508340716362
3546874880.0,-0.17391815781593323
3547812608.0,-0.21248602867126465
3548750080.0,-0.20287910103797913
3549687552.0,-0.1948685348033905
3550625024.0,-0.18714609742164612
3551562496.0,-0.180130735039711
3552499968.0,-0.17240747809410095
3553437440.0,-0.16680781543254852
3554374912.0,-0.15999539196491241
3555312384.0,-0.15449702739715576
3556250112.0,-0.1508960723876953
3557187584.0,-0.14776162803173065
3558125056.0,-0.14469189941883087
3559062528.0,-0.14201651513576508
3560000000.0,-0.13862499594688416
3560937472.0,-0.1359080970287323
3561874944.0,-0.13337048888206482
3562812416.0,-0.13084401190280914
3563749888.0,-0.1284702867269516
3564687616.0,-0.1257738620042801
3565625088.0,-0.12316258251667023
3566562560.0,-0.12024383991956711
3567500032.0,-0.11797023564577103
3568437504.0,-0.1161302849650383
3569374976.0,-0.11393868923187256
3570312448.0,-0.11163124442100525
3571249920.0,-0.10861790180206299
3572187392.0,-0.10688810050487518
3573125120.0,-0.10291562974452972
3574062592.0,-0.09845627844333649
3575000064.0,-0.09624776244163513
3575937536.0,-0.09104900807142258
3576875008.0,-0.08815133571624756
3577812480.0,-0.08374309539794922
3578749952.0,-0.07855141907930374
3579687424.0,-0.07521600276231766
3580624896.0,-0.07051539421081543
3581562624.0,-0.06750771403312683
3582500096.0,-0.063996322453022
3583437568.0,-0.06099161505699158
3584375040.0,-0.05756324157118797
3585312512.0,-0.05556106939911842
3586249984.0,-0.053655121475458145
3587187456.0,-0.051544640213251114
3588124928.0,-0.04987834393978119
3589062400.0,-0.04782130569219589
3590000128.0,-0.045944973826408386
3590937600.0,-0.045002855360507965
3591875072.0,-0.04581930488348007
3592812544.0,-0.04561547189950943
3593750016.0,-0.047567758709192276
3594687488.0,-0.04933778941631317
3595624960.0,-0.05079614371061325
3596562432.0,-0.05277973785996437
3597499904.0,-0.054906852543354034
3598437376.0,-0.05781671777367592
3599375104.0,-0.06127128005027771
3600312576.0,-0.06432214379310608
3601250048.0,-0.06742899119853973
3602187520.0,-0.0701579824090004
3603124992.0,-0.0736503005027771
3604062464.0,-0.07612287998199463
3604999936.0,-0.0775066539645195
3605937408.0,-0.07896332442760468
3606874880.0,-0.08118625730276108
3607812608.0,-0.08623021841049194
3608750080.0,-0.08440221101045609
3609687552.0,-0.08286487311124802
3610625024.0,-0.08217369019985199
3611562496.0,-0.08233446627855301
3612499968.0,-0.08267328888177872
3613437440.0,-0.08345413953065872
3614374912.0,-0.0848022848367691
3615312384.0,-0.08677306026220322
3616250112.0,-0.08822555094957352
3617187584.0,-0.09077811241149902
3618125056.0,-0.09384730458259583
3619062528.0,-0.09688027203083038
3620000000.0,-0.10008776932954788
3620937472.0,-0.10312337428331375
3621874944.0,-0.10607308149337769
3622812416.0,-0.10934574902057648
3623749888.0,-0.11133891344070435
3624687616.0,-0.11306029558181763
3625625088.0,-0.11534571647644043
3626562560.0,-0.1187029480934143
3627500032.0,-0.12109581381082535
3628437504.0,-0.12226501852273941
3629374976.0,-0.12378058582544327
3630312448.0,-0.1246674656867981
3631249920.0,-0.1240801215171814
3632187392.0,-0.12325792759656906
3633125120.0,-0.12270309776067734
3634062592.0,-0.12046927958726883
3635000064.0,-0.11748532950878143
3635937536.0,-0.11425630748271942
3636875008.0,-0.11014830321073532
3637812480.0,-0.10526452958583832
3638749952.0,-0.09951025992631912
3639687424.0,-0.09403648227453232
3640624896.0,-0.08638931810855865
3641562624.0,-0.07979043573141098
3642500096.0,-0.07128603011369705
3643437568.0,-0.06246921792626381
3644375040.0,-0.054583482444286346
3645312512.0,-0.0455818809568882
3646249984.0,-0.037131693214178085
3647187456.0,-0.028484459966421127
3648124928.0,-0.020236864686012268
3649062400.0,-0.011729411780834198
3649999872.0,-0.0043381620198488235
3650937600.0,0.002641577273607254
3651875072.0,0.008731583133339882
3652812544.0,0.014821747317910194
3653750016.0,0.020698197185993195
3654687488.0,0.0249016135931015
3655624960.0,0.029104771092534065
3656562432.0,0.0330488458275795
3657499904.0,0.035432152450084686
3658437376.0,0.0376029834151268
3659375104.0,0.03911692276597023
3660312576.0,0.03977978229522705
3661250048.0,0.040003884583711624
3662187520.0,0.037887223064899445
3663124992.0,0.03512851521372795
3664062464.0,0.032000210136175156
3664999936.0,0.027924930676817894
3665937408.0,0.02309851348400116
3666874880.0,0.016665419563651085
3667812608.0,0.008364751935005188
3668750080.0,0.0030486788600683212
3669687552.0,-0.0016301636351272464
3670625024.0,-0.004943121690303087
3671562496.0,-0.009036466479301453
3672499968.0,-0.012525473721325397
3673437440.0,-0.014049605466425419
3674374912.0,-0.016507571563124657
3675312384.0,-0.017725247889757156
3676250112.0,-0.01892925053834915
3677187584.0,-0.01984323002398014
3678125056.0,-0.020385080948472023
3679062528.0,-0.019359810277819633
3680000000.0,-0.018958503380417824
3680937472.0,-0.018456295132637024
3681874944.0,-0.0169967133551836
3682812416.0,-0.015393546782433987
3683749888.0,-0.0128597067669034
3684687616.0,-0.010814671404659748
3685625088.0,-0.008191858418285847
3686562560.0,-0.0049239895306527615
3687500032.0,-0.002436538226902485
3688437504.0,0.0005113906809128821
3689374976.0,0.0031135024037212133
3690312448.0,0.006982387509196997
3691249920.0,0.010151860304176807
3692187392.0,0.012828893028199673
3693125120.0,0.016042081639170647
3694062592.0,0.01940816268324852
3695000064.0,0.021240847185254097
3695937536.0,0.023712877184152603
3696875008.0,0.02513005957007408
3697812480.0,0.02776879072189331
3698749952.0,0.0287771075963974
3699687424.0,0.03047007881104946
3700624896.0,0.03069823607802391
3701562624.0,0.030337169766426086
3702500096.0,0.02979940176010132
3703437568.0,0.02756979689002037
3704375040.0,0.02443971484899521
3705312512.0,0.020602913573384285
3706249984.0,0.015124949626624584
3707187456.0,0.009031812660396099
3708124928.0,0.0007354908157140017
3709062400.0,-0.008844370022416115
3710000128.0,-0.01898784376680851
3710937600.0,-0.030502013862133026
3711875072.0,-0.04291330650448799
3712812544.0,-0.057974860072135925
3713750016.0,-0.07346503436565399
3714687488.0,-0.09075145423412323
3715624960.0,-0.10995709151029587
3716562432.0,-0.12957903742790222
3717499904.0,-0.14919212460517883
3718437376.0,-0.1705949455499649
3719375104.0,-0.18986117839813232
3720312576.0,-0.21126197278499603
3721250048.0,-0.23190847039222717
3722187520.0,-0.2525038421154022
3723124992.0,-0.2723716199398041
3724062464.0,-0.29169946908950806
3724999936.0,-0.30894893407821655
3725937408.0,-0.32566022872924805
3726874880.0,-0.3401002585887909
3727812608.0,-0.027828024700284004
3728750080.0,-0.02667984552681446
3729687552.0,-0.026758892461657524
3730625024.0,-0.027747679501771927
3731562496.0,-0.03002421371638775
3732499968.0,-0.0323035791516304
3733437440.0,-0.036180272698402405
3734374912.0,-0.038570649921894073
3735312384.0,-0.04215181618928909
3736250112.0,-0.044974688440561295
3737187584.0,-0.04610422998666763
3738125056.0,-0.04792265221476555
3739062528.0,-0.04747986048460007
3740000000.0,-0.04782536253333092
3740937472.0,-0.04659699276089668
3741874944.0,-0.0453813374042511
3742812416.0,-0.04295242950320244
3743749888.0,-0.03928479179739952
3744687616.0,-0.03512224927544594
3745625088.0,-0.03062054142355919
3746562560.0,-0.024828098714351654
3747500032.0,-0.019204819574952126
3748437504.0,-0.011972380802035332
3749374976.0,-0.0034326515160501003
3750312448.0,0.006392189301550388
3751249920.0,0.016191909089684486
3752187392.0,0.026577210053801537
3753125120.0,0.036602508276700974
3754062592.0,0.04725029319524765
3755000064.0,0.058150764554739
3755937536.0,0.06854511052370071
3756875008.0,0.07777715474367142
3757812480.0,0.08708256483078003
3758749952.0,0.09622110426425934
3759687424.0,0.10422191768884659
3760624896.0,0.11113349348306656
3761562624.0,0.11773399263620377
3762500096.0,0.12300112098455429
3763437568.0,0.12514516711235046
3764375040.0,0.12809894979000092
3765312512.0,0.1281258463859558
3766249984.0,0.12683017551898956
3767187456.0,0.12490921467542648
3768124928.0,0.12067864090204239
3769062400.0,0.11574149131774902
3769999872.0,0.10860889405012131
3770937600.0,0.10043761879205704
3771875072.0,0.09199166297912598
3772812544.0,0.08194740861654282
3773750016.0,0.07176510244607925
3774687488.0,0.06030970439314842
3775624960.0,0.049041662365198135
3776562432.0,0.037076059728860855
3777499904.0,0.025048701092600822
3778437376.0,0.012791271321475506
3779375104.0,0.0008839928195811808
3780312576.0,-0.010422028601169586
3781250048.0,-0.022827383130788803
3782187520.0,-0.03382561728358269
3783124992.0,-0.04485423490405083
3784062464.0,-0.05495713651180267
3784999936.0,-0.0655277818441391
3785937408.0,-0.07309781014919281
3786874880.0,-0.06560669839382172
3787812608.0,-0.06953256577253342
3788750080.0,-0.0741576999425888
3789687552.0,-0.0786508247256279
3790625024.0,-0.08174972981214523
3791562496.0,-0.08441784232854843
3792499968.0,-0.08950071036815643
3793437440.0,-0.09274760633707047
3794374912.0,-0.09568477421998978
3795312384.0,-0.09840487688779831
3796250112.0,-0.09932242333889008
3797187584.0,-0.10004808753728867
3798125056.0,-0.09935988485813141
3799062528.0,-0.09736229479312897
3800000000.0,-0.09504083544015884
3800937472.0,-0.09040922671556473
3801874944.0,-0.08462584763765335
3802812416.0,-0.0785575732588768
3803749888.0,-0.07183144986629486
3804687616.0,-0.0632360428571701
3805625088.0,-0.05432547628879547
3806562560.0,-0.04518198221921921
3807500032.0,-0.03503437712788582
3808437504.0,-0.026662657037377357
3809374976.0,-0.01741303689777851
3810312448.0,-0.008062158711254597
3811249920.0,0.0005159837892279029
3812187392.0,0.008529444225132465
3813125120.0,0.016460811719298363
3814062592.0,0.02399706467986107
3815000064.0,0.031051155179739
3815937536.0,0.03649135306477547
3816875008.0,0.04235458746552467
3817812480.0,0.04751230776309967
3818749952.0,0.0510747916996479
3819687424.0,0.05360091105103493
3820624896.0,0.05492153391242027
3821562624.0,0.055088531225919724
3822500096.0,0.05485863238573074
3823437568.0,0.05312501639127731
3824375040.0,0.051425784826278687
3825312512.0,0.049207061529159546
3826249984.0,0.04594571515917778
3827187456.0,0.0420972965657711
3828124928.0,0.038836121559143066
3829062400.0,0.03464033082127571
3830000128.0,0.03113420680165291
3830937600.0,0.025961965322494507
3831875072.0,0.02037893421947956
3832812544.0,0.016346026211977005
3833750016.0,0.00959367398172617
3834687488.0,0.004262269474565983
3835624960.0,-0.0005936233210377395
3836562432.0,-0.006508109625428915
3837499904.0,-0.011669962666928768
3838437376.0,-0.016476524993777275
3839375104.0,-0.02146386168897152
3840312576.0,-0.025529982522130013
3841250048.0,-0.030202938243746758
3842187520.0,-0.03388238325715065
3843124992.0,-0.03770656883716583
3844062464.0,-0.042219989001750946
3844999936.0,-0.04631948471069336
3845937408.0,-0.050586797297000885
3846874880.0,-0.04794466868042946
3847812608.0,-0.0502900630235672
3848750080.0,-0.0529995895922184
3849687552.0,-0.054058536887168884
3850625024.0,-0.056924670934677124
3851562496.0,-0.057690657675266266
3852499968.0,-0.05992377921938896
3853437440.0,-0.06092861294746399
3854374912.0,-0.06302237510681152
3855312384.0,-0.061852652579545975
3856250112.0,-0.06365872919559479
3857187584.0,-0.061802368611097336
3858125056.0,-0.06136775016784668
3859062528.0,-0.059921279549598694
3860000000.0,-0.05706251412630081
3860937472.0,-0.05482703074812889
3861874944.0,-0.05322200432419777
3862812416.0,-0.0499759279191494
3863749888.0,-0.04854629561305046
3864687616.0,-0.048445358872413635
3865625088.0,-0.0486510694026947
3866562560.0,-0.050004277378320694
3867500032.0,-0.05443030968308449
3868437504.0,-0.0596868135035038
3869374976.0,-0.06617656350135803
3870312448.0,-0.0742073580622673
3871249920.0,-0.08447804301977158
3872187392.0,-0.0949268490076065
3873125120.0,-0.10666925460100174
3874062592.0,-0.11831341683864594
3875000064.0,-0.12972527742385864
3875937536.0,-0.14085271954536438
3876875008.0,-0.15056993067264557
3877812480.0,-0.15968050062656403
3878749952.0,-0.1675318479537964
3879687424.0,-0.1730402261018753
3880624896.0,-0.1767302304506302
3881562624.0,-0.17785139381885529
3882500096.0,-0.17732463777065277
3883437568.0,-0.17385375499725342
3884375040.0,-0.16961854696273804
3885312512.0,-0.16262489557266235
3886249984.0,-0.15383373200893402
3887187456.0,-0.14502695202827454
3888124928.0,-0.1346571296453476
3889062400.0,-0.12297829985618591
3889999872.0,-0.11143672466278076
3890937600.0,-0.09920389205217361
3891875072.0,-0.08672107756137848
3892812544.0,-0.07542553544044495
3893750016.0,-0.06510935723781586
3894687488.0,-0.055973559617996216
3895624960.0,-0.046445395797491074
3896562432.0,-0.038541510701179504
3897499904.0,-0.03109760396182537
3898437376.0,-0.025199735537171364
3899375104.0,-0.0214333925396204
3900312576.0,-0.01792415976524353
3901250048.0,-0.01416601613163948
3902187520.0,-0.013483676128089428
3903124992.0,-0.01085453387349844
3904062464.0,-0.01010163128376007
3904999936.0,-0.009249215014278889
3905937408.0,-0.007171552628278732
3906874880.0,-0.015486025251448154
3907812608.0,-0.024114010855555534
3908750080.0,-0.030188022181391716
3909687552.0,-0.03535507619380951
3910625024.0,-0.038642529398202896
3911562496.0,-0.038762837648391724
3912499968.0,-0.03914149850606918
3913437440.0,-0.03694717586040497
3914374912.0,-0.033616501837968826
3915312384.0,-0.028406333178281784
3916250112.0,-0.02203669585287571
3917187584.0,-0.014044765383005142
3918125056.0,-0.004699033685028553
3919062528.0,0.005637085996568203
3920000000.0,0.016846343874931335
3920937472.0,0.027861176058650017
3921874944.0,0.039153482764959335
3922812416.0,0.05134226009249687
3923749888.0,0.06119358167052269
3924687616.0,0.071782186627388
3925625088.0,0.0810616984963417
3926562560.0,0.08905515819787979
3927500032.0,0.09689309448003769
3928437504.0,0.10272371768951416
3929374976.0,0.10685756802558899
3930312448.0,0.11016388237476349
3931249920.0,0.11163988709449768
3932187392.0,0.11200191080570221
3933125120.0,0.1107044368982315
3934062592.0,0.10696740448474884
3935000064.0,0.10282982885837555
3935937536.0,0.09647130221128464
3936875008.0,0.08942753821611404
3937812480.0,0.08165641874074936
3938749952.0,0.07214613258838654
3939687424.0,0.061238378286361694
3940624896.0,0.05012261122465134
3941562624.0,0.03786041587591171
3942500096.0,0.025456493720412254
3943437568.0,0.013671732507646084
3944375040.0,-0.0004249022458679974
3945312512.0,-0.012983624823391438
3946249984.0,-0.026384852826595306
3947187456.0,-0.03969725966453552
3948124928.0,-0.0522928461432457
3949062400.0,-0.06492558121681213
3950000128.0,-0.07713764905929565
3950937600.0,-0.0882779061794281
3951875072.0,-0.09911339730024338
3952812544.0,-0.10852045565843582
3953750016.0,-0.11817838251590729
3954687488.0,-0.12742897868156433
3955624960.0,-0.1358589380979538
3956562432.0,-0.1435389220714569
3957499904.0,-0.15049366652965546
3958437376.0,-0.15702463686466217
3959375104.0,-0.16311800479888916
3960312576.0,-0.16979967057704926
3961250048.0,-0.1752641797065735
3962187520.0,-0.18062956631183624
3963124992.0,-0.18519258499145508
3964062464.0,-0.19027984142303467
3964999936.0,-0.19517333805561066
3965937408.0,-0.1990983933210373
3966874880.0,-0.09086325764656067
3967812608.0,-0.09795480221509933
3968750080.0,-0.10375018417835236
3969687552.0,-0.10810358822345734
3970625024.0,-0.1119871661067009
3971562496.0,-0.11531750112771988
3972499968.0,-0.11787769943475723
3973437440.0,-0.11996214836835861
3974374912.0,-0.12075366824865341
3975312384.0,-0.12106165289878845
3976250112.0,-0.11909623444080353
3977187584.0,-0.11744087934494019
3978125056.0,-0.11460781842470169
3979062528.0,-0.11013279110193253
3980000000.0,-0.10639305412769318
3980937472.0,-0.1006607785820961
3981874944.0,-0.09507665783166885
3982812416.0,-0.08944765478372574
3983749888.0,-0.08326635509729385
3984687616.0,-0.07748430222272873
3985625088.0,-0.07134875655174255
3986562560.0,-0.064733125269413
3987500032.0,-0.05974385887384415
3988437504.0,-0.05374789237976074
3989374976.0,-0.04840881749987602
3990312448.0,-0.04361769184470177
3991249920.0,-0.038707319647073746
3992187392.0,-0.03521718084812164
3993125120.0,-0.031067555770277977
3994062592.0,-0.028735755011439323
3995000064.0,-0.02617650479078293
3995937536.0,-0.02349673956632614
3996875008.0,-0.022486288100481033
3997812480.0,-0.022536030039191246
3998749952.0,-0.02316208742558956
3999687424.0,-0.022063665091991425
4000624896.0,-0.013342215679585934
4001562624.0,-0.017627311870455742
4002500096.0,-0.02171693928539753
4003437568.0,-0.02767804078757763
4004375040.0,-0.034424860030412674
4005312512.0,-0.04084533452987671
4006249984.0,-0.04870288819074631
4007187456.0,-0.05688932538032532
4008124928.0,-0.06557914614677429
4009062400.0,-0.0738086849451065
4009999872.0,-0.08305608481168747
4010937600.0,-0.0926763191819191
4011875072.0,-0.1022816002368927
4012812544.0,-0.1108795553445816
4013750016.0,-0.12099634855985641
4014687488.0,-0.1296548992395401
4015624960.0,-0.13804759085178375
4016562432.0,-0.14597831666469574
4017499904.0,-0.15460459887981415
4018437376.0,-0.16214121878147125
4019375104.0,-0.168470561504364
4020312576.0,-0.17490176856517792
4021250048.0,-0.18089604377746582
4022187520.0,-0.18681004643440247
4023124992.0,-0.1922585815191269
4024062464.0,-0.19643808901309967
4024999936.0,-0.20047423243522644
4025937408.0,-0.20381373167037964
4026874880.0,-0.19706808030605316
4027812608.0,-0.19929268956184387
4028750080.0,-0.20105454325675964
4029687552.0,-0.20371365547180176
4030625024.0,-0.20617103576660156
4031562496.0,-0.20764625072479248
4032499968.0,-0.20958463847637177
4033437440.0,-0.21175412833690643
4034374912.0,-0.21233168244361877
4035312384.0,-0.21375200152397156
4036250112.0,-0.21389243006706238
4037187584.0,-0.2145378589630127
4038125056.0,-0.2140026092529297
4039062528.0,-0.21419352293014526
4040000000.0,-0.21337682008743286
4040937472.0,-0.21135278046131134
4041874944.0,-0.21034301817417145
4042812416.0,-0.20697610080242157
4043749888.0,-0.2040608525276184
4044687616.0,-0.20085224509239197
4045625088.0,-0.19500836730003357
4046562560.0,-0.18953120708465576
4047500032.0,-0.18270514905452728
4048437504.0,-0.17503957450389862
4049374976.0,-0.16705229878425598
4050312448.0,-0.15751981735229492
4051249920.0,-0.14784106612205505
4052187392.0,-0.1357879787683487
4053125120.0,-0.12484674155712128
4054062592.0,-0.11287054419517517
4055000064.0,-0.10188345611095428
4055937536.0,-0.0913163498044014
4056875008.0,-0.07711724191904068
4057812480.0,-0.0659961998462677
4058749952.0,-0.05423827841877937
4059687424.0,-0.04281565919518471
4060624896.0,-0.030416637659072876
4061562624.0,-0.019752901047468185
4062500096.0,-0.008599286898970604
4063437568.0,0.0007527313427999616
4064375040.0,0.0085499482229352
4065312512.0,0.01757449470460415
4066249984.0,0.023994171991944313
4067187456.0,0.029554294422268867
4068124928.0,0.03292221575975418
4069062400.0,0.03703073412179947
4070000128.0,0.03860288858413696
4070937600.0,0.03888439014554024
4071875072.0,0.03811100870370865
4072812544.0,0.036918189376592636
4073750016.0,0.03458975628018379
4074687488.0,0.030027644708752632
4075624960.0,0.026274099946022034
4076562432.0,0.02034134976565838
4077499904.0,0.0142575828358531
4078437376.0,0.007241925690323114
4079375104.0,-0.0010347948409616947
4080312576.0,-0.010258490219712257
4081250048.0,-0.01968500018119812
4082187520.0,-0.031040705740451813
4083124992.0,-0.04188799485564232
4084062464.0,-0.05166416987776756
4084999936.0,-0.06179364398121834
4085937408.0,-0.07086072117090225
4086874880.0,-0.09563261270523071
4087812608.0,-0.10209836065769196
4088750080.0,-0.10722465068101883
4089687552.0,-0.11115892231464386
4090625024.0,-0.11378791928291321
4091562496.0,-0.11678585410118103
4092499968.0,-0.11923091113567352
4093437440.0,-0.12023119628429413
4094374912.0,-0.12252724170684814
4095312384.0,-0.12477204203605652
4096250112.0,-0.12632448971271515
4097187584.0,-0.12889839708805084
4098125056.0,-0.12942497432231903
4099062528.0,-0.1312723159790039
4100000000.0,-0.13304421305656433
4100937472.0,-0.13334690034389496
4101874944.0,-0.13488100469112396
4102812416.0,-0.13621389865875244
4103749888.0,-0.1389196515083313
4104687616.0,-0.14014093577861786
4105625088.0,-0.1409664750099182
4106562560.0,-0.14272238314151764
4107500032.0,-0.14459995925426483
4108437504.0,-0.14585721492767334
4109374976.0,-0.1468624323606491
4110312448.0,-0.14807695150375366
4111249920.0,-0.14906153082847595
4112187392.0,-0.14970645308494568
4113125120.0,-0.1502089500427246
4114062592.0,-0.15006743371486664
4115000064.0,-0.14954324066638947
4115937536.0,-0.14834457635879517
4116875008.0,-0.14679396152496338
4117812480.0,-0.14554156363010406
4118749952.0,-0.1432710587978363
4119687424.0,-0.14013640582561493
4120624896.0,-0.1366359293460846
4121562624.0,-0.13303525745868683
4122500096.0,-0.12984462082386017
4123437568.0,-0.1257791668176651
4124375040.0,-0.12191899865865707
4125312512.0,-0.1171330139040947
4126249984.0,-0.11374963074922562
4127187456.0,-0.10944152623414993
4128124928.0,-0.10566487163305283
4129062400.0,-0.1019875779747963
4129999872.0,-0.09721206873655319
4130937600.0,-0.09278814494609833
4131875072.0,-0.08854234963655472
4132812544.0,-0.08504302054643631
4133750016.0,-0.08100169897079468
4134687488.0,-0.07881046831607819
4135624960.0,-0.07622124254703522
4136562432.0,-0.07345075160264969
4137499904.0,-0.07128513604402542
4138437376.0,-0.06802249699831009
4139375104.0,-0.06601470708847046
4140312576.0,-0.06314288824796677
4141250048.0,-0.06235716491937637
4142187520.0,-0.06011602655053139
4143124992.0,-0.05764817073941231
4144062464.0,-0.0567425899207592
4144999936.0,-0.05561099201440811
4145937408.0,-0.053642287850379944
4146874880.0,-0.09059316664934158
4147812608.0,-0.09261105209589005
4148750080.0,-0.09392939507961273
4149687552.0,-0.09370960295200348
4150625024.0,-0.09385335445404053
4151562496.0,-0.09275765717029572
4152499968.0,-0.09123005717992783
4153437440.0,-0.08924225717782974
4154374912.0,-0.08621221780776978
4155312384.0,-0.08266133815050125
4156250112.0,-0.07854390144348145
4157187584.0,-0.07390425354242325
4158125056.0,-0.0680077001452446
4159062528.0,-0.06336836516857147
4160000000.0,-0.058516304939985275
4160937472.0,-0.05382586643099785
4161874944.0,-0.04922625795006752
4162812416.0,-0.04419507458806038
4163749888.0,-0.04054945707321167
4164687616.0,-0.03770994395017624
4165625088.0,-0.03529999777674675
4166562560.0,-0.03418818488717079
4167500032.0,-0.032407067716121674
4168437504.0,-0.031108610332012177
4169374976.0,-0.03071037121117115
4170312448.0,-0.029441868886351585
4171249920.0,-0.03150032460689545
4172187392.0,-0.03288058564066887
4173125120.0,-0.03440645709633827
4174062592.0,-0.03726765885949135
4175000064.0,-0.04044979438185692
4175937536.0,-0.04428711533546448
4176875008.0,-0.048551544547080994
4177812480.0,-0.05290700122714043
4178749952.0,-0.05706152692437172
4179687424.0,-0.06255562603473663
4180624896.0,-0.06797920912504196
4181562624.0,-0.07328398525714874
4182500096.0,-0.07763901352882385
4183437568.0,-0.08329261094331741
4184375040.0,-0.08763056993484497
4185312512.0,-0.09307115525007248
4186249984.0,-0.09661208093166351
4187187456.0,-0.10104215890169144
4188124928.0,-0.10586296766996384
4189062400.0,-0.10824883729219437
4190000128.0,-0.11161429435014725
4190937600.0,-0.1150759905576706
4191875072.0,-0.11864499747753143
4192812544.0,-0.12120650708675385
4193750016.0,-0.12469591200351715
4194687488.0,-0.12848615646362305
4195624960.0,-0.13193678855895996
4196562432.0,-0.13566698133945465
4197499904.0,-0.14010384678840637
4198437376.0,-0.14438532292842865
4199375104.0,-0.15007023513317108
4200312576.0,-0.1555512696504593
4201250048.0,-0.16096796095371246
4202187520.0,-0.16679605841636658
4203124992.0,-0.17218223214149475
4204062464.0,-0.17662231624126434
4204999936.0,-0.1815641075372696
4205937408.0,-0.1863616555929184
4206874880.0,-0.17737604677677155
4207812608.0,-0.1834484040737152
4208750080.0,-0.18818522989749908
4209687552.0,-0.19315707683563232
4210625024.0,-0.19797058403491974
4211562496.0,-0.20016686618328094
4212499968.0,-0.20286323130130768
4213437440.0,-0.2032964527606964
4214374912.0,-0.2038966566324234
4215312384.0,-0.2026861011981964
4216250112.0,-0.20034366846084595
4217187584.0,-0.19733120501041412
4218125056.0,-0.1928630918264389
4219062528.0,-0.1860056221485138
4220000000.0,-0.1783643215894699
4220937472.0,-0.16918814182281494
4221874944.0,-0.15797927975654602
4222812416.0,-0.14626745879650116
4223749888.0,-0.1346660703420639
4224687616.0,-0.12070845812559128
4225625088.0,-0.10727294534444809
4226562560.0,-0.09132260829210281
4227500032.0,-0.07529266923666
4228437504.0,-0.058890584856271744
4229374976.0,-0.042976438999176025
4230312448.0,-0.025911003351211548
4231249920.0,-0.008792211301624775
4232187392.0,0.007786158472299576
4233125120.0,0.025210514664649963
4234062592.0,0.04032592847943306
4235000064.0,0.05469132214784622
4235937536.0,0.06908466666936874
4236875008.0,0.08361455053091049
4237812480.0,0.09595692902803421
4238749952.0,0.10702645033597946
4239687424.0,0.1167750284075737
4240624896.0,0.12524762749671936
4241562624.0,0.13329923152923584
4242500096.0,0.13830813765525818
4243437568.0,0.14214758574962616
4244375040.0,0.14537321031093597
4245312512.0,0.14564475417137146
4246249984.0,0.14485152065753937
4247187456.0,0.14231272041797638
4248124928.0,0.13827307522296906
4249062400.0,0.1325025111436844
4249999872.0,0.12415744364261627
4250937600.0,0.11544252932071686
4251875072.0,0.10509082674980164
4252812544.0,0.09199995547533035
4253750016.0,0.07845993340015411
4254687488.0,0.06259044259786606
4255624960.0,0.044833794236183167
4256562432.0,0.026506900787353516
4257499904.0,0.006900982465595007
4258437376.0,-0.013851147145032883
4259375104.0,-0.035239167511463165
4260312576.0,-0.05678535997867584
4261250048.0,-0.07908667623996735
4262187520.0,-0.1024310365319252
4263124992.0,-0.12497324496507645
4264062464.0,-0.14745186269283295
4264999936.0,-0.168558269739151
4265937408.0,-0.18898320198059082
4266874880.0,-0.20083361864089966
4267812608.0,-0.2087690383195877
4268750080.0,-0.21716950833797455
4269687552.0,-0.22393757104873657
4270625024.0,-0.2307010442018509
4271562496.0,-0.23862914741039276
4272499968.0,-0.24433234333992004
4273437440.0,-0.24852250516414642
4274374912.0,-0.25094541907310486
4275312384.0,-0.25309813022613525
4276250112.0,-0.25335630774497986
4277187584.0,-0.25119322538375854
4278125056.0,-0.24641460180282593
4279062528.0,-0.24028073251247406
4280000000.0,-0.2321612387895584
4280937472.0,-0.22153522074222565
4281874944.0,-0.20763269066810608
4282812416.0,-0.19230426847934723
4283749888.0,-0.17555932700634003
4284687616.0,-0.15793855488300323
4285625088.0,-0.13858433067798615
4286562560.0,-0.11662108451128006
4287500032.0,-0.09503789991140366
4288437504.0,-0.07182231545448303
4289374976.0,-0.048250000923871994
4290312448.0,-0.024522989988327026
4291249920.0,-0.0003126121300738305
4292187392.0,0.023956792429089546
4293125120.0,0.04775559529662132
4294062592.0,0.06936413049697876
4295000064.0,0.08979441970586777
4295937536.0,0.10910674929618835
4296875008.0,0.12692829966545105
4297812480.0,0.14342021942138672
4298749952.0,0.1582755297422409
4299687424.0,0.16874554753303528
4300624896.0,0.1793350726366043
4301562368.0,0.18525822460651398
4302499840.0,0.18947246670722961
4303437312.0,0.19190359115600586
4304374784.0,0.1913338154554367
4305312256.0,0.18820933997631073
4306250240.0,0.18362024426460266
4307187712.0,0.17465955018997192
4308125184.0,0.16471759974956512
4309062656.0,0.15368305146694183
4310000128.0,0.13957011699676514
4310937600.0,0.12372079491615295
4311875072.0,0.10607734322547913
4312812544.0,0.0882938951253891
4313750016.0,0.06928017735481262
4314687488.0,0.05008847266435623
4315624960.0,0.03026588261127472
4316562432.0,0.009703005664050579
4317499904.0,-0.010521226562559605
4318437376.0,-0.030646542087197304
4319374848.0,-0.04893561452627182
4320312320.0,-0.0688638985157013
4321249792.0,-0.0862283706665039
4322187264.0,-0.10245511680841446
4323125248.0,-0.11854253709316254
4324062720.0,-0.13187873363494873
4325000192.0,-0.14522168040275574
4325937664.0,-0.15632963180541992
4326875136.0,-0.21697646379470825
4327812608.0,-0.21605980396270752
4328750080.0,-0.2144393026828766
4329687552.0,-0.21088752150535583
4330625024.0,-0.2058340311050415
4331562496.0,-0.1993945986032486
4332499968.0,-0.19288291037082672
4333437440.0,-0.18625107407569885
4334374912.0,-0.17616376280784607
4335312384.0,-0.16721419990062714
4336249856.0,-0.1570974588394165
4337187328.0,-0.14849689602851868
4338124800.0,-0.13914094865322113
4339062272.0,-0.13016745448112488
4339999744.0,-0.12260042876005173
4340937728.0,-0.11530573666095734
4341875200.0,-0.10829930007457733
4342812672.0,-0.10297747701406479
4343750144.0,-0.09712846577167511
4344687616.0,-0.09200605005025864
4345625088.0,-0.08832753449678421
4346562560.0,-0.08598632365465164
4347500032.0,-0.082903653383255
4348437504.0,-0.0822039395570755
4349374976.0,-0.08099228143692017
4350312448.0,-0.0806901752948761
4351249920.0,-0.08068875223398209
4352187392.0,-0.08125879615545273
4353124864.0,-0.08204255998134613
4354062336.0,-0.08326932787895203
4354999808.0,-0.08441199362277985
4355937280.0,-0.0860089585185051
4356874752.0,-0.08842965960502625
4357812736.0,-0.09102567285299301
4358750208.0,-0.09447240084409714
4359687680.0,-0.09785038232803345
4360625152.0,-0.10201447457075119
4361562624.0,-0.10483043640851974
4362500096.0,-0.10829874128103256
4363437568.0,-0.11183758825063705
4364375040.0,-0.11629164218902588
4365312512.0,-0.11933332681655884
4366249984.0,-0.12389172613620758
4367187456.0,-0.1276114284992218
4368124928.0,-0.13134852051734924
4369062400.0,-0.1361231952905655
4369999872.0,-0.14014190435409546
4370937344.0,-0.1449742317199707
4371874816.0,-0.1497288942337036
4372812288.0,-0.15355758368968964
4373749760.0,-0.15764515101909637
4374687744.0,-0.16227370500564575
4375625216.0,-0.16709890961647034
4376562688.0,-0.17268651723861694
4377500160.0,-0.17901156842708588
4378437632.0,-0.1850035935640335
4379375104.0,-0.19106502830982208
4380312576.0,-0.19924801588058472
4381250048.0,-0.20658056437969208
4382187520.0,-0.21588794887065887
4383124992.0,-0.2244439274072647
4384062464.0,-0.23560874164104462
4384999936.0,-0.24603432416915894
4385937408.0,-0.2563991844654083
4386874880.0,-0.32913267612457275
4387812352.0,-0.3373565375804901
4388749824.0,-0.34455785155296326
4389687296.0,-0.3502582907676697
4390624768.0,-0.3542419970035553
4391562752.0,-0.3548445701599121
4392500224.0,-0.3553540110588074
4393437696.0,-0.35266825556755066
4394375168.0,-0.349000483751297
4395312640.0,-0.34275826811790466
4396250112.0,-0.3358615040779114
4397187584.0,-0.32656025886535645
4398125056.0,-0.3165750205516815
4399062528.0,-0.30469685792922974
4400000000.0,-0.29145053029060364
4400937472.0,-0.27798038721084595
4401874944.0,-0.2620428800582886
4402812416.0,-0.24675941467285156
4403749888.0,-0.22849701344966888
4404687360.0,-0.21044109761714935
4405624832.0,-0.19270116090774536
4406562304.0,-0.17412777245044708
4407499776.0,-0.15607519447803497
4408437248.0,-0.13857567310333252
4409375232.0,-0.12122085690498352
4410312704.0,-0.1052355244755745
4411250176.0,-0.0903606116771698
4412187648.0,-0.07635791599750519
4413125120.0,-0.0648636519908905
4414062592.0,-0.054653409868478775
4415000064.0,-0.04734537750482559
4415937536.0,-0.041690826416015625
4416875008.0,-0.03846752271056175
4417812480.0,-0.03784145414829254
4418749952.0,-0.0386657789349556
4419687424.0,-0.04301696643233299
4420624896.0,-0.04916570708155632
4421562368.0,-0.057665809988975525
4422499840.0,-0.06814040243625641
4423437312.0,-0.07998331636190414
4424374784.0,-0.0943058431148529
4425312256.0,-0.11003877222537994
4426250240.0,-0.12818822264671326
4427187712.0,-0.14659695327281952
4428125184.0,-0.16829483211040497
4429062656.0,-0.1909940540790558
4430000128.0,-0.21325595676898956
4430937600.0,-0.2381562441587448
4431875072.0,-0.26199373602867126
4432812544.0,-0.2874627709388733
4433750016.0,-0.31242382526397705
4434687488.0,-0.33628448843955994
4435624960.0,-0.3600023090839386
4436562432.0,-0.3839675486087799
4437499904.0,-0.40708234906196594
4438437376.0,-0.42814749479293823
4439374848.0,-0.44920146465301514
4440312320.0,-0.4681026041507721
4441249792.0,-0.4854130446910858
4442187264.0,-0.5008045434951782
4443125248.0,-0.5139610171318054
4444062720.0,-0.5258788466453552
4445000192.0,-0.5342273116111755
4445937664.0,-0.542651891708374
4446875136.0,-0.5521036982536316
4447812608.0,-0.5588734745979309
4448750080.0,-0.5639503598213196
4449687552.0,-0.567148745059967
4450625024.0,-0.5696257948875427
4451562496.0,-0.5676179528236389
4452499968.0,-0.5653350353240967
4453437440.0,-0.5608558058738708
4454374912.0,-0.5534825325012207
4455312384.0,-0.5444122552871704
4456249856.0,-0.5342947840690613
4457187328.0,-0.5208795070648193
4458124800.0,-0.5078471899032593
4459062272.0,-0.49210336804389954
4460000256.0,-0.47499027848243713
4460937728.0,-0.45906201004981995
4461875200.0,-0.4425106942653656
4462812672.0,-0.42486295104026794
4463750144.0,-0.4081305265426636
4464687616.0,-0.39116981625556946
4465625088.0,-0.3747193515300751
4466562560.0,-0.35849735140800476
4467500032.0,-0.34427571296691895
4468437504.0,-0.33013439178466797
4469374976.0,-0.31747138500213623
4470312448.0,-0.3061656057834625
4471249920.0,-0.2961517572402954
4472187392.0,-0.2880391776561737
4473124864.0,-0.28098800778388977
4474062336.0,-0.2757458984851837
4474999808.0,-0.27293503284454346
4475937280.0,-0.2715989649295807
4476874752.0,-0.27062246203422546
4477812736.0,-0.27326884865760803
4478750208.0,-0.27742403745651245
4479687680.0,-0.2839827239513397
4480625152.0,-0.29118964076042175
4481562624.0,-0.30202358961105347
4482500096.0,-0.3136903643608093
4483437568.0,-0.3296971023082733
4484375040.0,-0.34740421175956726
4485312512.0,-0.3673446476459503
4486249984.0,-0.3903616666793823
4487187456.0,-0.415354460477829
4488124928.0,-0.4436183571815491
4489062400.0,-0.47133827209472656
4489999872.0,-0.5007694363594055
4490937344.0,-0.5305587649345398
4491874816.0,-0.5621666312217712
4492812288.0,-0.5924594402313232
4493749760.0,-0.6249473690986633
4494687744.0,-0.6586666703224182
4495625216.0,-0.6919838786125183
4496562688.0,-0.7254917621612549
4497500160.0,-0.757698118686676
4498437632.0,-0.7892090082168579
4499375104.0,-0.8218070268630981
4500312576.0,-0.8492181301116943
4501250048.0,-0.8767957091331482
4502187520.0,-0.9022171497344971
4503124992.0,-0.9260291457176208
4504062464.0,-0.9491103887557983
4504999936.0,-0.9678112268447876
4505937408.0,-0.9871727228164673
4506874880.0,-0.9531697034835815
4507812352.0,-0.9678907990455627
4508749824.0,-0.9806910157203674
4509687296.0,-0.9896590709686279
4510624768.0,-0.9966048002243042
4511562752.0,-1.0002418756484985
4512500224.0,-1.0005569458007812
4513437696.0,-0.9974561333656311
4514375168.0,-0.9925670027732849
4515312640.0,-0.9859526753425598
4516250112.0,-0.9761430025100708
4517187584.0,-0.9652036428451538
4518125056.0,-0.9535714387893677
4519062528.0,-0.9409051537513733
4520000000.0,-0.9258695244789124
4520937472.0,-0.9117730855941772
4521874944.0,-0.8964609503746033
4522812416.0,-0.8807588815689087
4523749888.0,-0.8649905323982239
4524687360.0,-0.8494346141815186
4525624832.0,-0.8360524773597717
4526562304.0,-0.8235942125320435
4527499776.0,-0.812737226486206
4528437248.0,-0.8030486106872559
4529375232.0,-0.795478105545044
4530312704.0,-0.7898042798042297
4531250176.0,-0.7859259247779846
4532187648.0,-0.7845170497894287
4533125120.0,-0.7865777015686035
4534062592.0,-0.7917877435684204
4535000064.0,-0.8000025153160095
4535937536.0,-0.8107526302337646
4536875008.0,-0.8259376883506775
4537812480.0,-0.8452387452125549
4538749952.0,-0.8695701956748962
4539687424.0,-0.898766279220581
4540624896.0,-0.9311767816543579
4541562368.0,-0.9677799344062805
4542499840.0,-1.00687837600708
4543437312.0,-1.0483155250549316
4544374784.0,-1.0918513536453247
4545312256.0,-1.1377191543579102
4546250240.0,-1.1866638660430908
4547187712.0,-1.2398898601531982
4548125184.0,-1.2942026853561401
4549062656.0,-1.3518625497817993
4550000128.0,-1.4140785932540894
4550937600.0,-1.4773319959640503
4551875072.0,-1.5438449382781982
4552812544.0,-1.612229824066162
4553750016.0,-1.683632493019104
4554687488.0,-1.755892276763916
4555624960.0,-1.827663540840149
4556562432.0,-1.8998907804489136
4557499904.0,-1.971084475517273
4558437376.0,-2.0400431156158447
4559374848.0,-2.1083920001983643
4560312320.0,-2.1768834590911865
4561249792.0,-2.2426626682281494
4562187264.0,-2.3086836338043213
4563125248.0,-2.372896194458008
4564062720.0,-2.4359617233276367
4565000192.0,-2.496525287628174
4565937664.0,-2.555896043777466
4566875136.0,-2.435131549835205
4567812608.0,-2.467637062072754
4568750080.0,-2.500406503677368
4569687552.0,-2.5334014892578125
4570625024.0,-2.5639185905456543
4571562496.0,-2.595532178878784
4572499968.0,-2.625704050064087
4573437440.0,-2.653487205505371
4574374912.0,-2.6801137924194336
4575312384.0,-2.7086710929870605
4576249856.0,-2.736896276473999
4577187328.0,-2.7675116062164307
4578124800.0,-2.800943374633789
4579062272.0,-2.8346195220947266
4579999744.0,-2.871405839920044
4580937728.0,-2.90761661529541
4581875200.0,-2.945425510406494
4582812672.0,-2.9795994758605957
4583750144.0,-3.0136878490448
4584687616.0,-3.048947334289551
4585625088.0,-3.0845181941986084
4586562560.0,-3.1233675479888916
4587500032.0,-3.1607859134674072
4588437504.0,-3.20119571685791
4589374976.0,-3.2421419620513916
4590312448.0,-3.2847321033477783
4591249920.0,-3.3272993564605713
4592187392.0,-3.370553493499756
4593124864.0,-3.4145290851593018
4594062336.0,-3.4586713314056396
4594999808.0,-3.504112958908081
4595937280.0,-3.551375150680542
4596874752.0,-3.599435567855835
4597812736.0,-3.646615505218506
4598750208.0,-3.6936376094818115
4599687680.0,-3.743973970413208
4600625152.0,-3.796382427215576
4601562624.0,-3.8490891456604004
4602500096.0,-3.897920608520508
4603437568.0,-3.943237543106079
4604375040.0,-3.985747814178467
4605312512.0,-4.025585651397705
4606249984.0,-4.062231063842773
4607187456.0,-4.098514556884766
4608124928.0,-4.135864734649658
4609062400.0,-4.176179885864258
4609999872.0,-4.21524715423584
4610937344.0,-4.252747058868408
4611874816.0,-4.284990310668945
4612812288.0,-4.314663887023926
4613749760.0,-4.33833646774292
4614687744.0,-4.362932205200195
4615625216.0,-4.384548187255859
4616562688.0,-4.404153823852539
4617500160.0,-4.419496536254883
4618437632.0,-4.430303573608398
4619375104.0,-4.437292098999023
4620312576.0,-4.441516876220703
4621250048.0,-4.443630218505859
4622187520.0,-4.446513652801514
4623124992.0,-4.444573879241943
4624062464.0,-4.439573764801025
4624999936.0,-4.4301438331604
4625937408.0,-4.417543888092041
4626874880.0,-4.5869221687316895
4627812352.0,-4.548951625823975
4628749824.0,-4.505464553833008
4629687296.0,-4.453095436096191
4630624768.0,-4.391810417175293
4631562752.0,-4.322559833526611
4632500224.0,-4.244609355926514
4633437696.0,-4.160362243652344
4634375168.0,-4.072513103485107
4635312640.0,-3.9823553562164307
4636250112.0,-3.8879170417785645
4637187584.0,-3.7914514541625977
4638125056.0,-3.691667079925537
4639062528.0,-3.5897672176361084
4640000000.0,-3.4836924076080322
4640937472.0,-3.375562906265259
4641874944.0,-3.2650082111358643
4642812416.0,-3.1531147956848145
4643749888.0,-3.0405750274658203
4644687360.0,-2.9302430152893066
4645624832.0,-2.821505308151245
4646562304.0,-2.711472988128662
4647499776.0,-2.6042380332946777
4648437248.0,-2.499718189239502
4649375232.0,-2.3979063034057617
4650312704.0,-2.301328182220459
4651250176.0,-2.208305835723877
4652187648.0,-2.118131160736084
4653125120.0,-2.0337600708007812
4654062592.0,-1.9514352083206177
4655000064.0,-1.8750287294387817
4655937536.0,-1.8026949167251587
4656875008.0,-1.735551357269287
4657812480.0,-1.674428939819336
4658749952.0,-1.6186213493347168
4659687424.0,-1.5678553581237793
4660624896.0,-1.5229600667953491
4661562368.0,-1.4851011037826538
4662499840.0,-1.4505091905593872
4663437312.0,-1.4235318899154663
4664374784.0,-1.398425817489624
4665312256.0,-1.3768337965011597
4666250240.0,-1.3582841157913208
4667187712.0,-1.340700626373291
4668125184.0,-1.3258389234542847
4669062656.0,-1.3138850927352905
4670000128.0,-1.3031094074249268
4670937600.0,-1.2936314344406128
4671875072.0,-1.2853134870529175
4672812544.0,-1.2785909175872803
4673750016.0,-1.2722300291061401
4674687488.0,-1.2649868726730347
4675624960.0,-1.2585842609405518
4676562432.0,-1.2505614757537842
4677499904.0,-1.2418442964553833
4678437376.0,-1.232106328010559
4679374848.0,-1.2206982374191284
4680312320.0,-1.2067426443099976
4681249792.0,-1.1913857460021973
4682187264.0,-1.1754634380340576
4683125248.0,-1.1577554941177368
4684062720.0,-1.1363494396209717
4685000192.0,-1.1164300441741943
4685937664.0,-1.0946189165115356
4686875136.0,-1.0955265760421753
4687812608.0,-1.070819616317749
4688750080.0,-1.0437719821929932
4689687552.0,-1.0160174369812012
4690625024.0,-0.9866173267364502
4691562496.0,-0.9572572708129883
4692499968.0,-0.9280450344085693
4693437440.0,-0.8967962861061096
4694374912.0,-0.8652730584144592
4695312384.0,-0.8326550126075745
4696249856.0,-0.7984312772750854
4697187328.0,-0.7651808857917786
4698124800.0,-0.7302126884460449
4699062272.0,-0.6966031193733215
4700000256.0,-0.6623778343200684
4700937728.0,-0.6285438537597656
4701875200.0,-0.5962976217269897
4702812672.0,-0.5643624663352966
4703750144.0,-0.5334007740020752
4704687616.0,-0.5041405558586121
4705625088.0,-0.4753243625164032
4706562560.0,-0.4484996199607849
4707500032.0,-0.42353391647338867
4708437504.0,-0.39991819858551025
4709374976.0,-0.37743470072746277
4710312448.0,-0.3569241166114807
4711249920.0,-0.3382565379142761
4712187392.0,-0.32057374715805054
4713124864.0,-0.3062173128128052
4714062336.0,-0.2926909923553467
4714999808.0,-0.2814386487007141
4715937280.0,-0.27096882462501526
4716874752.0,-0.26371973752975464
4717812736.0,-0.25847092270851135
4718750208.0,-0.25443434715270996
4719687680.0,-0.2522425055503845
4720625152.0,-0.2528516352176666
4721562624.0,-0.2562478482723236
4722500096.0,-0.2601667046546936
4723437568.0,-0.26634398102760315
4724375040.0,-0.2740107774734497
4725312512.0,-0.28313639760017395
4726249984.0,-0.2930751144886017
4727187456.0,-0.30641818046569824
4728124928.0,-0.32085004448890686
4729062400.0,-0.33575624227523804
4729999872.0,-0.35178640484809875
4730937344.0,-0.36848369240760803
4731874816.0,-0.38674935698509216
4732812288.0,-0.40381431579589844
4733749760.0,-0.42215999960899353
4734687744.0,-0.4393486976623535
4735625216.0,-0.45769262313842773
4736562688.0,-0.4758339524269104
4737500160.0,-0.493625670671463
4738437632.0,-0.5111613869667053
4739375104.0,-0.528765857219696
4740312576.0,-0.5444269180297852
4741250048.0,-0.5588250160217285
4742187520.0,-0.5733864307403564
4743124992.0,-0.5857236981391907
4744062464.0,-0.5975286960601807
4744999936.0,-0.6085894703865051
4745937408.0,-0.6181540489196777
4746874880.0,-0.433855801820755
4747812352.0,-0.4335283041000366
4748749824.0,-0.43284857273101807
4749687296.0,-0.4307880699634552
4750624768.0,-0.4291553497314453
4751562752.0,-0.42580491304397583
4752500224.0,-0.422778844833374
4753437696.0,-0.42116281390190125
4754375168.0,-0.4164104759693146
4755312640.0,-0.41342633962631226
4756250112.0,-0.4086313247680664
4757187584.0,-0.4038328230381012
4758125056.0,-0.3984765410423279
4759062528.0,-0.39170610904693604
4760000000.0,-0.3853577971458435
4760937472.0,-0.378227561712265
4761874944.0,-0.3704932928085327
4762812416.0,-0.3620043098926544
4763749888.0,-0.35279059410095215
4764687360.0,-0.3424301743507385
4765624832.0,-0.3332372307777405
4766562304.0,-0.3212277293205261
4767499776.0,-0.3105144500732422
4768437248.0,-0.29860496520996094
4769375232.0,-0.28545647859573364
4770312704.0,-0.2727814018726349
4771250176.0,-0.2594468891620636
4772187648.0,-0.24448086321353912
4773125120.0,-0.22881659865379333
4774062592.0,-0.21248002350330353
4775000064.0,-0.1948159635066986
4775937536.0,-0.17734597623348236
4776875008.0,-0.15860913693904877
4777812480.0,-0.138985738158226
4778749952.0,-0.1189952939748764
4779687424.0,-0.09786707907915115
4780624896.0,-0.07743752002716064
4781562368.0,-0.056808363646268845
4782499840.0,-0.03475720062851906
4783437312.0,-0.014002912677824497
4784374784.0,0.006258754059672356
4785312256.0,0.027563896030187607
4786250240.0,0.04751211404800415
4787187712.0,0.06655120849609375
4788125184.0,0.08487042039632797
4789062656.0,0.1033858209848404
4790000128.0,0.11936602741479874
4790937600.0,0.13387121260166168
4791875072.0,0.14713755249977112
4792812544.0,0.15830381214618683
4793750016.0,0.16778238117694855
4794687488.0,0.17417754232883453
4795624960.0,0.18061500787734985
4796562432.0,0.1811618059873581
4797499904.0,0.1813298612833023
4798437376.0,0.1781304031610489
4799374848.0,0.1717795729637146
4800312320.0,0.1640714555978775
4801249792.0,0.1531943827867508
4802187264.0,0.14045867323875427
4803125248.0,0.1241915374994278
4804062720.0,0.10540950298309326
4805000192.0,0.08610865473747253
4805937664.0,0.06285016983747482
4806875136.0,-0.2186269611120224
4807812608.0,-0.22405558824539185
4808750080.0,-0.22983790934085846
4809687552.0,-0.23572014272212982
4810625024.0,-0.2417224794626236
4811562496.0,-0.24681492149829865
4812499968.0,-0.2522883415222168
4813437440.0,-0.2566441595554352
4814374912.0,-0.2607972323894501
4815312384.0,-0.26406601071357727
4816249856.0,-0.2680910527706146
4817187328.0,-0.26963528990745544
4818124800.0,-0.27103719115257263
4819062272.0,-0.2715423107147217
4819999744.0,-0.2711033225059509
4820937728.0,-0.2701909840106964
4821875200.0,-0.26604998111724854
4822812672.0,-0.2633957862854004
4823750144.0,-0.26028764247894287
4824687616.0,-0.2543993592262268
4825625088.0,-0.24781383574008942
4826562560.0,-0.2418339103460312
4827500032.0,-0.23303766548633575
4828437504.0,-0.22461143136024475
4829374976.0,-0.21518801152706146
4830312448.0,-0.20515282452106476
4831249920.0,-0.1949271559715271
4832187392.0,-0.1841118037700653
4833124864.0,-0.17452780902385712
4834062336.0,-0.16309861838817596
4834999808.0,-0.15265312790870667
4835937280.0,-0.1418304741382599
4836874752.0,-0.13196128606796265
4837812736.0,-0.12286791205406189
4838750208.0,-0.11321789771318436
4839687680.0,-0.10592662543058395
4840625152.0,-0.09875796735286713
4841562624.0,-0.09271273761987686
4842500096.0,-0.08912841230630875
4843437568.0,-0.08578534424304962
4844375040.0,-0.08510646969079971
4845312512.0,-0.08459179848432541
4846249984.0,-0.08721509575843811
4847187456.0,-0.08939601480960846
4848124928.0,-0.09541811794042587
4849062400.0,-0.10060428828001022
4849999872.0,-0.10857230424880981
4850937344.0,-0.11756908893585205
4851874816.0,-0.12661774456501007
4852812288.0,-0.13912208378314972
4853749760.0,-0.15062597393989563
4854687744.0,-0.16350464522838593
4855625216.0,-0.17782250046730042
4856562688.0,-0.19211579859256744
4857500160.0,-0.20556047558784485
4858437632.0,-0.220438614487648
4859375104.0,-0.23512957990169525
4860312576.0,-0.24857406318187714
4861250048.0,-0.2612968683242798
4862187520.0,-0.27409204840660095
4863124992.0,-0.28583288192749023
4864062464.0,-0.2958475649356842
4864999936.0,-0.3057689368724823
4865937408.0,-0.3127453029155731
4866874880.0,-0.29766637086868286
4867812352.0,-0.30547353625297546
4868749824.0,-0.31073346734046936
4869687296.0,-0.31658148765563965
4870624768.0,-0.3189586102962494
4871562752.0,-0.32339537143707275
4872500224.0,-0.3259184956550598
4873437696.0,-0.3276878297328949
4874375168.0,-0.32752323150634766
4875312640.0,-0.3261798620223999
4876250112.0,-0.3248678147792816
4877187584.0,-0.3226606249809265
4878125056.0,-0.3179725706577301
4879062528.0,-0.31414172053337097
4880000000.0,-0.30813339352607727
4880937472.0,-0.3014192581176758
4881874944.0,-0.29326048493385315
4882812416.0,-0.2848292589187622
4883749888.0,-0.2746238708496094
4884687360.0,-0.26571860909461975
4885624832.0,-0.2542506456375122
4886562304.0,-0.2427239865064621
4887499776.0,-0.23105433583259583
4888437248.0,-0.21824122965335846
4889375232.0,-0.205003023147583
4890312704.0,-0.19170789420604706
4891250176.0,-0.17804662883281708
4892187648.0,-0.16449002921581268
4893125120.0,-0.15118645131587982
4894062592.0,-0.1373073011636734
4895000064.0,-0.12302905321121216
4895937536.0,-0.10967551916837692
4896875008.0,-0.09546050429344177
4897812480.0,-0.08243150264024734
4898749952.0,-0.06975141167640686
4899687424.0,-0.05664446949958801
4900624896.0,-0.045736804604530334
4901562368.0,-0.034250494092702866
4902499840.0,-0.025279821828007698
4903437312.0,-0.016157332807779312
4904374784.0,-0.00849378202110529
4905312256.0,-0.0026126743759959936
4906250240.0,0.003131168195977807
4907187712.0,0.0070077539421617985
4908125184.0,0.009028976783156395
4909062656.0,0.01041445042937994
4910000128.0,0.010657789185643196
4910937600.0,0.009562592953443527
4911875072.0,0.007252538576722145
4912812544.0,0.004118624608963728
4913750016.0,-0.000977829797193408
4914687488.0,-0.00766551960259676
4915624960.0,-0.014701064676046371
4916562432.0,-0.021983223035931587
4917499904.0,-0.031390078365802765
4918437376.0,-0.04131915420293808
4919374848.0,-0.0513179711997509
4920312320.0,-0.06230461224913597
4921249792.0,-0.07448907941579819
4922187264.0,-0.08687137067317963
4923125248.0,-0.09978217631578445
4924062720.0,-0.11140330135822296
4925000192.0,-0.12389769405126572
4925937664.0,-0.18574048578739166
4926875136.0,-0.18702441453933716
4927812608.0,-0.18733136355876923
4928750080.0,-0.1881665736436844
4929687552.0,-0.1888001263141632
4930625024.0,-0.18938004970550537
4931562496.0,-0.18917329609394073
4932499968.0,-0.1896233856678009
4933437440.0,-0.18824508786201477
4934374912.0,-0.1868894100189209
4935312384.0,-0.18535348773002625
4936249856.0,-0.18198546767234802
4937187328.0,-0.17901618778705597
4938124800.0,-0.17536690831184387
4939062272.0,-0.17074145376682281
4940000256.0,-0.1654256284236908
4940937728.0,-0.16046157479286194
4941875200.0,-0.15294668078422546
4942812672.0,-0.14631323516368866
4943750144.0,-0.13897351920604706
4944687616.0,-0.1301407516002655
4945625088.0,-0.12171833217144012
4946562560.0,-0.11200886964797974
4947500032.0,-0.10192825645208359
4948437504.0,-0.09219739586114883
4949374976.0,-0.08105450123548508
4950312448.0,-0.06960180401802063
4951249920.0,-0.05983400344848633
4952187392.0,-0.04814077913761139
4953124864.0,-0.03903285786509514
4954062336.0,-0.027842843905091286
4954999808.0,-0.017540529370307922
4955937280.0,-0.007465573959052563
4956874752.0,0.0014916997170075774
4957812736.0,0.01014188677072525
4958750208.0,0.0182350967079401
4959687680.0,0.025846462696790695
4960625152.0,0.032277192920446396
4961562624.0,0.03788408264517784
4962500096.0,0.0427473820745945
4963437568.0,0.04580797627568245
4964375040.0,0.04840681701898575
4965312512.0,0.05046860873699188
4966249984.0,0.04990159720182419
4967187456.0,0.04912068694829941
4968124928.0,0.04660205915570259
4969062400.0,0.04274493083357811
4969999872.0,0.03804735094308853
4970937344.0,0.031416695564985275
4971874816.0,0.024331826716661453
4972812288.0,0.01703820563852787
4973749760.0,0.00843632873147726
4974687744.0,-0.0012460791040211916
4975625216.0,-0.010238018818199635
4976562688.0,-0.01957794837653637
4977500160.0,-0.029903650283813477
4978437632.0,-0.040145304054021835
4979375104.0,-0.05145326256752014
4980312576.0,-0.06118468940258026
4981250048.0,-0.07145459204912186
4982187520.0,-0.08200152218341827
4983124992.0,-0.09112948924303055
4984062464.0,-0.0994323343038559
4984999936.0,-0.10812617093324661
4985937408.0,-0.151497483253479
4986874880.0,-0.16239480674266815
4987812352.0,-0.17137819528579712
4988749824.0,-0.17896810173988342
4989687296.0,-0.1860184371471405
4990624768.0,-0.19309918582439423
4991562752.0,-0.19706116616725922
4992500224.0,-0.20072557032108307
4993437696.0,-0.20181892812252045
4994375168.0,-0.20158232748508453
4995312640.0,-0.20122027397155762
4996250112.0,-0.20011700689792633
4997187584.0,-0.19641290605068207
4998125056.0,-0.19186139106750488
4999062528.0,-0.18732857704162598
5000000000.0,-0.18070200085639954
5000937472.0,-0.17302264273166656
5001874944.0,-0.16409318149089813
5002812416.0,-0.15504935383796692
5003749888.0,-0.14430135488510132
5004687360.0,-0.13377182185649872
5005624832.0,-0.12259229272603989
5006562304.0,-0.11146127432584763
5007499776.0,-0.0991595908999443
5008437248.0,-0.08768059313297272
5009375232.0,-0.0758134126663208
5010312704.0,-0.06343641132116318
5011250176.0,-0.050900477916002274
5012187648.0,-0.0394601933658123
5013125120.0,-0.027123665437102318
5014062592.0,-0.01612097956240177
5015000064.0,-0.005613612476736307
5015937536.0,0.003794183488935232
5016875008.0,0.012998143211007118
5017812480.0,0.02208665758371353
5018749952.0,0.02889653854072094
5019687424.0,0.03574089705944061
5020624896.0,0.04046892747282982
5021562368.0,0.045514002442359924
5022499840.0,0.04816388338804245
5023437312.0,0.05066133663058281
5024374784.0,0.05227261036634445
5025312256.0,0.05214381963014603
5026250240.0,0.051811691373586655
5027187712.0,0.05014155060052872
5028125184.0,0.04715755954384804
5029062656.0,0.04301787540316582
5030000128.0,0.041064780205488205
5030937600.0,0.03566492348909378
5031875072.0,0.030391186475753784
5032812544.0,0.023233693093061447
5033750016.0,0.017537733539938927
5034687488.0,0.010793599300086498
5035624960.0,0.003132493933662772
5036562432.0,-0.005585168022662401
5037499904.0,-0.013757600449025631
5038437376.0,-0.02144046314060688
5039374848.0,-0.03002796322107315
5040312320.0,-0.03896869346499443
5041249792.0,-0.04818268492817879
5042187264.0,-0.0572676956653595
5043125248.0,-0.06587652117013931
5044062720.0,-0.07520709186792374
5045000192.0,-0.08238902688026428
5045937664.0,-0.10004627704620361
5046875136.0,-0.10924579948186874
5047812608.0,-0.11730577796697617
5048750080.0,-0.1256004124879837
5049687552.0,-0.13295617699623108
5050625024.0,-0.1397227793931961
5051562496.0,-0.1461522877216339
5052499968.0,-0.15140023827552795
5053437440.0,-0.15635275840759277
5054374912.0,-0.16087664663791656
5055312384.0,-0.1656246781349182
5056249856.0,-0.1682669073343277
5057187328.0,-0.17251046001911163
5058124800.0,-0.17312194406986237
5059062272.0,-0.17492695152759552
5059999744.0,-0.17567020654678345
5060937728.0,-0.17509731650352478
5061875200.0,-0.17498070001602173
5062812672.0,-0.17340241372585297
5063750144.0,-0.17152759432792664
5064687616.0,-0.16791749000549316
5065625088.0,-0.16413477063179016
5066562560.0,-0.15900537371635437
5067500032.0,-0.15393635630607605
5068437504.0,-0.1473725438117981
5069374976.0,-0.14090044796466827
5070312448.0,-0.1349758505821228
5071249920.0,-0.1277085542678833
5072187392.0,-0.12117400765419006
5073124864.0,-0.11442865431308746
5074062336.0,-0.1076429933309555
5074999808.0,-0.0999770537018776
5075937280.0,-0.09313292801380157
5076874752.0,-0.0858432948589325
5077812736.0,-0.0790819525718689
5078750208.0,-0.0718381479382515
5079687680.0,-0.06550943851470947
5080625152.0,-0.06100864335894585
5081562624.0,-0.05518188700079918
5082500096.0,-0.04997885599732399
5083437568.0,-0.04522070661187172
5084375040.0,-0.042108580470085144
5085312512.0,-0.038133930414915085
5086249984.0,-0.03519982472062111
5087187456.0,-0.032297778874635696
5088124928.0,-0.030857788398861885
5089062400.0,-0.029048042371869087
5089999872.0,-0.028217889368534088
5090937344.0,-0.027803488075733185
5091874816.0,-0.026971485465765
5092812288.0,-0.027972105890512466
5093749760.0,-0.02803564816713333
5094687744.0,-0.028893310576677322
5095625216.0,-0.029436586424708366
5096562688.0,-0.03204042464494705
5097500160.0,-0.03436627984046936
5098437632.0,-0.03677763417363167
5099375104.0,-0.04025590792298317
5100312576.0,-0.04324209690093994
5101250048.0,-0.046810753643512726
5102187520.0,-0.05095542222261429
5103124992.0,-0.05487494543194771
5104062464.0,-0.058445315808057785
5104999936.0,-0.06371795386075974
5105937408.0,-0.13615190982818604
5106874880.0,-0.14172720909118652
5107812352.0,-0.14557377994060516
5108749824.0,-0.14896678924560547
5109687296.0,-0.1517302244901657
5110624768.0,-0.1546979397535324
5111562752.0,-0.15643899142742157
5112500224.0,-0.15705940127372742
5113437696.0,-0.15728135406970978
5114375168.0,-0.15656860172748566
5115312640.0,-0.1550581008195877
5116250112.0,-0.15295527875423431
5117187584.0,-0.15099824965000153
5118125056.0,-0.14792616665363312
5119062528.0,-0.14450864493846893
5120000000.0,-0.1397847682237625
5120937472.0,-0.1357199102640152
5121874944.0,-0.13152043521404266
5122812416.0,-0.1266697496175766
5123749888.0,-0.12174148857593536
5124687360.0,-0.11652440577745438
5125624832.0,-0.11082209646701813
5126562304.0,-0.10533292591571808
5127499776.0,-0.10059798508882523
5128437248.0,-0.09557928144931793
5129375232.0,-0.09049741923809052
5130312704.0,-0.0858183279633522
5131250176.0,-0.08101710677146912
5132187648.0,-0.07489296793937683
5133125120.0,-0.07104635238647461
5134062592.0,-0.06713543087244034
5135000064.0,-0.06464725732803345
5135937536.0,-0.0615699477493763
5136875008.0,-0.05911709740757942
5137812480.0,-0.057237137109041214
5138749952.0,-0.05579892545938492
5139687424.0,-0.05585290491580963
5140624896.0,-0.05510061979293823
5141562368.0,-0.05624854564666748
5142499840.0,-0.05611969530582428
5143437312.0,-0.057015713304281235
5144374784.0,-0.05960851162672043
5145312256.0,-0.0624663308262825
5146250240.0,-0.06493692100048065
5147187712.0,-0.06792718917131424
5148125184.0,-0.07226289808750153
5149062656.0,-0.07696042954921722
5150000128.0,-0.08170388638973236
5150937600.0,-0.08841247856616974
5151875072.0,-0.09341244399547577
5152812544.0,-0.09796717762947083
5153750016.0,-0.10447290539741516
5154687488.0,-0.11013365536928177
5155624960.0,-0.1173093393445015
5156562432.0,-0.12514029443264008
5157499904.0,-0.13131092488765717
5158437376.0,-0.13808007538318634
5159374848.0,-0.14649787545204163
5160312320.0,-0.15391996502876282
5161249792.0,-0.16214227676391602
5162187264.0,-0.17056524753570557
5163125248.0,-0.17867399752140045
5164062720.0,-0.18802829086780548
5165000192.0,-0.19677747786045074
5165937664.0,-0.19675318896770477
5166875136.0,-0.20895880460739136
5167812608.0,-0.2194056510925293
5168750080.0,-0.22870811820030212
5169687552.0,-0.2371612936258316
5170625024.0,-0.24387586116790771
5171562496.0,-0.24927891790866852
5172499968.0,-0.25332027673721313
5173437440.0,-0.2560069262981415
5174374912.0,-0.25725075602531433
5175312384.0,-0.25670579075813293
5176249856.0,-0.2554515302181244
5177187328.0,-0.2530449628829956
5178124800.0,-0.2493964284658432
5179062272.0,-0.2448425143957138
5180000256.0,-0.23893730342388153
5180937728.0,-0.2321767956018448
5181875200.0,-0.22415278851985931
5182812672.0,-0.2143126279115677
5183750144.0,-0.2055574655532837
5184687616.0,-0.19557790458202362
5185625088.0,-0.18515881896018982
5186562560.0,-0.173556387424469
5187500032.0,-0.1618063896894455
5188437504.0,-0.1508498638868332
5189374976.0,-0.1378093659877777
5190312448.0,-0.12530021369457245
5191249920.0,-0.11221503466367722
5192187392.0,-0.09891177713871002
5193124864.0,-0.08688325434923172
5194062336.0,-0.07464549690485
5194999808.0,-0.06317369639873505
5195937280.0,-0.051633454859256744
5196874752.0,-0.040809206664562225
5197812736.0,-0.031057188287377357
5198750208.0,-0.021367985755205154
5199687680.0,-0.013394276611506939
5200625152.0,-0.006445861887186766
5201562624.0,0.0011626329505816102
5202500096.0,0.006425861269235611
5203437568.0,0.011956430971622467
5204375040.0,0.015465565957129002
5205312512.0,0.017929621040821075
5206249984.0,0.01841108314692974
5207187456.0,0.018380524590611458
5208124928.0,0.015908442437648773
5209062400.0,0.013272462412714958
5209999872.0,0.009751818142831326
5210937344.0,0.0036689755506813526
5211874816.0,-0.0034458644222468138
5212812288.0,-0.01165447011590004
5213749760.0,-0.02031189389526844
5214687744.0,-0.030211778357625008
5215625216.0,-0.04210054129362106
5216562688.0,-0.05487558990716934
5217500160.0,-0.06839055567979813
5218437632.0,-0.08351661264896393
5219375104.0,-0.09933139383792877
5220312576.0,-0.11598241329193115
5221250048.0,-0.13287431001663208
5222187520.0,-0.1491273194551468
5223124992.0,-0.1663217693567276
5224062464.0,-0.18314048647880554
5224999936.0,-0.19841177761554718
5225937408.0,-0.20989982783794403
5226874880.0,-0.22427280247211456
5227812352.0,-0.23838849365711212
5228749824.0,-0.2504734992980957
5229687296.0,-0.26136836409568787
5230624768.0,-0.2722024917602539
5231562752.0,-0.2815837562084198
5232500224.0,-0.2879411280155182
5233437696.0,-0.2931421101093292
5234375168.0,-0.29632169008255005
5235312640.0,-0.29775428771972656
5236250112.0,-0.29755523800849915
5237187584.0,-0.2957170009613037
5238125056.0,-0.2912522554397583
5239062528.0,-0.2851475477218628
5240000000.0,-0.27692022919654846
5240937472.0,-0.2675626873970032
5241874944.0,-0.25649771094322205
5242812416.0,-0.24365749955177307
5243749888.0,-0.23152025043964386
5244687360.0,-0.2171233594417572
5245624832.0,-0.2009539157152176
5246562304.0,-0.18440385162830353
5247499776.0,-0.16795358061790466
5248437248.0,-0.15046878159046173
5249375232.0,-0.13311438262462616
5250312704.0,-0.11599413305521011
5251250176.0,-0.09819930046796799
5252187648.0,-0.08115354180335999
5253125120.0,-0.06435497850179672
5254062592.0,-0.04759502783417702
5255000064.0,-0.03238331153988838
5255937536.0,-0.017807533964514732
5256875008.0,-0.004330172669142485
5257812480.0,0.007256568409502506
5258749952.0,0.018516596406698227
5259687424.0,0.028349483385682106
5260624896.0,0.035466697067022324
5261562368.0,0.04191267117857933
5262499840.0,0.04716430976986885
5263437312.0,0.050602417439222336
5264374784.0,0.05310932546854019
5265312256.0,0.05469704791903496
5266250240.0,0.05374316871166229
5267187712.0,0.05165537819266319
5268125184.0,0.04734871909022331
5269062656.0,0.04229108244180679
5270000128.0,0.0361853651702404
5270937600.0,0.028361203148961067
5271875072.0,0.018925121054053307
5272812544.0,0.009510957635939121
5273750016.0,-0.0007570756133645773
5274687488.0,-0.011989299207925797
5275624960.0,-0.024440035223960876
5276562432.0,-0.03761962428689003
5277499904.0,-0.05156426131725311
5278437376.0,-0.06535487622022629
5279374848.0,-0.08101022243499756
5280312320.0,-0.09498101472854614
5281249792.0,-0.11136417090892792
5282187264.0,-0.12708671391010284
5283125248.0,-0.14372624456882477
5284062720.0,-0.15925408899784088
5285000192.0,-0.17400483787059784
5285937664.0,-0.20157772302627563
5286875136.0,-0.21617138385772705
5287812608.0,-0.2310265749692917
5288750080.0,-0.24522291123867035
5289687552.0,-0.2591654658317566
5290625024.0,-0.27287110686302185
5291562496.0,-0.2862643003463745
5292499968.0,-0.3004571497440338
5293437440.0,-0.31377434730529785
5294374912.0,-0.32700690627098083
5295312384.0,-0.3379725217819214
5296249856.0,-0.3483520746231079
5297187328.0,-0.3573598861694336
5298124800.0,-0.3637671172618866
5299062272.0,-0.3702933192253113
5299999744.0,-0.37449225783348083
5300937728.0,-0.3777618706226349
5301875200.0,-0.37945908308029175
5302812672.0,-0.3793281614780426
5303750144.0,-0.3792615234851837
5304687616.0,-0.3761691451072693
5305625088.0,-0.3720282316207886
5306562560.0,-0.36516836285591125
5307500032.0,-0.3586020767688751
5308437504.0,-0.3507724106311798
5309374976.0,-0.3403741419315338
5310312448.0,-0.3293730616569519
5311249920.0,-0.31639060378074646
5312187392.0,-0.3032214641571045
5313124864.0,-0.2886461317539215
5314062336.0,-0.2734791338443756
5314999808.0,-0.2575548589229584
5315937280.0,-0.2403145432472229
5316874752.0,-0.2235480695962906
5317812736.0,-0.20569632947444916
5318750208.0,-0.18682990968227386
5319687680.0,-0.16899295151233673
5320625152.0,-0.15075203776359558
5321562624.0,-0.1317511945962906
5322500096.0,-0.11319630593061447
5323437568.0,-0.09578900039196014
5324375040.0,-0.07786984741687775
5325312512.0,-0.06118883565068245
5326249984.0,-0.04473051428794861
5327187456.0,-0.030006125569343567
5328124928.0,-0.0147453797981143
5329062400.0,-0.001205002423375845
5329999872.0,0.011447520926594734
5330937344.0,0.021258648484945297
5331874816.0,0.03284476697444916
5332812288.0,0.03954305499792099
5333749760.0,0.042304281145334244
5334687744.0,0.04438595473766327
5335625216.0,0.04580071568489075
5336562688.0,0.04376941919326782
5337500160.0,0.04033024236559868
5338437632.0,0.035469911992549896
5339375104.0,0.027302131056785583
5340312576.0,0.017237884923815727
5341250048.0,0.0046340087428689
5342187520.0,-0.010870814323425293
5343124992.0,-0.027505915611982346
5344062464.0,-0.0465284064412117
5344999936.0,-0.0673942118883133
5345937408.0,-0.3506343960762024
5346874880.0,-0.364906907081604
5347812352.0,-0.37903788685798645
5348749824.0,-0.39410969614982605
5349687296.0,-0.4073348343372345
5350624768.0,-0.4205709397792816
5351562752.0,-0.4323485493659973
5352500224.0,-0.4428516924381256
5353437696.0,-0.45212453603744507
5354375168.0,-0.4601787030696869
5355312640.0,-0.4670652747154236
5356250112.0,-0.47212526202201843
5357187584.0,-0.47611743211746216
5358125056.0,-0.47715574502944946
5359062528.0,-0.4765702784061432
5360000000.0,-0.4733327031135559
5360937472.0,-0.4694528877735138
5361874944.0,-0.4640352129936218
5362812416.0,-0.45622071623802185
5363749888.0,-0.44747990369796753
5364687360.0,-0.43652722239494324
5365624832.0,-0.42533954977989197
5366562304.0,-0.4124150276184082
5367499776.0,-0.3979717195034027
5368437248.0,-0.38455626368522644
5369375232.0,-0.36675092577934265
5370312704.0,-0.35092830657958984
5371250176.0,-0.3328293263912201
5372187648.0,-0.31516021490097046
5373125120.0,-0.29755744338035583
5374062592.0,-0.27900803089141846
5375000064.0,-0.26059287786483765
5375937536.0,-0.2424311488866806
5376875008.0,-0.22491586208343506
5377812480.0,-0.20720438659191132
5378749952.0,-0.1892993152141571
5379687424.0,-0.1733742654323578
5380624896.0,-0.1577799767255783
5381562368.0,-0.142999067902565
5382499840.0,-0.12946973741054535
5383437312.0,-0.11652042716741562
5384374784.0,-0.10303032398223877
5385312256.0,-0.09115703403949738
5386250240.0,-0.08251208811998367
5387187712.0,-0.07566046714782715
5388125184.0,-0.06967177987098694
5389062656.0,-0.06584449857473373
5390000128.0,-0.06602705270051956
5390937600.0,-0.06688396632671356
5391875072.0,-0.07026178389787674
5392812544.0,-0.07585850358009338
5393750016.0,-0.083781398832798
5394687488.0,-0.09409628063440323
5395624960.0,-0.10618221759796143
5396562432.0,-0.12090201675891876
5397499904.0,-0.1381067931652069
5398437376.0,-0.15498945116996765
5399374848.0,-0.17431986331939697
5400312320.0,-0.19530253112316132
5401249792.0,-0.21619796752929688
5402187264.0,-0.23721911013126373
5403125248.0,-0.25940170884132385
5404062720.0,-0.28113117814064026
5405000192.0,-0.3022709786891937
5405937664.0,-0.34641599655151367
5406875136.0,-0.36210063099861145
5407812608.0,-0.37566840648651123
5408750080.0,-0.38686248660087585
5409687552.0,-0.3970769941806793
5410625024.0,-0.40407389402389526
5411562496.0,-0.4104798138141632
5412499968.0,-0.4130578637123108
5413437440.0,-0.41451528668403625
5414374912.0,-0.4136066734790802
5415312384.0,-0.4106171727180481
5416249856.0,-0.4040164053440094
5417187328.0,-0.39566439390182495
5418124800.0,-0.38592061400413513
5419062272.0,-0.37282755970954895
5420000256.0,-0.3585965037345886
5420937728.0,-0.34282705187797546
5421875200.0,-0.3247843384742737
5422812672.0,-0.30638056993484497
5423750144.0,-0.28766828775405884
5424687616.0,-0.2669520080089569
5425625088.0,-0.24598929286003113
5426562560.0,-0.22309152781963348
5427500032.0,-0.20159874856472015
5428437504.0,-0.18009315431118011
5429374976.0,-0.15874360501766205
5430312448.0,-0.1380796879529953
5431249920.0,-0.1191163882613182
5432187392.0,-0.10074082016944885
5433124864.0,-0.08437148481607437
5434062336.0,-0.06892412155866623
5434999808.0,-0.055468108505010605
5435937280.0,-0.044203903526067734
5436874752.0,-0.03458486869931221
5437812736.0,-0.026282930746674538
5438750208.0,-0.021268654614686966
5439687680.0,-0.01801619865000248
5440625152.0,-0.017751015722751617
5441562624.0,-0.020508183166384697
5442500096.0,-0.025804713368415833
5443437568.0,-0.032934971153736115
5444375040.0,-0.04273802787065506
5445312512.0,-0.05540548264980316
5446249984.0,-0.07054751366376877
5447187456.0,-0.08824586123228073
5448124928.0,-0.10918775945901871
5449062400.0,-0.13071610033512115
5449999872.0,-0.15453769266605377
5450937344.0,-0.17870000004768372
5451874816.0,-0.2051122635602951
5452812288.0,-0.2327578067779541
5453749760.0,-0.2592398226261139
5454687744.0,-0.28861743211746216
5455625216.0,-0.3173604905605316
5456562688.0,-0.3476705849170685
5457500160.0,-0.37627747654914856
5458437632.0,-0.40504205226898193
5459375104.0,-0.4318842589855194
5460312576.0,-0.456925630569458
5461250048.0,-0.47923946380615234
5462187520.0,-0.5010851621627808
5463124992.0,-0.5203211307525635
5464062464.0,-0.5379977226257324
5464999936.0,-0.5530918836593628
5465937408.0,-0.47580090165138245
5466874880.0,-0.49161577224731445
5467812352.0,-0.5025714039802551
5468749824.0,-0.5137062668800354
5469687296.0,-0.5219947099685669
5470624768.0,-0.5280676484107971
5471562752.0,-0.5311423540115356
5472500224.0,-0.5319938063621521
5473437696.0,-0.5309128165245056
5474375168.0,-0.5244191288948059
5475312640.0,-0.5176040530204773
5476250112.0,-0.5074501633644104
5477187584.0,-0.4935269057750702
5478125056.0,-0.479963093996048
5479062528.0,-0.4641803205013275
5480000000.0,-0.44614338874816895
5480937472.0,-0.4269462823867798
5481874944.0,-0.40627798438072205
5482812416.0,-0.3845071792602539
5483749888.0,-0.3621675968170166
5484687360.0,-0.34076887369155884
5485624832.0,-0.31824904680252075
5486562304.0,-0.2965571880340576
5487499776.0,-0.2755332291126251
5488437248.0,-0.25581952929496765
5489375232.0,-0.23681491613388062
5490312704.0,-0.21943071484565735
5491250176.0,-0.20284150540828705
5492187648.0,-0.18779568374156952
5493125120.0,-0.17587223649024963
5494062592.0,-0.16536851227283478
5495000064.0,-0.15773916244506836
5495937536.0,-0.15269258618354797
5496875008.0,-0.15114237368106842
5497812480.0,-0.15075817704200745
5498749952.0,-0.15299127995967865
5499687424.0,-0.15785358846187592
5500624896.0,-0.16532650589942932
5501562368.0,-0.17513224482536316
5502499840.0,-0.18752583861351013
5503437312.0,-0.2028978168964386
5504374784.0,-0.2207767367362976
5505312256.0,-0.24018323421478271
5506250240.0,-0.2630390524864197
5507187712.0,-0.2873813509941101
5508125184.0,-0.3129020035266876
5509062656.0,-0.34139612317085266
5510000128.0,-0.37081143260002136
5510937600.0,-0.4036867916584015
5511875072.0,-0.43551716208457947
5512812544.0,-0.4693933129310608
5513750016.0,-0.5032275915145874
5514687488.0,-0.5370815992355347
5515624960.0,-0.5706955790519714
5516562432.0,-0.6042981147766113
5517499904.0,-0.6372339129447937
5518437376.0,-0.6696600914001465
5519374848.0,-0.7019577026367188
5520312320.0,-0.732169508934021
5521249792.0,-0.7618785500526428
5522187264.0,-0.7906041741371155
5523125248.0,-0.8173090815544128
5524062720.0,-0.8444948196411133
5525000192.0,-0.8723114728927612
5525937664.0,-0.7420095205307007
5526875136.0,-0.7537838816642761
5527812608.0,-0.7664765119552612
5528750080.0,-0.7800988554954529
5529687552.0,-0.7956188321113586
5530625024.0,-0.8119571208953857
5531562496.0,-0.829034686088562
5532499968.0,-0.8492783308029175
5533437440.0,-0.8698509931564331
5534374912.0,-0.8915911316871643
5535312384.0,-0.9142168760299683
5536249856.0,-0.9378741979598999
5537187328.0,-0.9605755805969238
5538124800.0,-0.9828225374221802
5539062272.0,-1.0051472187042236
5539999744.0,-1.0252082347869873
5540937728.0,-1.0434303283691406
5541875200.0,-1.058113694190979
5542812672.0,-1.0703191757202148
5543750144.0,-1.0781890153884888
5544687616.0,-1.0842251777648926
5545625088.0,-1.0849169492721558
5546562560.0,-1.0807735919952393
5547500032.0,-1.0738050937652588
5548437504.0,-1.0620347261428833
5549374976.0,-1.046013593673706
5550312448.0,-1.0271577835083008
5551249920.0,-1.004611611366272
5552187392.0,-0.9785730838775635
5553124864.0,-0.950218677520752
5554062336.0,-0.919562816619873
5554999808.0,-0.8879809379577637
5555937280.0,-0.8553967475891113
5556874752.0,-0.8234649896621704
5557812736.0,-0.7927267551422119
5558750208.0,-0.7618260979652405
5559687680.0,-0.7325815558433533
5560625152.0,-0.7057105302810669
5561562624.0,-0.6778944134712219
5562500096.0,-0.653771698474884
5563437568.0,-0.630992591381073
5564375040.0,-0.609973132610321
5565312512.0,-0.5928446054458618
5566249984.0,-0.5768686532974243
5567187456.0,-0.5629312992095947
5568124928.0,-0.5497258901596069
5569062400.0,-0.536137044429779
5569999872.0,-0.5240547060966492
5570937344.0,-0.5122979283332825
5571874816.0,-0.5011184215545654
5572812288.0,-0.49037113785743713
5573749760.0,-0.48069024085998535
5574687744.0,-0.47136133909225464
5575625216.0,-0.46281805634498596
5576562688.0,-0.45594269037246704
5577500160.0,-0.45154833793640137
5578437632.0,-0.44765138626098633
5579375104.0,-0.4458030164241791
5580312576.0,-0.4456392526626587
5581250048.0,-0.445771723985672
5582187520.0,-0.4477822184562683
5583124992.0,-0.44966939091682434
5584062464.0,-0.45220428705215454
5584999936.0,-0.45466992259025574
5585937408.0,-0.43008431792259216
5586874880.0,-0.42132264375686646
5587812352.0,-0.4094756841659546
5588749824.0,-0.3976975083351135
5589687296.0,-0.3842208981513977
5590624768.0,-0.3690865933895111
5591562752.0,-0.3529985249042511
5592500224.0,-0.3362022936344147
5593437696.0,-0.3194323778152466
5594375168.0,-0.30138829350471497
5595312640.0,-0.28167518973350525
5596250112.0,-0.26169076561927795
5597187584.0,-0.24277925491333008
5598125056.0,-0.22258929908275604
5599062528.0,-0.20433832705020905
5600000000.0,-0.18477313220500946
5600937472.0,-0.16716943681240082
5601874944.0,-0.1501988023519516
5602812416.0,-0.13457688689231873
5603749888.0,-0.1197686716914177
5604687360.0,-0.10724645853042603
5605624832.0,-0.09490923583507538
5606562304.0,-0.08419837057590485
5607499776.0,-0.0762031152844429
5608437248.0,-0.06929942965507507
5609375232.0,-0.06435344368219376
5610312704.0,-0.06081231310963631
5611250176.0,-0.05881471559405327
5612187648.0,-0.05831221863627434
5613125120.0,-0.05928875878453255
5614062592.0,-0.06285864114761353
5615000064.0,-0.06739918142557144
5615937536.0,-0.0742722675204277
5616875008.0,-0.08282047510147095
5617812480.0,-0.09201318025588989
5618749952.0,-0.10230046510696411
5619687424.0,-0.11363199353218079
5620624896.0,-0.1263991743326187
5621562368.0,-0.13927464187145233
5622499840.0,-0.15355664491653442
5623437312.0,-0.16625459492206573
5624374784.0,-0.18061064183712006
5625312256.0,-0.19498054683208466
5626250240.0,-0.20927144587039948
5627187712.0,-0.22132304310798645
5628125184.0,-0.23473615944385529
5629062656.0,-0.2461584210395813
5630000128.0,-0.2566118836402893
5630937600.0,-0.2663990259170532
5631875072.0,-0.2747366428375244
5632812544.0,-0.2817777097225189
5633750016.0,-0.2875381112098694
5634687488.0,-0.2905271053314209
5635624960.0,-0.29206177592277527
5636562432.0,-0.2928094267845154
5637499904.0,-0.292634516954422
5638437376.0,-0.28745368123054504
5639374848.0,-0.2827022671699524
5640312320.0,-0.27715250849723816
5641249792.0,-0.26879242062568665
5642187264.0,-0.2586127817630768
5643125248.0,-0.24920469522476196
5644062720.0,-0.23808696866035461
5645000192.0,-0.22506123781204224
5645937664.0,-0.1907799243927002
5646875136.0,-0.19580599665641785
5647812608.0,-0.1983518898487091
5648750080.0,-0.19809064269065857
5649687552.0,-0.19742098450660706
5650625024.0,-0.1959218978881836
5651562496.0,-0.19287227094173431
5652499968.0,-0.1880166232585907
5653437440.0,-0.18214431405067444
5654374912.0,-0.17535854876041412
5655312384.0,-0.16860094666481018
5656249856.0,-0.16018855571746826
5657187328.0,-0.1527831256389618
5658124800.0,-0.14464281499385834
5659062272.0,-0.13725997507572174
5660000256.0,-0.1290479451417923
5660937728.0,-0.12044862657785416
5661875200.0,-0.1142401322722435
5662812672.0,-0.10824128985404968
5663750144.0,-0.10299565643072128
5664687616.0,-0.09882383048534393
5665625088.0,-0.0958370566368103
5666562560.0,-0.09342914074659348
5667500032.0,-0.09252521395683289
5668437504.0,-0.09293630719184875
5669374976.0,-0.09388745576143265
5670312448.0,-0.0965258777141571
5671249920.0,-0.10014022141695023
5672187392.0,-0.10514624416828156
5673124864.0,-0.11070135235786438
5674062336.0,-0.11673099547624588
5674999808.0,-0.124027781188488
5675937280.0,-0.1312532275915146
5676874752.0,-0.14055705070495605
5677812736.0,-0.1499101221561432
5678750208.0,-0.15938135981559753
5679687680.0,-0.16822366416454315
5680625152.0,-0.1781623214483261
5681562624.0,-0.18668118119239807
5682500096.0,-0.1954098641872406
5683437568.0,-0.20415648818016052
5684375040.0,-0.213356614112854
5685312512.0,-0.22220449149608612
5686249984.0,-0.22861158847808838
5687187456.0,-0.23570413887500763
5688124928.0,-0.2410077452659607
5689062400.0,-0.2463621199131012
5689999872.0,-0.25087183713912964
5690937344.0,-0.25384896993637085
5691874816.0,-0.2578010559082031
5692812288.0,-0.2623384892940521
5693749760.0,-0.2666431665420532
5694687744.0,-0.27061527967453003
5695625216.0,-0.2737444341182709
5696562688.0,-0.2775384783744812
5697500160.0,-0.281819611787796
5698437632.0,-0.2879977822303772
5699375104.0,-0.29338228702545166
5700312576.0,-0.2987247705459595
5701250048.0,-0.30659031867980957
5702187520.0,-0.31426864862442017
5703124992.0,-0.3236128091812134
5704062464.0,-0.33451852202415466
5704999936.0,-0.34621137380599976
5705937408.0,-0.23571960628032684
5706874880.0,-0.2556212544441223
5707812352.0,-0.27664995193481445
5708749824.0,-0.2970137894153595
5709687296.0,-0.3180820941925049
5710624768.0,-0.33729878067970276
5711562752.0,-0.35343778133392334
5712500224.0,-0.36886876821517944
5713437696.0,-0.3813965320587158
5714375168.0,-0.39077135920524597
5715312640.0,-0.3968918025493622
5716250112.0,-0.39893999695777893
5717187584.0,-0.39649859070777893
5718125056.0,-0.3906644284725189
5719062528.0,-0.37944379448890686
5720000000.0,-0.36323073506355286
5720937472.0,-0.3445836007595062
5721874944.0,-0.321445107460022
5722812416.0,-0.2933843433856964
5723749888.0,-0.2612920105457306
5724687360.0,-0.2274327576160431
5725624832.0,-0.19017013907432556
5726562304.0,-0.15119774639606476
5727499776.0,-0.11048422008752823
5728437248.0,-0.06945810467004776
5729375232.0,-0.029362497851252556
5730312704.0,0.010981332510709763
5731250176.0,0.048154789954423904
5732187648.0,0.08362091332674026
5733125120.0,0.11564909666776657
5734062592.0,0.1444043666124344
5735000064.0,0.1684000939130783
5735937536.0,0.18875187635421753
5736875008.0,0.20420171320438385
5737812480.0,0.21436896920204163
5738749952.0,0.21980977058410645
5739687424.0,0.22228358685970306
5740624896.0,0.22006367146968842
5741562368.0,0.21535232663154602
5742499840.0,0.20677687227725983
5743437312.0,0.19564832746982574
5744374784.0,0.18242786824703217
5745312256.0,0.16876262426376343
5746250240.0,0.15394246578216553
5747187712.0,0.13886143267154694
5748125184.0,0.12472061067819595
5749062656.0,0.10997829586267471
5750000128.0,0.09521761536598206
5750937600.0,0.08250156044960022
5751875072.0,0.07034657895565033
5752812544.0,0.058330412954092026
5753750016.0,0.047392163425683975
5754687488.0,0.037335313856601715
5755624960.0,0.02272145077586174
5756562432.0,0.0027893115766346455
5757499904.0,-0.019690604880452156
5758437376.0,-0.04641864821314812
5759374848.0,-0.07273466885089874
5760312320.0,-0.10285972058773041
5761249792.0,-0.13205690681934357
5762187264.0,-0.16389720141887665
5763125248.0,-0.19436708092689514
5764062720.0,-0.22506816685199738
5765000192.0,-0.2554726004600525
5765937664.0,-0.19649432599544525
5766875136.0,-0.20427049696445465
5767812608.0,-0.21242906153202057
5768750080.0,-0.22070787847042084
5769687552.0,-0.22912320494651794
5770625024.0,-0.2395889014005661
5771562496.0,-0.24873347580432892
5772499968.0,-0.25857844948768616
5773437440.0,-0.2683289051055908
5774374912.0,-0.278357595205307
5775312384.0,-0.28779473900794983
5776249856.0,-0.29810479283332825
5777187328.0,-0.3091415464878082
5778124800.0,-0.31984612345695496
5779062272.0,-0.3307434320449829
5779999744.0,-0.3417688012123108
5780937728.0,-0.3520451486110687
5781875200.0,-0.36294156312942505
5782812672.0,-0.37274450063705444
5783750144.0,-0.38482022285461426
5784687616.0,-0.3936709761619568
5785625088.0,-0.40383684635162354
5786562560.0,-0.4135124981403351
5787500032.0,-0.42042773962020874
5788437504.0,-0.4283539950847626
5789374976.0,-0.4341733157634735
5790312448.0,-0.4395052194595337
5791249920.0,-0.4436623752117157
5792187392.0,-0.4456242322921753
5793124864.0,-0.44693225622177124
5794062336.0,-0.44773122668266296
5794999808.0,-0.44529321789741516
5795937280.0,-0.4423370063304901
5796874752.0,-0.4380592405796051
5797812736.0,-0.4322899281978607
5798750208.0,-0.4241565465927124
5799687680.0,-0.415655255317688
5800625152.0,-0.4043617844581604
5801562624.0,-0.3925987780094147
5802500096.0,-0.3786369860172272
5803437568.0,-0.36348235607147217
5804375040.0,-0.34675896167755127
5805312512.0,-0.32869139313697815
5806249984.0,-0.3092879354953766
5807187456.0,-0.289921373128891
5808124928.0,-0.269403874874115
5809062400.0,-0.24911223351955414
5809999872.0,-0.22962146997451782
5810937344.0,-0.2096128910779953
5811874816.0,-0.19030816853046417
5812812288.0,-0.17063145339488983
5813749760.0,-0.15293119847774506
5814687744.0,-0.13520199060440063
5815625216.0,-0.11880526691675186
5816562688.0,-0.1039271429181099
5817500160.0,-0.08981360495090485
5818437632.0,-0.07826926559209824
5819375104.0,-0.0691833421587944
5820312576.0,-0.06078941002488136
5821250048.0,-0.05536147579550743
5822187520.0,-0.051223840564489365
5823124992.0,-0.047679584473371506
5824062464.0,-0.04792218282818794
5824999936.0,-0.04921869933605194
5825937408.0,-0.2430485486984253
5826874880.0,-0.2458135336637497
5827812352.0,-0.24713823199272156
5828749824.0,-0.2505773603916168
5829687296.0,-0.2515823543071747
5830624768.0,-0.2526437044143677
5831562752.0,-0.2544882893562317
5832500224.0,-0.2561638653278351
5833437696.0,-0.25707370042800903
5834375168.0,-0.2593379616737366
5835312640.0,-0.26129552721977234
5836250112.0,-0.2633425295352936
5837187584.0,-0.26674705743789673
5838125056.0,-0.26980677247047424
5839062528.0,-0.2730284631252289
5840000000.0,-0.27951353788375854
5840937472.0,-0.28446337580680847
5841874944.0,-0.29149311780929565
5842812416.0,-0.2973020076751709
5843749888.0,-0.30253908038139343
5844687360.0,-0.30931249260902405
5845624832.0,-0.316211074590683
5846562304.0,-0.32050788402557373
5847499776.0,-0.3264831602573395
5848437248.0,-0.3315693736076355
5849375232.0,-0.3369283974170685
5850312704.0,-0.340389221906662
5851250176.0,-0.34440797567367554
5852187648.0,-0.34913012385368347
5853125120.0,-0.3517560362815857
5854062592.0,-0.3553013205528259
5855000064.0,-0.35797247290611267
5855937536.0,-0.35875174403190613
5856875008.0,-0.36041876673698425
5857812480.0,-0.3620704412460327
5858749952.0,-0.3606226444244385
5859687424.0,-0.35966798663139343
5860624896.0,-0.3573257327079773
5861562368.0,-0.3554048538208008
5862499840.0,-0.3533661365509033
5863437312.0,-0.35077333450317383
5864374784.0,-0.3467479348182678
5865312256.0,-0.34378108382225037
5866250240.0,-0.34004268050193787
5867187712.0,-0.3359939754009247
5868125184.0,-0.3321952223777771
5869062656.0,-0.327912300825119
5870000128.0,-0.3255498707294464
5870937600.0,-0.3232700228691101
5871875072.0,-0.3200877904891968
5872812544.0,-0.319664865732193
5873750016.0,-0.3187892436981201
5874687488.0,-0.31921130418777466
5875624960.0,-0.31939172744750977
5876562432.0,-0.32050707936286926
5877499904.0,-0.32161879539489746
5878437376.0,-0.3235795795917511
5879374848.0,-0.3263712525367737
5880312320.0,-0.328852117061615
5881249792.0,-0.3319270610809326
5882187264.0,-0.33572855591773987
5883125248.0,-0.33899974822998047
5884062720.0,-0.3440782427787781
5885000192.0,-0.34697842597961426
5885937664.0,-0.36103352904319763
5886875136.0,-0.36567914485931396
5887812608.0,-0.37043604254722595
5888750080.0,-0.3759806752204895
5889687552.0,-0.3787841200828552
5890625024.0,-0.38258668780326843
5891562496.0,-0.3851292133331299
5892499968.0,-0.3872700333595276
5893437440.0,-0.3888886868953705
5894374912.0,-0.3893733620643616
5895312384.0,-0.3909744918346405
5896249856.0,-0.3911781311035156
5897187328.0,-0.3920944631099701
5898124800.0,-0.39187899231910706
5899062272.0,-0.39127591252326965
5900000256.0,-0.3909794092178345
5900937728.0,-0.38991037011146545
5901875200.0,-0.38990041613578796
5902812672.0,-0.38965699076652527
5903750144.0,-0.3885970413684845
5904687616.0,-0.3876379132270813
5905625088.0,-0.38667377829551697
5906562560.0,-0.3858933746814728
5907500032.0,-0.3849698305130005
5908437504.0,-0.38569220900535583
5909374976.0,-0.38655951619148254
5910312448.0,-0.3867320716381073
5911249920.0,-0.38727742433547974
5912187392.0,-0.38849076628685
5913124864.0,-0.3897457718849182
5914062336.0,-0.39143240451812744
5914999808.0,-0.3940555453300476
5915937280.0,-0.3972645401954651
5916874752.0,-0.40038689970970154
5917812736.0,-0.40413355827331543
5918750208.0,-0.4094778001308441
5919687680.0,-0.4156765639781952
5920625152.0,-0.42325299978256226
5921562624.0,-0.42973533272743225
5922500096.0,-0.43777966499328613
5923437568.0,-0.44671469926834106
5924375040.0,-0.4553459584712982
5925312512.0,-0.46495765447616577
5926249984.0,-0.4757709503173828
5927187456.0,-0.4867847263813019
5928124928.0,-0.49892565608024597
5929062400.0,-0.5095794796943665
5929999872.0,-0.5215783715248108
5930937344.0,-0.5326635241508484
5931874816.0,-0.5443001389503479
5932812288.0,-0.5551641583442688
5933749760.0,-0.565101683139801
5934687744.0,-0.5749828815460205
5935625216.0,-0.5851225852966309
5936562688.0,-0.5944040417671204
5937500160.0,-0.6030197739601135
5938437632.0,-0.6122432947158813
5939375104.0,-0.6187463402748108
5940312576.0,-0.6242439150810242
5941250048.0,-0.6296650767326355
5942187520.0,-0.633364737033844
5943124992.0,-0.6358914971351624
5944062464.0,-0.6368503570556641
5944999936.0,-0.6369105577468872
5945937408.0,-0.4151456952095032
5946874880.0,-0.4309946894645691
5947812352.0,-0.44744133949279785
5948749824.0,-0.46173912286758423
5949687296.0,-0.47732147574424744
5950624768.0,-0.4924093186855316
5951562752.0,-0.5067902207374573
5952500224.0,-0.5196978449821472
5953437696.0,-0.5311235785484314
5954375168.0,-0.5420284271240234
5955312640.0,-0.551076352596283
5956250112.0,-0.5594674944877625
5957187584.0,-0.5662482380867004
5958125056.0,-0.5703135132789612
5959062528.0,-0.5743381977081299
5960000000.0,-0.5761106610298157
5960937472.0,-0.5759674310684204
5961874944.0,-0.5742866396903992
5962812416.0,-0.570187509059906
5963749888.0,-0.5657300353050232
5964687360.0,-0.5585265159606934
5965624832.0,-0.5507778525352478
5966562304.0,-0.5413232445716858
5967499776.0,-0.5311400890350342
5968437248.0,-0.5200399160385132
5969375232.0,-0.5077745318412781
5970312704.0,-0.4963197410106659
5971250176.0,-0.48493367433547974
5972187648.0,-0.47332313656806946
5973125120.0,-0.46236133575439453
5974062592.0,-0.4524216055870056
5975000064.0,-0.44287633895874023
5975937536.0,-0.4346417188644409
5976875008.0,-0.42818349599838257
5977812480.0,-0.4212985932826996
5978749952.0,-0.4161756634712219
5979687424.0,-0.4112165868282318
5980624896.0,-0.407996267080307
5981562368.0,-0.40666621923446655
5982499840.0,-0.4065781831741333
5983437312.0,-0.40788543224334717
5984374784.0,-0.40900906920433044
5985312256.0,-0.4114958345890045
5986250240.0,-0.41509681940078735
5987187712.0,-0.4184776842594147
5988125184.0,-0.42366495728492737
5989062656.0,-0.4273751378059387
5990000128.0,-0.43314608931541443
5990937600.0,-0.43788594007492065
5991875072.0,-0.44251149892807007
5992812544.0,-0.4476432800292969
5993750016.0,-0.45252853631973267
5994687488.0,-0.4559653103351593
5995624960.0,-0.46068286895751953
5996562432.0,-0.46516701579093933
5997499904.0,-0.4681824743747711
5998437376.0,-0.47238585352897644
5999374848.0,-0.4763977527618408
6000312320.0,-0.4805760383605957
6001249792.0,-0.483354389667511
6002187264.0,-0.48670828342437744
6003125248.0,-0.4908377528190613
6004062720.0,-0.494865745306015
6005000192.0,-0.3912986218929291
6005937664.0,-0.4000604748725891
6006875136.0,-0.41033610701560974
6007812608.0,-0.4216524660587311
6008750080.0,-0.4335070550441742
6009687552.0,-0.44676536321640015
6010625024.0,-0.46155163645744324
6011562496.0,-0.4776899218559265
6012499968.0,-0.4938259422779083
6013437440.0,-0.5111797451972961
6014374912.0,-0.5292964577674866
6015312384.0,-0.5467490553855896
6016249856.0,-0.5651135444641113
6017187328.0,-0.5845816135406494
6018124800.0,-0.6015321016311646
6019062272.0,-0.6190970540046692
6019999744.0,-0.6356151103973389
6020937728.0,-0.651893675327301
6021875200.0,-0.6662452220916748
6022812672.0,-0.681402325630188
6023750144.0,-0.6941849589347839
6024687616.0,-0.7056073546409607
6025625088.0,-0.7150833606719971
6026562560.0,-0.7229650616645813
6027500032.0,-0.7279883623123169
6028437504.0,-0.7312118411064148
6029374976.0,-0.7335224747657776
6030312448.0,-0.7321988344192505
6031249920.0,-0.7280513048171997
6032187392.0,-0.7231217622756958
6033124864.0,-0.7159913182258606
6034062336.0,-0.7070016860961914
6034999808.0,-0.6963015198707581
6035937280.0,-0.6842025518417358
6036874752.0,-0.6703845262527466
6037812736.0,-0.65545654296875
6038750208.0,-0.6385565400123596
6039687680.0,-0.6217635869979858
6040625152.0,-0.6046013236045837
6041562624.0,-0.5850391983985901
6042500096.0,-0.5683463215827942
6043437568.0,-0.550970196723938
6044375040.0,-0.5329097509384155
6045312512.0,-0.5167528390884399
6046249984.0,-0.5023646354675293
6047187456.0,-0.48712357878685
6048124928.0,-0.4731025695800781
6049062400.0,-0.4592093825340271
6049999872.0,-0.44700726866722107
6050937344.0,-0.4358839988708496
6051874816.0,-0.4263108968734741
6052812288.0,-0.4168907105922699
6053749760.0,-0.4094372093677521
6054687744.0,-0.40341874957084656
6055625216.0,-0.39886823296546936
6056562688.0,-0.3959461748600006
6057500160.0,-0.3937227129936218
6058437632.0,-0.3929172456264496
6059375104.0,-0.3931116461753845
6060312576.0,-0.3943159878253937
6061250048.0,-0.39677610993385315
6062187520.0,-0.4003956913948059
6063124992.0,-0.40476250648498535
6064062464.0,-0.4090636968612671
6064999936.0,-0.40838441252708435
6065937408.0,-0.4140087962150574
6066874880.0,-0.42102351784706116
6067812352.0,-0.42744261026382446
6068749824.0,-0.434294193983078
6069687296.0,-0.4422927796840668
6070624768.0,-0.451375275850296
6071562752.0,-0.4614785611629486
6072500224.0,-0.47185277938842773
6073437696.0,-0.4824490547180176
6074375168.0,-0.49325230717658997
6075312640.0,-0.5028561949729919
6076250112.0,-0.5135502219200134
6077187584.0,-0.52396160364151
6078125056.0,-0.5347480773925781
6079062528.0,-0.5455723404884338
6080000000.0,-0.5561119318008423
6080937472.0,-0.5660328269004822
6081874944.0,-0.5756465792655945
6082812416.0,-0.5836398005485535
6083749888.0,-0.5922625660896301
6084687360.0,-0.5974146723747253
6085624832.0,-0.6029654145240784
6086562304.0,-0.6070601940155029
6087499776.0,-0.6101283431053162
6088437248.0,-0.611604630947113
6089375232.0,-0.6116472482681274
6090312704.0,-0.6114565134048462
6091250176.0,-0.610276997089386
6092187648.0,-0.6076667904853821
6093125120.0,-0.602085530757904
6094062592.0,-0.5975956916809082
6095000064.0,-0.5905249118804932
6095937536.0,-0.5818978548049927
6096875008.0,-0.5725767612457275
6097812480.0,-0.563931405544281
6098749952.0,-0.5545774102210999
6099687424.0,-0.5456980466842651
6100624896.0,-0.5351423025131226
6101562368.0,-0.5253233909606934
6102499840.0,-0.5142307877540588
6103437312.0,-0.5042328834533691
6104374784.0,-0.494902640581131
6105312256.0,-0.48487839102745056
6106250240.0,-0.47538283467292786
6107187712.0,-0.4669188857078552
6108125184.0,-0.4587206542491913
6109062656.0,-0.45172277092933655
6110000128.0,-0.44437095522880554
6110937600.0,-0.43742820620536804
6111875072.0,-0.43021413683891296
6112812544.0,-0.4235197901725769
6113750016.0,-0.4178529679775238
6114687488.0,-0.4131481945514679
6115624960.0,-0.4084244966506958
6116562432.0,-0.40456917881965637
6117499904.0,-0.40120604634284973
6118437376.0,-0.39891624450683594
6119374848.0,-0.396432101726532
6120312320.0,-0.39423930644989014
6121249792.0,-0.39322662353515625
6122187264.0,-0.3931606411933899
6123125248.0,-0.3929636776447296
6124062720.0,-0.39425498247146606
6125000192.0,-0.5845324993133545
6125937664.0,-0.5968712568283081
6126875136.0,-0.6082058548927307
6127812608.0,-0.6188733577728271
6128750080.0,-0.6285741925239563
6129687552.0,-0.638312816619873
6130625024.0,-0.6466678380966187
6131562496.0,-0.6542006134986877
6132499968.0,-0.6603249907493591
6133437440.0,-0.6658803820610046
6134374912.0,-0.670488178730011
6135312384.0,-0.6732574701309204
6136249856.0,-0.6760072112083435
6137187328.0,-0.677306592464447
6138124800.0,-0.6781044006347656
6139062272.0,-0.6783633232116699
6140000256.0,-0.6774673461914062
6140937728.0,-0.675036609172821
6141875200.0,-0.6730369925498962
6142812672.0,-0.6699404120445251
6143750144.0,-0.6658007502555847
6144687616.0,-0.6634303331375122
6145625088.0,-0.659489095211029
6146562560.0,-0.6563242077827454
6147500032.0,-0.6523037552833557
6148437504.0,-0.6485723853111267
6149374976.0,-0.6463313102722168
6150312448.0,-0.6422331929206848
6151249920.0,-0.6400769352912903
6152187392.0,-0.6378924250602722
6153124864.0,-0.6363145112991333
6154062336.0,-0.6342452168464661
6154999808.0,-0.634067714214325
6155937280.0,-0.6340233087539673
6156874752.0,-0.633426308631897
6157812736.0,-0.6330183744430542
6158750208.0,-0.6340470910072327
6159687680.0,-0.6358499526977539
6160625152.0,-0.6374215483665466
6161562624.0,-0.6402750015258789
6162500096.0,-0.643145740032196
6163437568.0,-0.646480143070221
6164375040.0,-0.6510705351829529
6165312512.0,-0.65667724609375
6166249984.0,-0.6617851853370667
6167187456.0,-0.6676409244537354
6168124928.0,-0.6732679009437561
6169062400.0,-0.6783947348594666
6169999872.0,-0.6851180791854858
6170937344.0,-0.6913188695907593
6171874816.0,-0.6975453495979309
6172812288.0,-0.7049821019172668
6173749760.0,-0.7123396396636963
6174687744.0,-0.7190983891487122
6175625216.0,-0.7262542247772217
6176562688.0,-0.7343160510063171
6177500160.0,-0.7423499226570129
6178437632.0,-0.749488890171051
6179375104.0,-0.7576898336410522
6180312576.0,-0.7648490071296692
6181250048.0,-0.772800862789154
6182187520.0,-0.7800023555755615
6183124992.0,-0.787857174873352
6184062464.0,-0.7938321232795715
6184999936.0,-0.6327844858169556
6185937408.0,-0.6536988019943237
6186874880.0,-0.6745613813400269
6187812352.0,-0.6939890384674072
6188749824.0,-0.7141409516334534
6189687296.0,-0.7325004935264587
6190624768.0,-0.7521529793739319
6191562752.0,-0.7705724239349365
6192500224.0,-0.788033127784729
6193437696.0,-0.8047060966491699
6194375168.0,-0.8196883797645569
6195312640.0,-0.8351531624794006
6196250112.0,-0.8487319350242615
6197187584.0,-0.8611770868301392
6198125056.0,-0.873033344745636
6199062528.0,-0.8839396238327026
6200000000.0,-0.8905977606773376
6200937472.0,-0.8976260423660278
6201874944.0,-0.9012613296508789
6202812416.0,-0.9037191271781921
6203749888.0,-0.9040047526359558
6204687360.0,-0.902495801448822
6205624832.0,-0.8990128636360168
6206562304.0,-0.8942336440086365
6207499776.0,-0.8890013694763184
6208437248.0,-0.882297158241272
6209375232.0,-0.8734375834465027
6210312704.0,-0.8628444671630859
6211250176.0,-0.8514577746391296
6212187648.0,-0.8384119868278503
6213125120.0,-0.8256853818893433
6214062592.0,-0.8125210404396057
6215000064.0,-0.7975486516952515
6215937536.0,-0.7834436297416687
6216875008.0,-0.7669249176979065
6217812480.0,-0.752842366695404
6218749952.0,-0.737856924533844
6219687424.0,-0.7221499681472778
6220624896.0,-0.7085986137390137
6221562368.0,-0.6951901912689209
6222499840.0,-0.6822569370269775
6223437312.0,-0.670032799243927
6224374784.0,-0.6574908494949341
6225312256.0,-0.6460893154144287
6226250240.0,-0.6349019408226013
6227187712.0,-0.6249929666519165
6228125184.0,-0.6164692640304565
6229062656.0,-0.6086621284484863
6230000128.0,-0.6046537160873413
6230937600.0,-0.6015843749046326
6231875072.0,-0.60107421875
6232812544.0,-0.6008844375610352
6233750016.0,-0.6032449007034302
6234687488.0,-0.6064910888671875
6235624960.0,-0.6101121306419373
6236562432.0,-0.6155023574829102
6237499904.0,-0.620915412902832
6238437376.0,-0.627989649772644
6239374848.0,-0.6349716186523438
6240312320.0,-0.6444782018661499
6241249792.0,-0.653612494468689
6242187264.0,-0.6632086634635925
6243125248.0,-0.672907829284668
6244062720.0,-0.6858958601951599
6245000192.0,-0.6931105852127075
6245937664.0,-0.7070379853248596
6246875136.0,-0.72259521484375
6247812608.0,-0.7376354932785034
6248750080.0,-0.7520880103111267
6249687552.0,-0.7690974473953247
6250625024.0,-0.7849856019020081
6251562496.0,-0.7993329167366028
6252499968.0,-0.8127481341362
6253437440.0,-0.8255378007888794
6254374912.0,-0.8373439311981201
6255312384.0,-0.8486924767494202
6256249856.0,-0.8593793511390686
6257187328.0,-0.8705130815505981
6258124800.0,-0.8792625665664673
6259062272.0,-0.888168215751648
6259999744.0,-0.8948189616203308
6260937728.0,-0.902417004108429
6261875200.0,-0.906164824962616
6262812672.0,-0.909031331539154
6263750144.0,-0.9110279083251953
6264687616.0,-0.9113911390304565
6265625088.0,-0.9115181565284729
6266562560.0,-0.9119911789894104
6267500032.0,-0.9110772609710693
6268437504.0,-0.9108374118804932
6269374976.0,-0.9094991087913513
6270312448.0,-0.9078198075294495
6271249920.0,-0.9044638276100159
6272187392.0,-0.9004242420196533
6273124864.0,-0.8972532749176025
6274062336.0,-0.8929117918014526
6274999808.0,-0.8893483877182007
6275937280.0,-0.8839981555938721
6276874752.0,-0.8806275129318237
6277812736.0,-0.8763363361358643
6278750208.0,-0.8699808716773987
6279687680.0,-0.8647481203079224
6280625152.0,-0.8590484857559204
6281562624.0,-0.8538389801979065
6282500096.0,-0.8500571846961975
6283437568.0,-0.8461869955062866
6284375040.0,-0.8428552746772766
6285312512.0,-0.8425936698913574
6286249984.0,-0.8429576754570007
6287187456.0,-0.8442868590354919
6288124928.0,-0.8464919328689575
6289062400.0,-0.8481544256210327
6289999872.0,-0.8516738414764404
6290937344.0,-0.8559857606887817
6291874816.0,-0.8592660427093506
6292812288.0,-0.8630967140197754
6293749760.0,-0.8677300810813904
6294687744.0,-0.8741949200630188
6295625216.0,-0.8812477588653564
6296562688.0,-0.8868359923362732
6297500160.0,-0.8943525552749634
6298437632.0,-0.9028350114822388
6299375104.0,-0.9116790890693665
6300312576.0,-0.9220046997070312
6301250048.0,-0.9330106973648071
6302187520.0,-0.9440104961395264
6303124992.0,-0.953968346118927
6304062464.0,-0.9655019044876099
6304999936.0,-0.9940589666366577
6305937408.0,-1.0021580457687378
6306874880.0,-1.0114350318908691
6307812352.0,-1.0207277536392212
6308749824.0,-1.0288258790969849
6309687296.0,-1.0379949808120728
6310624768.0,-1.0473928451538086
6311562752.0,-1.056397795677185
6312500224.0,-1.066549301147461
6313437696.0,-1.074901819229126
6314375168.0,-1.0849761962890625
6315312640.0,-1.0946097373962402
6316250112.0,-1.1042122840881348
6317187584.0,-1.1151297092437744
6318125056.0,-1.125916600227356
6319062528.0,-1.138147234916687
6320000000.0,-1.1505990028381348
6320937472.0,-1.1646740436553955
6321874944.0,-1.1782500743865967
6322812416.0,-1.1927176713943481
6323749888.0,-1.206816554069519
6324687360.0,-1.2192333936691284
6325624832.0,-1.231919527053833
6326562304.0,-1.2428393363952637
6327499776.0,-1.2525526285171509
6328437248.0,-1.2621939182281494
6329375232.0,-1.2700910568237305
6330312704.0,-1.2778948545455933
6331250176.0,-1.2851392030715942
6332187648.0,-1.290602445602417
6333125120.0,-1.2957583665847778
6334062592.0,-1.2998967170715332
6335000064.0,-1.3017927408218384
6335937536.0,-1.304894208908081
6336875008.0,-1.303338646888733
6337812480.0,-1.3011208772659302
6338749952.0,-1.2989423274993896
6339687424.0,-1.2937692403793335
6340624896.0,-1.2874953746795654
6341562368.0,-1.2803044319152832
6342499840.0,-1.2718390226364136
6343437312.0,-1.2637184858322144
6344374784.0,-1.253689169883728
6345312256.0,-1.242281198501587
6346250240.0,-1.2307735681533813
6347187712.0,-1.2178069353103638
6348125184.0,-1.206723928451538
6349062656.0,-1.194979190826416
6350000128.0,-1.1824475526809692
6350937600.0,-1.167936086654663
6351875072.0,-1.1548633575439453
6352812544.0,-1.1418365240097046
6353750016.0,-1.1283868551254272
6354687488.0,-1.115666389465332
6355624960.0,-1.1041146516799927
6356562432.0,-1.0913187265396118
6357499904.0,-1.079860806465149
6358437376.0,-1.0690895318984985
6359374848.0,-1.0578244924545288
6360312320.0,-1.0478390455245972
6361249792.0,-1.039125680923462
6362187264.0,-1.0313063859939575
6363125248.0,-1.025847315788269
6364062720.0,-1.02132248878479
6365000192.0,-1.3864918947219849
6365937664.0,-1.4006364345550537
6366875136.0,-1.415971040725708
6367812608.0,-1.4306892156600952
6368750080.0,-1.445081114768982
6369687552.0,-1.460996150970459
6370625024.0,-1.4763175249099731
6371562496.0,-1.4902359247207642
6372499968.0,-1.5039142370224
6373437440.0,-1.515999674797058
6374374912.0,-1.5254281759262085
6375312384.0,-1.5362402200698853
6376249856.0,-1.5457801818847656
6377187328.0,-1.5542792081832886
6378124800.0,-1.5621261596679688
6379062272.0,-1.5677610635757446
6380000256.0,-1.5736702680587769
6380937728.0,-1.577689290046692
6381875200.0,-1.5812417268753052
6382812672.0,-1.5835111141204834
6383750144.0,-1.5852179527282715
6384687616.0,-1.5844128131866455
6385625088.0,-1.5833483934402466
6386562560.0,-1.5820406675338745
6387500032.0,-1.5795085430145264
6388437504.0,-1.5756409168243408
6389374976.0,-1.5699700117111206
6390312448.0,-1.5648677349090576
6391249920.0,-1.5576730966567993
6392187392.0,-1.5505784749984741
6393124864.0,-1.5424624681472778
6394062336.0,-1.5333114862442017
6394999808.0,-1.5226562023162842
6395937280.0,-1.5134038925170898
6396874752.0,-1.502192735671997
6397812736.0,-1.4945659637451172
6398750208.0,-1.4860895872116089
6399687680.0,-1.478579044342041
6400625152.0,-1.4712878465652466
6401562624.0,-1.4653781652450562
6402500096.0,-1.4578279256820679
6403437568.0,-1.455816388130188
6404375040.0,-1.4527536630630493
6405312512.0,-1.453635811805725
6406249984.0,-1.456872582435608
6407187456.0,-1.461479663848877
6408124928.0,-1.467048168182373
6409062400.0,-1.4741387367248535
6409999872.0,-1.4830572605133057
6410937344.0,-1.4927513599395752
6411874816.0,-1.5040843486785889
6412812288.0,-1.5169227123260498
6413749760.0,-1.531546950340271
6414687744.0,-1.5477765798568726
6415625216.0,-1.5650074481964111
6416562688.0,-1.5843368768692017
6417500160.0,-1.6052639484405518
6418437632.0,-1.628675937652588
6419375104.0,-1.6514830589294434
6420312576.0,-1.6759188175201416
6421250048.0,-1.7014808654785156
6422187520.0,-1.7278313636779785
6423124992.0,-1.7553282976150513
6424062464.0,-1.7857108116149902
6424999936.0,-1.8179502487182617
6425937408.0,-1.8489165306091309
6426874880.0,-1.8812570571899414
6427812352.0,-1.9148672819137573
6428749824.0,-1.948536992073059
6429687296.0,-1.982517957687378
6430624768.0,-2.014216423034668
6431562752.0,-2.046261787414551
6432500224.0,-2.076856851577759
6433437696.0,-2.107093572616577
6434375168.0,-2.137744426727295
6435312640.0,-2.1663289070129395
6436250112.0,-2.193500280380249
6437187584.0,-2.219248056411743
6438125056.0,-2.2432265281677246
6439062528.0,-2.265636920928955
6440000000.0,-2.284425973892212
6440937472.0,-2.302717447280884
6441874944.0,-2.3186135292053223
6442812416.0,-2.333413600921631
6443749888.0,-2.347139835357666
6444687360.0,-2.3591392040252686
6445624832.0,-2.3706350326538086
6446562304.0,-2.379422664642334
6447499776.0,-2.386705160140991
6448437248.0,-2.390052318572998
6449375232.0,-2.3939449787139893
6450312704.0,-2.3947081565856934
6451250176.0,-2.3954813480377197
6452187648.0,-2.396024703979492
6453125120.0,-2.394874095916748
6454062592.0,-2.393725872039795
6455000064.0,-2.3920557498931885
6455937536.0,-2.38681697845459
6456875008.0,-2.3815221786499023
6457812480.0,-2.376368522644043
6458749952.0,-2.369755983352661
6459687424.0,-2.364375352859497
6460624896.0,-2.359332323074341
6461562368.0,-2.3549811840057373
6462499840.0,-2.351546049118042
6463437312.0,-2.3490662574768066
6464374784.0,-2.3467657566070557
6465312256.0,-2.3453407287597656
6466250240.0,-2.3439571857452393
6467187712.0,-2.342212438583374
6468125184.0,-2.3403160572052
6469062656.0,-2.3396639823913574
6470000128.0,-2.3403749465942383
6470937600.0,-2.343411445617676
6471875072.0,-2.3479275703430176
6472812544.0,-2.3539371490478516
6473750016.0,-2.363461971282959
6474687488.0,-2.3720850944519043
6475624960.0,-2.3851938247680664
6476562432.0,-2.4028854370117188
6477499904.0,-2.423600912094116
6478437376.0,-2.4496560096740723
6479374848.0,-2.4770796298980713
6480312320.0,-2.509615421295166
6481249792.0,-2.543443202972412
6482187264.0,-2.581129550933838
6483125248.0,-2.6190876960754395
6484062720.0,-2.6584677696228027
6485000192.0,-2.7664201259613037
6485937664.0,-2.794618844985962
6486875136.0,-2.8250553607940674
6487812608.0,-2.8528871536254883
6488750080.0,-2.8814380168914795
6489687552.0,-2.908162832260132
6490625024.0,-2.937920093536377
6491562496.0,-2.966356039047241
6492499968.0,-2.9946608543395996
6493437440.0,-3.02278208732605
6494374912.0,-3.0507442951202393
6495312384.0,-3.079085350036621
6496249856.0,-3.105778694152832
6497187328.0,-3.1348471641540527
6498124800.0,-3.1629297733306885
6499062272.0,-3.1921284198760986
6499999744.0,-3.2202954292297363
6500937728.0,-3.249351739883423
6501875200.0,-3.278635025024414
6502812672.0,-3.3067712783813477
6503750144.0,-3.3352441787719727
6504687616.0,-3.360588550567627
6505625088.0,-3.3853790760040283
6506562560.0,-3.410372495651245
6507500032.0,-3.433053731918335
6508437504.0,-3.4557650089263916
6509374976.0,-3.477271556854248
6510312448.0,-3.5002071857452393
6511249920.0,-3.523930788040161
6512187392.0,-3.547177314758301
6513124864.0,-3.572462797164917
6514062336.0,-3.598898410797119
6514999808.0,-3.627258062362671
6515937280.0,-3.6583361625671387
6516874752.0,-3.688436508178711
6517812736.0,-3.7214484214782715
6518750208.0,-3.7523252964019775
6519687680.0,-3.7841780185699463
6520625152.0,-3.817333459854126
6521562624.0,-3.849224328994751
6522500096.0,-3.883986711502075
6523437568.0,-3.9198319911956787
6524375040.0,-3.958405017852783
6525312512.0,-3.9991958141326904
6526249984.0,-4.040708065032959
6527187456.0,-4.085641860961914
6528124928.0,-4.131052494049072
6529062400.0,-4.178125381469727
6529999872.0,-4.226436614990234
6530937344.0,-4.274829387664795
6531874816.0,-4.323399066925049
6532812288.0,-4.371895790100098
6533749760.0,-4.419061660766602
6534687744.0,-4.465199947357178
6535625216.0,-4.510975360870361
6536562688.0,-4.554574489593506
6537500160.0,-4.596945762634277
6538437632.0,-4.641585350036621
6539375104.0,-4.683505535125732
6540312576.0,-4.7243194580078125
6541250048.0,-4.764369010925293
6542187520.0,-4.803350448608398
6543124992.0,-4.840941429138184
6544062464.0,-4.879467010498047
6544999936.0,-4.914002418518066
6545937408.0,-4.960836887359619
6546874880.0,-5.011348247528076
6547812352.0,-5.064338684082031
6548749824.0,-5.119297504425049
6549687296.0,-5.172869682312012
6550624768.0,-5.226873874664307
6551562752.0,-5.279435634613037
6552500224.0,-5.331502914428711
6553437696.0,-5.385557174682617
6554375168.0,-5.437569618225098
6555312640.0,-5.4904656410217285
6556250112.0,-5.5449299812316895
6557187584.0,-5.5992279052734375
6558125056.0,-5.653332233428955
6559062528.0,-5.707023620605469
6560000000.0,-5.762942790985107
6560937472.0,-5.818784236907959
6561874944.0,-5.875805854797363
6562812416.0,-5.934254169464111
6563749888.0,-5.9917144775390625
6564687360.0,-6.050102233886719
6565624832.0,-6.110034942626953
6566562304.0,-6.166815280914307
6567499776.0,-6.223628997802734
6568437248.0,-6.277419567108154
6569375232.0,-6.335742473602295
6570312704.0,-6.390480041503906
6571250176.0,-6.450830459594727
6572187648.0,-6.515742301940918
6573125120.0,-6.587961673736572
6574062592.0,-6.662672996520996
6575000064.0,-6.7432122230529785
6575937536.0,-6.82438850402832
6576875008.0,-6.908618450164795
6577812480.0,-6.994871139526367
6578749952.0,-7.080020427703857
6579687424.0,-7.1662678718566895
6580624896.0,-7.253665447235107
6581562368.0,-7.342533111572266
6582499840.0,-7.432407855987549
6583437312.0,-7.517252445220947
6584374784.0,-7.602059364318848
6585312256.0,-7.68860387802124
6586250240.0,-7.7768120765686035
6587187712.0,-7.864997386932373
6588125184.0,-7.954297065734863
6589062656.0,-8.045469284057617
6590000128.0,-8.137350082397461
6590937600.0,-8.232246398925781
6591875072.0,-8.32978343963623
6592812544.0,-8.428593635559082
6593750016.0,-8.523645401000977
6594687488.0,-8.616826057434082
6595624960.0,-8.713656425476074
6596562432.0,-8.809471130371094
6597499904.0,-8.91402530670166
6598437376.0,-9.021366119384766
6599374848.0,-9.136641502380371
6600312320.0,-9.250114440917969
6601249792.0,-9.36501407623291
6602187264.0,-9.474085807800293
6603125248.0,-9.579344749450684
6604062720.0,-9.683780670166016
6605000192.0,-9.777127265930176
6605937664.0,-9.872867584228516
6606875136.0,-9.970258712768555
6607812608.0,-10.067489624023438
6608750080.0,-10.16405200958252
6609687552.0,-10.25995922088623
6610625024.0,-10.349347114562988
6611562496.0,-10.437054634094238
6612499968.0,-10.521087646484375
6613437440.0,-10.607536315917969
6614374912.0,-10.691241264343262
6615312384.0,-10.771125793457031
6616249856.0,-10.854406356811523
6617187328.0,-10.932785034179688
6618124800.0,-11.012724876403809
6619062272.0,-11.090396881103516
6620000256.0,-11.167595863342285
6620937728.0,-11.241629600524902
6621875200.0,-11.315786361694336
6622812672.0,-11.38390827178955
6623750144.0,-11.445798873901367
6624687616.0,-11.497543334960938
6625625088.0,-11.54970645904541
6626562560.0,-11.597636222839355
6627500032.0,-11.636666297912598
6628437504.0,-11.666531562805176
6629374976.0,-11.687300682067871
6630312448.0,-11.697120666503906
6631249920.0,-11.700690269470215
6632187392.0,-11.704730987548828
6633124864.0,-11.700416564941406
6634062336.0,-11.700596809387207
6634999808.0,-11.698493003845215
6635937280.0,-11.694173812866211
6636874752.0,-11.68581771850586
6637812736.0,-11.670063972473145
6638750208.0,-11.647385597229004
6639687680.0,-11.615446090698242
6640625152.0,-11.5759916305542
6641562624.0,-11.526166915893555
6642500096.0,-11.4765625
6643437568.0,-11.416956901550293
6644375040.0,-11.349416732788086
6645312512.0,-11.275842666625977
6646249984.0,-11.1986083984375
6647187456.0,-11.116769790649414
6648124928.0,-11.030416488647461
6649062400.0,-10.944153785705566
6649999872.0,-10.857987403869629
6650937344.0,-10.771946907043457
6651874816.0,-10.687277793884277
6652812288.0,-10.60556411743164
6653749760.0,-10.525189399719238
6654687744.0,-10.446392059326172
6655625216.0,-10.366644859313965
6656562688.0,-10.280055046081543
6657500160.0,-10.192145347595215
6658437632.0,-10.099950790405273
6659375104.0,-9.999043464660645
6660312576.0,-9.896071434020996
6661250048.0,-9.789306640625
6662187520.0,-9.682586669921875
6663124992.0,-9.571880340576172
6664062464.0,-9.463529586791992
6664999936.0,-9.335853576660156
6665937408.0,-9.227192878723145
6666874880.0,-9.122726440429688
6667812352.0,-9.020556449890137
6668749824.0,-8.923065185546875
6669687296.0,-8.82244873046875
6670624768.0,-8.722416877746582
6671562752.0,-8.618942260742188
6672500224.0,-8.519022941589355
6673437696.0,-8.41712474822998
6674375168.0,-8.317031860351562
6675312640.0,-8.214838981628418
6676250112.0,-8.115206718444824
6677187584.0,-8.016672134399414
6678125056.0,-7.915977954864502
6679062528.0,-7.818985939025879
6680000000.0,-7.721958160400391
6680937472.0,-7.628230094909668
6681874944.0,-7.536013603210449
6682812416.0,-7.445244312286377
6683749888.0,-7.357705593109131
6684687360.0,-7.27326774597168
6685624832.0,-7.189789295196533
6686562304.0,-7.11238956451416
6687499776.0,-7.035749435424805
6688437248.0,-6.963858127593994
6689375232.0,-6.89218282699585
6690312704.0,-6.8212504386901855
6691250176.0,-6.752640724182129
6692187648.0,-6.684146881103516
6693125120.0,-6.619074821472168
6694062592.0,-6.558798313140869
6695000064.0,-6.502256870269775
6695937536.0,-6.444547653198242
6696875008.0,-6.390957355499268
6697812480.0,-6.336425304412842
6698749952.0,-6.281430244445801
6699687424.0,-6.225002765655518
6700624896.0,-6.168878078460693
6701562368.0,-6.111239433288574
6702499840.0,-6.054542541503906
6703437312.0,-5.996974945068359
6704374784.0,-5.94329309463501
6705312256.0,-5.888441562652588
6706250240.0,-5.834560871124268
6707187712.0,-5.7819414138793945
6708125184.0,-5.727896690368652
6709062656.0,-5.673743724822998
6710000128.0,-5.619449615478516
6710937600.0,-5.56353235244751
6711875072.0,-5.508451461791992
6712812544.0,-5.4522013664245605
6713750016.0,-5.393437385559082
6714687488.0,-5.334656715393066
6715624960.0,-5.273200988769531
6716562432.0,-5.210707187652588
6717499904.0,-5.1470842361450195
6718437376.0,-5.082740306854248
6719374848.0,-5.018492221832275
6720312320.0,-4.955587387084961
6721249792.0,-4.892723560333252
6722187264.0,-4.831098556518555
6723125248.0,-4.767510414123535
6724062720.0,-4.700973033905029
6725000192.0,-4.417817115783691
6725937664.0,-4.341763019561768
6726875136.0,-4.26563024520874
6727812608.0,-4.192144870758057
6728750080.0,-4.121726989746094
6729687552.0,-4.055276393890381
6730625024.0,-3.9918458461761475
6731562496.0,-3.930643081665039
6732499968.0,-3.8707244396209717
6733437440.0,-3.813707113265991
6734374912.0,-3.757620096206665
6735312384.0,-3.7043709754943848
6736249856.0,-3.6529934406280518
6737187328.0,-3.60587477684021
6738124800.0,-3.5619757175445557
6739062272.0,-3.5182952880859375
6739999744.0,-3.478356122970581
6740937728.0,-3.441288709640503
6741875200.0,-3.4067931175231934
6742812672.0,-3.3746087551116943
6743750144.0,-3.346972703933716
6744687616.0,-3.321552038192749
6745625088.0,-3.2958242893218994
6746562560.0,-3.2737653255462646
6747500032.0,-3.2509896755218506
6748437504.0,-3.228668212890625
6749374976.0,-3.2065916061401367
6750312448.0,-3.18477201461792
6751249920.0,-3.1640806198120117
6752187392.0,-3.1410858631134033
6753124864.0,-3.121173620223999
6754062336.0,-3.102766513824463
6754999808.0,-3.083341121673584
6755937280.0,-3.0638535022735596
6756874752.0,-3.0451929569244385
6757812736.0,-3.0252737998962402
6758750208.0,-3.006847620010376
6759687680.0,-2.9872961044311523
6760625152.0,-2.9679219722747803
6761562624.0,-2.9472732543945312
6762500096.0,-2.9282727241516113
6763437568.0,-2.9066479206085205
6764375040.0,-2.8859245777130127
6765312512.0,-2.866387128829956
6766249984.0,-2.843144655227661
6767187456.0,-2.8183743953704834
6768124928.0,-2.791844367980957
6769062400.0,-2.764214038848877
6769999872.0,-2.7343974113464355
6770937344.0,-2.7034974098205566
6771874816.0,-2.672462224960327
6772812288.0,-2.641061782836914
6773749760.0,-2.6096904277801514
6774687744.0,-2.578669309616089
6775625216.0,-2.546905040740967
6776562688.0,-2.5147886276245117
6777500160.0,-2.482816696166992
6778437632.0,-2.4549002647399902
6779375104.0,-2.426176071166992
6780312576.0,-2.397317886352539
6781250048.0,-2.367595911026001
6782187520.0,-2.3382813930511475
6783124992.0,-2.309189558029175
6784062464.0,-2.2820584774017334
6784999936.0,-2.2603237628936768
6785937408.0,-2.226917266845703
6786874880.0,-2.1963467597961426
6787812352.0,-2.164452314376831
6788749824.0,-2.1342501640319824
6789687296.0,-2.1048336029052734
6790624768.0,-2.077359914779663
6791562752.0,-2.0497653484344482
6792500224.0,-2.0240724086761475
6793437696.0,-1.9993661642074585
6794375168.0,-1.9757299423217773
6795312640.0,-1.9547059535980225
6796250112.0,-1.9345619678497314
6797187584.0,-1.9141830205917358
6798125056.0,-1.895658254623413
6799062528.0,-1.878925085067749
6800000000.0,-1.863350749015808
6800937472.0,-1.8478525876998901
6801874944.0,-1.8318341970443726
6802812416.0,-1.8189126253128052
6803749888.0,-1.807412028312683
6804687360.0,-1.7973095178604126
6805624832.0,-1.7866978645324707
6806562304.0,-1.7767196893692017
6807499776.0,-1.7643600702285767
6808437248.0,-1.7538232803344727
6809375232.0,-1.7427833080291748
6810312704.0,-1.73119056224823
6811250176.0,-1.718967318534851
6812187648.0,-1.708709716796875
6813125120.0,-1.6958460807800293
6814062592.0,-1.6836745738983154
6815000064.0,-1.670972228050232
6815937536.0,-1.6587722301483154
6816875008.0,-1.6453495025634766
6817812480.0,-1.6316694021224976
6818749952.0,-1.6166982650756836
6819687424.0,-1.6028376817703247
6820624896.0,-1.5863151550292969
6821562368.0,-1.5688481330871582
6822499840.0,-1.5515742301940918
6823437312.0,-1.5316013097763062
6824374784.0,-1.5124332904815674
6825312256.0,-1.4916784763336182
6826250240.0,-1.4707156419754028
6827187712.0,-1.4501374959945679
6828125184.0,-1.4297012090682983
6829062656.0,-1.4070615768432617
6830000128.0,-1.3852993249893188
6830937600.0,-1.3613994121551514
6831875072.0,-1.3388131856918335
6832812544.0,-1.3167335987091064
6833750016.0,-1.293473720550537
6834687488.0,-1.2708125114440918
6835624960.0,-1.250000238418579
6836562432.0,-1.2289562225341797
6837499904.0,-1.2084771394729614
6838437376.0,-1.189395785331726
6839374848.0,-1.1711459159851074
6840312320.0,-1.1553512811660767
6841249792.0,-1.1391032934188843
6842187264.0,-1.1239162683486938
6843125248.0,-1.111264705657959
6844062720.0,-1.0999664068222046
6845000192.0,-1.063907265663147
6845937664.0,-1.053244709968567
6846875136.0,-1.0468186140060425
6847812608.0,-1.0410494804382324
6848750080.0,-1.0359938144683838
6849687552.0,-1.031888484954834
6850625024.0,-1.030605673789978
6851562496.0,-1.0300014019012451
6852499968.0,-1.0286452770233154
6853437440.0,-1.0297890901565552
6854374912.0,-1.0313811302185059
6855312384.0,-1.0336652994155884
6856249856.0,-1.0372333526611328
6857187328.0,-1.0412551164627075
6858124800.0,-1.0464218854904175
6859062272.0,-1.0530840158462524
6860000256.0,-1.0614993572235107
6860937728.0,-1.0714178085327148
6861875200.0,-1.0807610750198364
6862812672.0,-1.091171145439148
6863750144.0,-1.103143334388733
6864687616.0,-1.1150898933410645
6865625088.0,-1.1274269819259644
6866562560.0,-1.1386854648590088
6867500032.0,-1.15000581741333
6868437504.0,-1.1607913970947266
6869374976.0,-1.171191692352295
6870312448.0,-1.180212140083313
6871249920.0,-1.18889319896698
6872187392.0,-1.1961495876312256
6873124864.0,-1.2032736539840698
6874062336.0,-1.2063813209533691
6874999808.0,-1.2087273597717285
6875937280.0,-1.2083148956298828
6876874752.0,-1.2062715291976929
6877812736.0,-1.2023863792419434
6878750208.0,-1.196601152420044
6879687680.0,-1.1889632940292358
6880625152.0,-1.1753934621810913
6881562624.0,-1.1606389284133911
6882500096.0,-1.1433473825454712
6883437568.0,-1.124930500984192
6884375040.0,-1.1048468351364136
6885312512.0,-1.0836197137832642
6886249984.0,-1.0608233213424683
6887187456.0,-1.0366533994674683
6888124928.0,-1.0110094547271729
6889062400.0,-0.9837589263916016
6889999872.0,-0.9566934108734131
6890937344.0,-0.9273163676261902
6891874816.0,-0.8978734016418457
6892812288.0,-0.869243860244751
6893749760.0,-0.8380899429321289
6894687744.0,-0.8085165619850159
6895625216.0,-0.7775362730026245
6896562688.0,-0.7475129961967468
6897500160.0,-0.7186246514320374
6898437632.0,-0.6901237964630127
6899375104.0,-0.6619171500205994
6900312576.0,-0.6343955397605896
6901250048.0,-0.6078618764877319
6902187520.0,-0.5834112763404846
6903124992.0,-0.5577079057693481
6904062464.0,-0.5333781242370605
6904999936.0,-0.4923619329929352
6905937408.0,-0.487250953912735
6906874880.0,-0.4835156500339508
6907812352.0,-0.48067793250083923
6908749824.0,-0.4810718894004822
6909687296.0,-0.48055022954940796
6910624768.0,-0.483186274766922
6911562752.0,-0.48611757159233093
6912500224.0,-0.490163117647171
6913437696.0,-0.49515703320503235
6914375168.0,-0.5019343495368958
6915312640.0,-0.5081465244293213
6916250112.0,-0.5146737694740295
6917187584.0,-0.5222655534744263
6918125056.0,-0.5304466485977173
6919062528.0,-0.5396825671195984
6920000000.0,-0.5486392378807068
6920937472.0,-0.557946503162384
6921874944.0,-0.5676472187042236
6922812416.0,-0.5779876708984375
6923749888.0,-0.5869680047035217
6924687360.0,-0.5964469313621521
6925624832.0,-0.6063874363899231
6926562304.0,-0.6143485903739929
6927499776.0,-0.6227517127990723
6928437248.0,-0.6313135027885437
6929375232.0,-0.6387996673583984
6930312704.0,-0.6460046768188477
6931250176.0,-0.6556731462478638
6932187648.0,-0.6640375256538391
6933125120.0,-0.673132598400116
6934062592.0,-0.6808570027351379
6935000064.0,-0.6864089965820312
6935937536.0,-0.692387044429779
6936875008.0,-0.6973971128463745
6937812480.0,-0.7009478211402893
6938749952.0,-0.703761637210846
6939687424.0,-0.7064361572265625
6940624896.0,-0.7079029083251953
6941562368.0,-0.7080188393592834
6942499840.0,-0.7076064348220825
6943437312.0,-0.7071388363838196
6944374784.0,-0.7050888538360596
6945312256.0,-0.7031582593917847
6946250240.0,-0.6995218396186829
6947187712.0,-0.6941505074501038
6948125184.0,-0.6891909837722778
6949062656.0,-0.6822124123573303
6950000128.0,-0.6759358048439026
6950937600.0,-0.6676042675971985
6951875072.0,-0.6590244770050049
6952812544.0,-0.6491371989250183
6953750016.0,-0.6367236375808716
6954687488.0,-0.6254077553749084
6955624960.0,-0.6124470829963684
6956562432.0,-0.5999550819396973
6957499904.0,-0.5874679684638977
6958437376.0,-0.5741118788719177
6959374848.0,-0.5616657733917236
6960312320.0,-0.5469120144844055
6961249792.0,-0.5318772196769714
6962187264.0,-0.5168092250823975
6963125248.0,-0.501349925994873
6964062720.0,-0.48508110642433167
6965000192.0,-0.4068041741847992
6965937664.0,-0.39757591485977173
6966875136.0,-0.3896072506904602
6967812608.0,-0.3802211582660675
6968750080.0,-0.3739287257194519
6969687552.0,-0.36626437306404114
6970625024.0,-0.36003121733665466
6971562496.0,-0.3528047800064087
6972499968.0,-0.3468117415904999
6973437440.0,-0.3415151536464691
6974374912.0,-0.338117390871048
6975312384.0,-0.33293774724006653
6976249856.0,-0.3303607106208801
6977187328.0,-0.32810115814208984
6978124800.0,-0.3273777961730957
6979062272.0,-0.3270779848098755
6979999744.0,-0.32792651653289795
6980937728.0,-0.32966846227645874
6981875200.0,-0.3319171071052551
6982812672.0,-0.3348812162876129
6983750144.0,-0.338059663772583
6984687616.0,-0.3434550166130066
6985625088.0,-0.35020020604133606
6986562560.0,-0.35827216506004333
6987500032.0,-0.3671126067638397
6988437504.0,-0.37688523530960083
6989374976.0,-0.3872290849685669
6990312448.0,-0.39841341972351074
6991249920.0,-0.4106006920337677
6992187392.0,-0.4232371747493744
6993124864.0,-0.4351213276386261
6994062336.0,-0.44877079129219055
6994999808.0,-0.46053361892700195
6995937280.0,-0.4741869568824768
6996874752.0,-0.48673468828201294
6997812736.0,-0.49899259209632874
6998750208.0,-0.5098270177841187
6999687680.0,-0.5228314995765686
7000625152.0,-0.5325856804847717
7001562624.0,-0.5433607697486877
7002500096.0,-0.5517619252204895
7003437568.0,-0.559791088104248
7004375040.0,-0.566638708114624
7005312512.0,-0.5730271935462952
7006249984.0,-0.5760322213172913
7007187456.0,-0.5797947645187378
7008124928.0,-0.579290509223938
7009062400.0,-0.5784288644790649
7009999872.0,-0.5762602090835571
7010937344.0,-0.5741793513298035
7011874816.0,-0.5688340067863464
7012812288.0,-0.5646180510520935
7013749760.0,-0.5575230717658997
7014687744.0,-0.5513724684715271
7015625216.0,-0.5433716773986816
7016562688.0,-0.536425769329071
7017500160.0,-0.5280632376670837
7018437632.0,-0.5182847380638123
7019375104.0,-0.5093994140625
7020312576.0,-0.5001187920570374
7021250048.0,-0.4906643033027649
7022187520.0,-0.48148223757743835
7023124992.0,-0.4718073308467865
7024062464.0,-0.46314290165901184
7024999936.0,-0.4369107484817505
7025937408.0,-0.42848122119903564
7026874880.0,-0.42162710428237915
7027812352.0,-0.4156474769115448
7028749824.0,-0.40961703658103943
7029687296.0,-0.40572062134742737
7030624768.0,-0.40313562750816345
7031562752.0,-0.40100035071372986
7032500224.0,-0.4004741609096527
7033437696.0,-0.4020548462867737
7034375168.0,-0.40583351254463196
7035312640.0,-0.4093441963195801
7036250112.0,-0.41533413529396057
7037187584.0,-0.4210156202316284
7038125056.0,-0.42978036403656006
7039062528.0,-0.43647441267967224
7040000000.0,-0.44676268100738525
7040937472.0,-0.4563472270965576
7041874944.0,-0.4666849970817566
7042812416.0,-0.4754800498485565
7043749888.0,-0.48545897006988525
7044687360.0,-0.4937416911125183
7045624832.0,-0.5020841956138611
7046562304.0,-0.5098069310188293
7047499776.0,-0.5170694589614868
7048437248.0,-0.5215529203414917
7049375232.0,-0.525551438331604
7050312704.0,-0.5286616683006287
7051250176.0,-0.5297505855560303
7052187648.0,-0.5284016132354736
7053125120.0,-0.5254808664321899
7054062592.0,-0.5205578804016113
7055000064.0,-0.5143219828605652
7055937536.0,-0.5063222050666809
7056875008.0,-0.4962247312068939
7057812480.0,-0.4854819178581238
7058749952.0,-0.4699552059173584
7059687424.0,-0.45297756791114807
7060624896.0,-0.4355883300304413
7061562368.0,-0.4163513779640198
7062499840.0,-0.3970458507537842
7063437312.0,-0.375479519367218
7064374784.0,-0.35398566722869873
7065312256.0,-0.33301398158073425
7066250240.0,-0.31057557463645935
7067187712.0,-0.2900872230529785
7068125184.0,-0.2682282626628876
7069062656.0,-0.24712751805782318
7070000128.0,-0.22810201346874237
7070937600.0,-0.20848733186721802
7071875072.0,-0.1902419775724411
7072812544.0,-0.17304658889770508
7073750016.0,-0.1575911045074463
7074687488.0,-0.14338210225105286
7075624960.0,-0.13018380105495453
7076562432.0,-0.12115113437175751
7077499904.0,-0.11170636862516403
7078437376.0,-0.10549850761890411
7079374848.0,-0.10217192769050598
7080312320.0,-0.10089712589979172
7081249792.0,-0.10241567343473434
7082187264.0,-0.1061602234840393
7083125248.0,-0.11286234110593796
7084062720.0,-0.12085924297571182
7085000192.0,-0.2740999162197113
7085937664.0,-0.28598472476005554
7086875136.0,-0.2990244925022125
7087812608.0,-0.31407979130744934
7088750080.0,-0.3316844701766968
7089687552.0,-0.35093581676483154
7090625024.0,-0.3713316321372986
7091562496.0,-0.3944040834903717
7092499968.0,-0.41940468549728394
7093437440.0,-0.44623202085494995
7094374912.0,-0.474604994058609
7095312384.0,-0.5047013759613037
7096249856.0,-0.5367773175239563
7097187328.0,-0.5693673491477966
7098124800.0,-0.6027094125747681
7099062272.0,-0.6378288865089417
7100000256.0,-0.6717115640640259
7100937728.0,-0.706532895565033
7101875200.0,-0.7388129830360413
7102812672.0,-0.7718395590782166
7103750144.0,-0.8033164739608765
7104687616.0,-0.8316240310668945
7105625088.0,-0.8579747080802917
7106562560.0,-0.8805603981018066
7107500032.0,-0.9003769755363464
7108437504.0,-0.9179543852806091
7109374976.0,-0.9314268827438354
7110312448.0,-0.9424474239349365
7111249920.0,-0.9487373232841492
7112187392.0,-0.9509128332138062
7113124864.0,-0.9484605193138123
7114062336.0,-0.9430254697799683
7114999808.0,-0.9329397678375244
7115937280.0,-0.9196155667304993
7116874752.0,-0.9010372757911682
7117812736.0,-0.8799797892570496
7118750208.0,-0.8556809425354004
7119687680.0,-0.8285572528839111
7120625152.0,-0.798886775970459
7121562624.0,-0.7675153017044067
7122500096.0,-0.7348558306694031
7123437568.0,-0.6994274258613586
7124375040.0,-0.6642677187919617
7125312512.0,-0.6283761858940125
7126249984.0,-0.591336727142334
7127187456.0,-0.5548175573348999
7128124928.0,-0.5172019600868225
7129062400.0,-0.48197415471076965
7129999872.0,-0.44619020819664
7130937344.0,-0.41273537278175354
7131874816.0,-0.37967613339424133
7132812288.0,-0.3472883999347687
7133749760.0,-0.31665509939193726
7134687744.0,-0.28925198316574097
7135625216.0,-0.2635928690433502
7136562688.0,-0.23964881896972656
7137500160.0,-0.21797049045562744
7138437632.0,-0.1979580819606781
7139375104.0,-0.18030676245689392
7140312576.0,-0.16431401669979095
7141250048.0,-0.1515902578830719
7142187520.0,-0.1383778303861618
7143124992.0,-0.12867453694343567
7144062464.0,-0.21871864795684814
7144999936.0,-0.2183840274810791
7145937408.0,-0.2191171497106552
7146874880.0,-0.22061626613140106
7147812352.0,-0.22267450392246246
7148749824.0,-0.22606858611106873
7149687296.0,-0.22959062457084656
7150624768.0,-0.23443302512168884
7151562752.0,-0.24222218990325928
7152500224.0,-0.2504420280456543
7153437696.0,-0.26031601428985596
7154375168.0,-0.27253881096839905
7155312640.0,-0.28807011246681213
7156250112.0,-0.30521419644355774
7157187584.0,-0.3247245252132416
7158125056.0,-0.3473704755306244
7159062528.0,-0.3721056282520294
7160000000.0,-0.3989819288253784
7160937472.0,-0.42562395334243774
7161874944.0,-0.4502483010292053
7162812416.0,-0.47120460867881775
7163749888.0,-0.4890362322330475
7164687360.0,-0.504685640335083
7165624832.0,-0.5165352821350098
7166562304.0,-0.5253004431724548
7167499776.0,-0.5323421955108643
7168437248.0,-0.5371055006980896
7169375232.0,-0.5399751663208008
7170312704.0,-0.5426239371299744
7171250176.0,-0.5451903343200684
7172187648.0,-0.5469322204589844
7173125120.0,-0.5511960387229919
7174062592.0,-0.5560444593429565
7175000064.0,-0.5636501312255859
7175937536.0,-0.5718235969543457
7176875008.0,-0.5830895304679871
7177812480.0,-0.5968944430351257
7178749952.0,-0.6135260462760925
7179687424.0,-0.6318700313568115
7180624896.0,-0.6523798704147339
7181562368.0,-0.6736832857131958
7182499840.0,-0.6954506635665894
7183437312.0,-0.7169967889785767
7184374784.0,-0.7380167245864868
7185312256.0,-0.7560757994651794
7186250240.0,-0.7723591923713684
7187187712.0,-0.7859430909156799
7188125184.0,-0.7956748604774475
7189062656.0,-0.8034473061561584
7190000128.0,-0.8053339123725891
7190937600.0,-0.8053621053695679
7191875072.0,-0.7998934388160706
7192812544.0,-0.7927868962287903
7193750016.0,-0.7799654006958008
7194687488.0,-0.764654278755188
7195624960.0,-0.7466784119606018
7196562432.0,-0.7259681224822998
7197499904.0,-0.7027700543403625
7198437376.0,-0.6769201159477234
7199374848.0,-0.6505749225616455
7200312320.0,-0.6241752505302429
7201249792.0,-0.5963119268417358
7202187264.0,-0.5689568519592285
7203125248.0,-0.5435250997543335
7204062720.0,-0.6650850772857666
7205000192.0,-0.6564027667045593
7205937664.0,-0.6498756408691406
7206875136.0,-0.6460679769515991
7207812608.0,-0.645281195640564
7208750080.0,-0.6469191908836365
7209687552.0,-0.6496696472167969
7210625024.0,-0.6548967361450195
7211562496.0,-0.6669641137123108
7212499968.0,-0.6795661449432373
7213437440.0,-0.6949477791786194
7214374912.0,-0.7124619483947754
7215312384.0,-0.7319406867027283
7216249856.0,-0.7517147064208984
7217187328.0,-0.772394597530365
7218124800.0,-0.793205201625824
7219062272.0,-0.81357342004776
7219999744.0,-0.8347628712654114
7220937728.0,-0.8532274961471558
7221875200.0,-0.8729000687599182
7222812672.0,-0.8896986842155457
7223750144.0,-0.9060184955596924
7224687616.0,-0.9218162894248962
7225625088.0,-0.9346193075180054
7226562560.0,-0.9442313313484192
7227500032.0,-0.9558629989624023
7228437504.0,-0.9619228839874268
7229374976.0,-0.9676492214202881
7230312448.0,-0.9705276489257812
7231249920.0,-0.9713994860649109
7232187392.0,-0.9729146361351013
7233124864.0,-0.9716123938560486
7234062336.0,-0.9678782820701599
7234999808.0,-0.9645385146141052
7235937280.0,-0.9606616497039795
7236874752.0,-0.9573826193809509
7237812736.0,-0.9530198574066162
7238750208.0,-0.947501003742218
7239687680.0,-0.9429531097412109
7240625152.0,-0.9385470747947693
7241562624.0,-0.9344130754470825
7242500096.0,-0.9303683042526245
7243437568.0,-0.9281361699104309
7244375040.0,-0.927169680595398
7245312512.0,-0.9269861578941345
7246249984.0,-0.9290909171104431
7247187456.0,-0.9325369000434875
7248124928.0,-0.9379546046257019
7249062400.0,-0.9453253149986267
7249999872.0,-0.9548201560974121
7250937344.0,-0.9648385643959045
7251874816.0,-0.975951075553894
7252812288.0,-0.9887574911117554
7253749760.0,-1.0019842386245728
7254687744.0,-1.0176702737808228
7255625216.0,-1.0335229635238647
7256562688.0,-1.0494276285171509
7257500160.0,-1.0659066438674927
7258437632.0,-1.08330500125885
7259375104.0,-1.0991036891937256
7260312576.0,-1.116132378578186
7261250048.0,-1.1336843967437744
7262187520.0,-1.1480181217193604
7263124992.0,-1.1601862907409668
7264062464.0,-1.1883611679077148
7264999936.0,-1.2021700143814087
7265937408.0,-1.2165027856826782
7266874880.0,-1.2293415069580078
7267812352.0,-1.2429109811782837
7268749824.0,-1.255657434463501
7269687296.0,-1.2685805559158325
7270624768.0,-1.2800568342208862
7271562752.0,-1.2913217544555664
7272500224.0,-1.3015198707580566
7273437696.0,-1.3111802339553833
7274375168.0,-1.3197336196899414
7275312640.0,-1.32554292678833
7276250112.0,-1.3308666944503784
7277187584.0,-1.3330339193344116
7278125056.0,-1.3337262868881226
7279062528.0,-1.3324147462844849
7280000000.0,-1.3286274671554565
7280937472.0,-1.3228446245193481
7281874944.0,-1.3132694959640503
7282812416.0,-1.30250084400177
7283749888.0,-1.290191888809204
7284687360.0,-1.274642825126648
7285624832.0,-1.2574257850646973
7286562304.0,-1.2373756170272827
7287499776.0,-1.2150492668151855
7288437248.0,-1.1922783851623535
7289375232.0,-1.1673126220703125
7290312704.0,-1.139807105064392
7291250176.0,-1.111433506011963
7292187648.0,-1.0804481506347656
7293125120.0,-1.0490314960479736
7294062592.0,-1.0159330368041992
7295000064.0,-0.9809417128562927
7295937536.0,-0.9461968541145325
7296875008.0,-0.9109088182449341
7297812480.0,-0.8738588690757751
7298749952.0,-0.8372614979743958
7299687424.0,-0.8010051250457764
7300624896.0,-0.7642589807510376
7301562368.0,-0.7273538112640381
7302499840.0,-0.6921188235282898
7303437312.0,-0.6567615270614624
7304374784.0,-0.6218824982643127
7305312256.0,-0.589587390422821
7306250240.0,-0.555912435054779
7307187712.0,-0.5240685939788818
7308125184.0,-0.4926116168498993
7309062656.0,-0.4628969430923462
7310000128.0,-0.43371087312698364
7310937600.0,-0.4071301221847534
7311875072.0,-0.3814502954483032
7312812544.0,-0.3585429787635803
7313750016.0,-0.33984601497650146
7314687488.0,-0.3219987452030182
7315624960.0,-0.30605268478393555
7316562432.0,-0.29223644733428955
7317499904.0,-0.27918073534965515
7318437376.0,-0.26849958300590515
7319374848.0,-0.26043498516082764
7320312320.0,-0.2533781826496124
7321249792.0,-0.24880103766918182
7322187264.0,-0.24624858796596527
7323125248.0,-0.24545253813266754
7324062720.0,-0.4069574177265167
7325000192.0,-0.40527471899986267
7325937664.0,-0.40504294633865356
7326875136.0,-0.405879944562912
7327812608.0,-0.40881630778312683
7328750080.0,-0.4136544167995453
7329687552.0,-0.4187030494213104
7330625024.0,-0.42529594898223877
7331562496.0,-0.4344927966594696
7332499968.0,-0.4435656666755676
7333437440.0,-0.45416781306266785
7334374912.0,-0.4639785885810852
7335312384.0,-0.47470661997795105
7336249856.0,-0.48694542050361633
7337187328.0,-0.49932870268821716
7338124800.0,-0.5091129541397095
7339062272.0,-0.5207393169403076
7340000256.0,-0.5288313031196594
7340937728.0,-0.5390686988830566
7341875200.0,-0.5464075207710266
7342812672.0,-0.5531926155090332
7343750144.0,-0.5590258836746216
7344687616.0,-0.563910186290741
7345625088.0,-0.5670095682144165
7346562560.0,-0.5692029595375061
7347500032.0,-0.5693543553352356
7348437504.0,-0.5687751173973083
7349374976.0,-0.5671460628509521
7350312448.0,-0.5622805953025818
7351249920.0,-0.5565801858901978
7352187392.0,-0.5500714778900146
7353124864.0,-0.5422671437263489
7354062336.0,-0.5335061550140381
7354999808.0,-0.523370623588562
7355937280.0,-0.5128755569458008
7356874752.0,-0.5015497803688049
7357812736.0,-0.48848485946655273
7358750208.0,-0.474906861782074
7359687680.0,-0.4626646339893341
7360625152.0,-0.4488999545574188
7361562624.0,-0.43381714820861816
7362500096.0,-0.41972965002059937
7363437568.0,-0.40325796604156494
7364375040.0,-0.3862113952636719
7365312512.0,-0.3671432435512543
7366249984.0,-0.3481757640838623
7367187456.0,-0.329372763633728
7368124928.0,-0.3110083043575287
7369062400.0,-0.29199233651161194
7369999872.0,-0.2734954059123993
7370937344.0,-0.25390031933784485
7371874816.0,-0.23563791811466217
7372812288.0,-0.2155732810497284
7373749760.0,-0.19828727841377258
7374687744.0,-0.1775200217962265
7375625216.0,-0.15762442350387573
7376562688.0,-0.13746552169322968
7377500160.0,-0.11700553447008133
7378437632.0,-0.0971463993191719
7379375104.0,-0.07513198256492615
7380312576.0,-0.053198106586933136
7381250048.0,-0.03215134143829346
7382187520.0,-0.0092301731929183
7383124992.0,0.01276369858533144
7384062464.0,0.027884623035788536
7384999936.0,0.03565111383795738
7385937408.0,0.041383836418390274
7386874880.0,0.048290498554706573
7387812352.0,0.054394423961639404
7388749824.0,0.05894538387656212
7389687296.0,0.06408151984214783
7390624768.0,0.06912591308355331
7391562752.0,0.07465586811304092
7392500224.0,0.07949288189411163
7393437696.0,0.08406781405210495
7394375168.0,0.08956998586654663
7395312640.0,0.09464260935783386
7396250112.0,0.10073208063840866
7397187584.0,0.10765182226896286
7398125056.0,0.11447039246559143
7399062528.0,0.12207607924938202
7400000000.0,0.1289648860692978
7400937472.0,0.13653184473514557
7401874944.0,0.14516258239746094
7402812416.0,0.15229389071464539
7403749888.0,0.15874789655208588
7404687360.0,0.16490694880485535
7405624832.0,0.1703919917345047
7406562304.0,0.17312543094158173
7407499776.0,0.17622993886470795
7408437248.0,0.17637595534324646
7409375232.0,0.1753673404455185
7410312704.0,0.17194481194019318
7411250176.0,0.16614258289337158
7412187648.0,0.15787960588932037
7413125120.0,0.14728787541389465
7414062592.0,0.13346576690673828
7415000064.0,0.11797104775905609
7415937536.0,0.10017768293619156
7416875008.0,0.08028977364301682
7417812480.0,0.0580824613571167
7418749952.0,0.034907132387161255
7419687424.0,0.011019019410014153
7420624896.0,-0.013933093287050724
7421562368.0,-0.03934251144528389
7422499840.0,-0.06505167484283447
7423437312.0,-0.09058640152215958
7424374784.0,-0.1152511015534401
7425312256.0,-0.14115644991397858
7426250240.0,-0.1639700084924698
7427187712.0,-0.18644312024116516
7428125184.0,-0.20833486318588257
7429062656.0,-0.22750763595104218
7430000128.0,-0.245374858379364
7430937600.0,-0.26143932342529297
7431875072.0,-0.2772456705570221
7432812544.0,-0.29050251841545105
7433750016.0,-0.3036997616291046
7434687488.0,-0.3139081597328186
7435624960.0,-0.32347729802131653
7436562432.0,-0.331623911857605
7437499904.0,-0.3382731080055237
7438437376.0,-0.3451707363128662
7439374848.0,-0.3503696024417877
7440312320.0,-0.3534710705280304
7441249792.0,-0.3552045524120331
7442187264.0,-0.3561202585697174
7443125248.0,-0.35506704449653625
7444062720.0,-0.141103595495224
7445000192.0,-0.12309922277927399
7445937664.0,-0.10585339367389679
7446875136.0,-0.09333831071853638
7447812608.0,-0.08220145106315613
7448750080.0,-0.07347768545150757
7449687552.0,-0.06564684957265854
7450625024.0,-0.06019335612654686
7451562496.0,-0.05647759884595871
7452499968.0,-0.05296904221177101
7453437440.0,-0.0498349666595459
7454374912.0,-0.04899398982524872
7455312384.0,-0.046302616596221924
7456249856.0,-0.044751934707164764
7457187328.0,-0.04155721515417099
7458124800.0,-0.03787236660718918
7459062272.0,-0.034532010555267334
7459999744.0,-0.028837211430072784
7460937728.0,-0.02316189557313919
7461875200.0,-0.016797959804534912
7462812672.0,-0.009468515403568745
7463750144.0,0.0010690561030060053
7464687616.0,0.009499326348304749
7465625088.0,0.020920950919389725
7466562560.0,0.031012997031211853
7467500032.0,0.04228542000055313
7468437504.0,0.05478579178452492
7469374976.0,0.06595554947853088
7470312448.0,0.07898630946874619
7471249920.0,0.0919630154967308
7472187392.0,0.10387548059225082
7473124864.0,0.11572229117155075
7474062336.0,0.12782101333141327
7474999808.0,0.13782626390457153
7475937280.0,0.14804455637931824
7476874752.0,0.15696175396442413
7477812736.0,0.16438189148902893
7478750208.0,0.17212596535682678
7479687680.0,0.17601193487644196
7480625152.0,0.17987464368343353
7481562624.0,0.18211457133293152
7482500096.0,0.1826903074979782
7483437568.0,0.1818256974220276
7484375040.0,0.17940010130405426
7485312512.0,0.17427276074886322
7486249984.0,0.16840118169784546
7487187456.0,0.1619468629360199
7488124928.0,0.1539798378944397
7489062400.0,0.14496095478534698
7489999872.0,0.13352540135383606
7490937344.0,0.12042344361543655
7491874816.0,0.10402708500623703
7492812288.0,0.0870007872581482
7493749760.0,0.07021842896938324
7494687744.0,0.05213199928402901
7495625216.0,0.03313683345913887
7496562688.0,0.013700028881430626
7497500160.0,-0.0035543292760849
7498437632.0,-0.022924382239580154
7499375104.0,-0.04079146683216095
7500312576.0,-0.059019315987825394
7501250048.0,-0.07637577503919601
7502187520.0,-0.09347733110189438
7503124992.0,-0.10737361013889313
7504062464.0,-0.09269939363002777
7504999936.0,-0.10338810086250305
7505937408.0,-0.11326174437999725
7506874880.0,-0.1239667683839798
7507812352.0,-0.13295014202594757
7508749824.0,-0.14164294302463531
7509687296.0,-0.1506812870502472
7510624768.0,-0.15894661843776703
7511562752.0,-0.16736693680286407
7512500224.0,-0.17319679260253906
7513437696.0,-0.18118248879909515
7514375168.0,-0.18633796274662018
7515312640.0,-0.1910235583782196
7516250112.0,-0.19433718919754028
7517187584.0,-0.19915489852428436
7518125056.0,-0.20240265130996704
7519062528.0,-0.20419074594974518
7520000000.0,-0.20629887282848358
7520937472.0,-0.20694975554943085
7521874944.0,-0.2062680721282959
7522812416.0,-0.20466797053813934
7523749888.0,-0.20195287466049194
7524687360.0,-0.19819147884845734
7525624832.0,-0.1928323358297348
7526562304.0,-0.18711191415786743
7527499776.0,-0.1804693341255188
7528437248.0,-0.17296916246414185
7529375232.0,-0.16335812211036682
7530312704.0,-0.15348340570926666
7531250176.0,-0.14327289164066315
7532187648.0,-0.13128557801246643
7533125120.0,-0.1192590519785881
7534062592.0,-0.10556399822235107
7535000064.0,-0.09184353053569794
7535937536.0,-0.07747852802276611
7536875008.0,-0.06179355829954147
7537812480.0,-0.045452844351530075
7538749952.0,-0.02983769029378891
7539687424.0,-0.01200870331376791
7540624896.0,0.005887509323656559
7541562368.0,0.023247795179486275
7542499840.0,0.04341134428977966
7543437312.0,0.06458885967731476
7544374784.0,0.08463498204946518
7545312256.0,0.10603152960538864
7546250240.0,0.12694057822227478
7547187712.0,0.14764206111431122
7548125184.0,0.16884799301624298
7549062656.0,0.1889975517988205
7550000128.0,0.2098521590232849
7550937600.0,0.22984717786312103
7551875072.0,0.24927201867103577
7552812544.0,0.2688097059726715
7553750016.0,0.28645753860473633
7554687488.0,0.3049643039703369
7555624960.0,0.3213084638118744
7556562432.0,0.3366522789001465
7557499904.0,0.35086357593536377
7558437376.0,0.36506327986717224
7559374848.0,0.3757033050060272
7560312320.0,0.3850330114364624
7561249792.0,0.39298224449157715
7562187264.0,0.39867672324180603
7563125248.0,0.40276721119880676
7564062720.0,0.18300876021385193
7565000192.0,0.1828106790781021
7565937664.0,0.1809488832950592
7566875136.0,0.17931383848190308
7567812608.0,0.17760364711284637
7568750080.0,0.1747961938381195
7569687552.0,0.17141850292682648
7570625024.0,0.16764789819717407
7571562496.0,0.16126513481140137
7572499968.0,0.15535390377044678
7573437440.0,0.1462995857000351
7574374912.0,0.13856111466884613
7575312384.0,0.12856754660606384
7576249856.0,0.11734959483146667
7577187328.0,0.10545285791158676
7578124800.0,0.09087088704109192
7579062272.0,0.07586133480072021
7580000256.0,0.060944218188524246
7580937728.0,0.04503947123885155
7581875200.0,0.028416432440280914
7582812672.0,0.009821636602282524
7583750144.0,-0.007930425927042961
7584687616.0,-0.026880238205194473
7585625088.0,-0.04575873538851738
7586562560.0,-0.06728947907686234
7587500032.0,-0.08686193823814392
7588437504.0,-0.1070849671959877
7589374976.0,-0.12774880230426788
7590312448.0,-0.14815430343151093
7591249920.0,-0.1684798300266266
7592187392.0,-0.18743190169334412
7593124864.0,-0.20661692321300507
7594062336.0,-0.22457978129386902
7594999808.0,-0.24113740026950836
7595937280.0,-0.2570328116416931
7596874752.0,-0.2731744647026062
7597812736.0,-0.2871975004673004
7598750208.0,-0.2994643747806549
7599687680.0,-0.30977863073349
7600625152.0,-0.31956687569618225
7601562624.0,-0.3264487087726593
7602500096.0,-0.33264240622520447
7603437568.0,-0.3357584774494171
7604375040.0,-0.337708443403244
7605312512.0,-0.3383745849132538
7606249984.0,-0.33608266711235046
7607187456.0,-0.3318440914154053
7608124928.0,-0.32686737179756165
7609062400.0,-0.31793099641799927
7609999872.0,-0.3088836669921875
7610937344.0,-0.2967927157878876
7611874816.0,-0.282716304063797
7612812288.0,-0.26751792430877686
7613749760.0,-0.25003066658973694
7614687744.0,-0.2305179089307785
7615625216.0,-0.20783394575119019
7616562688.0,-0.18670019507408142
7617500160.0,-0.1632600724697113
7618437632.0,-0.13775333762168884
7619375104.0,-0.1104145497083664
7620312576.0,-0.08403662592172623
7621250048.0,-0.054661817848682404
7622187520.0,-0.027526134625077248
7623124992.0,0.0007892452995292842
7624062464.0,0.02817603200674057
7624999936.0,0.05559012293815613
7625937408.0,0.08220987021923065
7626874880.0,0.10966771095991135
7627812352.0,0.13398171961307526
7628749824.0,0.15776987373828888
7629687296.0,0.18063610792160034
7630624768.0,0.20332814753055573
7631562752.0,0.22265730798244476
7632500224.0,0.24175429344177246
7633437696.0,0.2595084607601166
7634375168.0,0.2729133367538452
7635312640.0,0.287545770406723
7636250112.0,0.29791706800460815
7637187584.0,0.30661776661872864
7638125056.0,0.31446021795272827
7639062528.0,0.31895726919174194
7640000000.0,0.3213441073894501
7640937472.0,0.32165369391441345
7641874944.0,0.31980106234550476
7642812416.0,0.31690067052841187
7643749888.0,0.3110450506210327
7644687360.0,0.30463290214538574
7645624832.0,0.29714614152908325
7646562304.0,0.2876962423324585
7647499776.0,0.2750149369239807
7648437248.0,0.26253563165664673
7649375232.0,0.24750040471553802
7650312704.0,0.230688214302063
7651250176.0,0.21362273395061493
7652187648.0,0.19446486234664917
7653125120.0,0.17406120896339417
7654062592.0,0.15257373452186584
7655000064.0,0.1301797479391098
7655937536.0,0.10625690221786499
7656875008.0,0.0817917138338089
7657812480.0,0.057083506137132645
7658749952.0,0.030842388048768044
7659687424.0,0.004345573019236326
7660624896.0,-0.02207282744348049
7661562368.0,-0.049303919076919556
7662499840.0,-0.07557308673858643
7663437312.0,-0.1019766703248024
7664374784.0,-0.12681607902050018
7665312256.0,-0.15193021297454834
7666250240.0,-0.17706815898418427
7667187712.0,-0.20044930279254913
7668125184.0,-0.22300784289836884
7669062656.0,-0.24396684765815735
7670000128.0,-0.26504138112068176
7670937600.0,-0.28295937180519104
7671875072.0,-0.2987743318080902
7672812544.0,-0.3137003481388092
7673750016.0,-0.3257206380367279
7674687488.0,-0.3360610902309418
7675624960.0,-0.34309375286102295
7676562432.0,-0.3478226661682129
7677499904.0,-0.35080522298812866
7678437376.0,-0.3503894805908203
7679374848.0,-0.34810158610343933
7680312320.0,-0.3437061309814453
7681249792.0,-0.3359057903289795
7682187264.0,-0.3264658749103546
7683125248.0,-0.3139541745185852
7684062720.0,-0.2920118570327759
7685000192.0,-0.28303274512290955
7685937664.0,-0.27111029624938965
7686875136.0,-0.2578233480453491
7687812608.0,-0.24372126162052155
7688750080.0,-0.2277134209871292
7689687552.0,-0.21045413613319397
7690625024.0,-0.1918456256389618
7691562496.0,-0.1737513244152069
7692499968.0,-0.15261636674404144
7693437440.0,-0.13339300453662872
7694374912.0,-0.11249025911092758
7695312384.0,-0.09476994723081589
7696249856.0,-0.07614494860172272
7697187328.0,-0.057154830545186996
7698124800.0,-0.03969965875148773
7699062272.0,-0.021669872105121613
7699999744.0,-0.004120717290788889
7700937728.0,0.013442174531519413
7701875200.0,0.029815511777997017
7702812672.0,0.0446089468896389
7703750144.0,0.05981600657105446
7704687616.0,0.07261795550584793
7705625088.0,0.08595728129148483
7706562560.0,0.09896649420261383
7707500032.0,0.11098688840866089
7708437504.0,0.12214882671833038
7709374976.0,0.13254889845848083
7710312448.0,0.14185579121112823
7711249920.0,0.1505272537469864
7712187392.0,0.15913815796375275
7713124864.0,0.16811442375183105
7714062336.0,0.17569775879383087
7714999808.0,0.18229053914546967
7715937280.0,0.1885395497083664
7716874752.0,0.19583985209465027
7717812736.0,0.20122581720352173
7718750208.0,0.20747920870780945
7719687680.0,0.21318697929382324
7720625152.0,0.21713106334209442
7721562624.0,0.21967923641204834
7722500096.0,0.22203028202056885
7723437568.0,0.22400328516960144
7724375040.0,0.2263416200876236
7725312512.0,0.22688962519168854
7726249984.0,0.22678795456886292
7727187456.0,0.22504137456417084
7728124928.0,0.2230520397424698
7729062400.0,0.2192867547273636
7729999872.0,0.2153988778591156
7730937344.0,0.20827865600585938
7731874816.0,0.2018168717622757
7732812288.0,0.192904993891716
7733749760.0,0.18307387828826904
7734687744.0,0.17176377773284912
7735625216.0,0.15824243426322937
7736562688.0,0.14363183081150055
7737500160.0,0.12817709147930145
7738437632.0,0.11001097410917282
7739375104.0,0.09280237555503845
7740312576.0,0.07217388600111008
7741250048.0,0.05087658390402794
7742187520.0,0.028905699029564857
7743124992.0,0.0057989382185041904
7744062464.0,-0.04292968660593033
7744999936.0,-0.04553352668881416
7745937408.0,-0.04970221966505051
7746874880.0,-0.054869644343853
7747812352.0,-0.06253591924905777
7748749824.0,-0.07020804286003113
7749687296.0,-0.07873973995447159
7750624768.0,-0.08978128433227539
7751562752.0,-0.10138919949531555
7752500224.0,-0.11621319502592087
7753437696.0,-0.1312418431043625
7754375168.0,-0.14709170162677765
7755312640.0,-0.16424797475337982
7756250112.0,-0.18215183913707733
7757187584.0,-0.20025421679019928
7758125056.0,-0.21985501050949097
7759062528.0,-0.23899130523204803
7760000000.0,-0.25766459107398987
7760937472.0,-0.27674025297164917
7761874944.0,-0.29599529504776
7762812416.0,-0.314378023147583
7763749888.0,-0.3317181169986725
7764687360.0,-0.34966155886650085
7765624832.0,-0.3660942018032074
7766562304.0,-0.3816468119621277
7767499776.0,-0.3948664963245392
7768437248.0,-0.40631911158561707
7769375232.0,-0.41746199131011963
7770312704.0,-0.4263511002063751
7771250176.0,-0.43310078978538513
7772187648.0,-0.4387381374835968
7773125120.0,-0.4425775706768036
7774062592.0,-0.44258570671081543
7775000064.0,-0.4426451623439789
7775937536.0,-0.43924686312675476
7776875008.0,-0.4333634078502655
7777812480.0,-0.42542991042137146
7778749952.0,-0.41397255659103394
7779687424.0,-0.40096569061279297
7780624896.0,-0.38471946120262146
7781562368.0,-0.3671794831752777
7782499840.0,-0.34673354029655457
7783437312.0,-0.3241962790489197
7784374784.0,-0.3003399670124054
7785312256.0,-0.2732996642589569
7786250240.0,-0.24564816057682037
7787187712.0,-0.21717528998851776
7788125184.0,-0.18623527884483337
7789062656.0,-0.15347425639629364
7790000128.0,-0.1217820793390274
7790937600.0,-0.08712103962898254
7791875072.0,-0.05337977036833763
7792812544.0,-0.019803838804364204
7793750016.0,0.015021717175841331
7794687488.0,0.048809658735990524
7795624960.0,0.08119113743305206
7796562432.0,0.11390217393636703
7797499904.0,0.1451144963502884
7798437376.0,0.17544437944889069
7799374848.0,0.20441663265228271
7800312320.0,0.23193936049938202
7801249792.0,0.25656118988990784
7802187264.0,0.2798766791820526
7803125248.0,0.299930602312088
7804062720.0,0.13268747925758362
7805000192.0,0.14519797265529633
7805937664.0,0.15641789138317108
7806875136.0,0.16626043617725372
7807812608.0,0.17530561983585358
7808750080.0,0.18079617619514465
7809687552.0,0.18465805053710938
7810625024.0,0.1880439817905426
7811562496.0,0.18726520240306854
7812499968.0,0.18558678030967712
7813437440.0,0.17999659478664398
7814374912.0,0.1739608645439148
7815312384.0,0.16456638276576996
7816249856.0,0.1523396223783493
7817187328.0,0.13825111091136932
7818124800.0,0.12241309881210327
7819062272.0,0.10468685626983643
7820000256.0,0.08425328135490417
7820937728.0,0.06176445633172989
7821875200.0,0.03860227018594742
7822812672.0,0.014961822889745235
7823750144.0,-0.008638567291200161
7824687616.0,-0.035254932940006256
7825625088.0,-0.06135522574186325
7826562560.0,-0.08929312229156494
7827500032.0,-0.11688306927680969
7828437504.0,-0.14506827294826508
7829374976.0,-0.17453494668006897
7830312448.0,-0.2036324143409729
7831249920.0,-0.23137979209423065
7832187392.0,-0.25939586758613586
7833124864.0,-0.2857426404953003
7834062336.0,-0.31239649653434753
7834999808.0,-0.337514728307724
7835937280.0,-0.3604257106781006
7836874752.0,-0.38272029161453247
7837812736.0,-0.40311598777770996
7838750208.0,-0.42198291420936584
7839687680.0,-0.4395727813243866
7840625152.0,-0.45416250824928284
7841562624.0,-0.46671733260154724
7842500096.0,-0.4776014983654022
7843437568.0,-0.4867018461227417
7844375040.0,-0.4938492178916931
7845312512.0,-0.49894338846206665
7846249984.0,-0.5012840628623962
7847187456.0,-0.502884030342102
7848124928.0,-0.4975315034389496
7849062400.0,-0.4921824634075165
7849999872.0,-0.4845186769962311
7850937344.0,-0.47461846470832825
7851874816.0,-0.46416130661964417
7852812288.0,-0.4521702229976654
7853749760.0,-0.4386621415615082
7854687744.0,-0.42440927028656006
7855625216.0,-0.41035839915275574
7856562688.0,-0.3941219449043274
7857500160.0,-0.37718766927719116
7858437632.0,-0.3598353862762451
7859375104.0,-0.3414415121078491
7860312576.0,-0.3237844407558441
7861250048.0,-0.30485010147094727
7862187520.0,-0.2864297926425934
7863124992.0,-0.26859214901924133
7864062464.0,-0.2503525912761688
7864999936.0,-0.23191693425178528
7865937408.0,-0.21390743553638458
7866874880.0,-0.1965659260749817
7867812352.0,-0.1799776703119278
7868749824.0,-0.16176480054855347
7869687296.0,-0.1431024819612503
7870624768.0,-0.1259647011756897
7871562752.0,-0.10781559348106384
7872500224.0,-0.08999194204807281
7873437696.0,-0.07287614792585373
7874375168.0,-0.05547686666250229
7875312640.0,-0.03891048952937126
7876250112.0,-0.023620998486876488
7877187584.0,-0.009012343361973763
7878125056.0,0.0026781463529914618
7879062528.0,0.013627714477479458
7880000000.0,0.02156592719256878
7880937472.0,0.029269805178046227
7881874944.0,0.03296081721782684
7882812416.0,0.03515344858169556
7883749888.0,0.03588663786649704
7884687360.0,0.03290938213467598
7885624832.0,0.02751125581562519
7886562304.0,0.01869267039000988
7887499776.0,0.00781956035643816
7888437248.0,-0.004367003683000803
7889375232.0,-0.020427582785487175
7890312704.0,-0.038181014358997345
7891250176.0,-0.05904741585254669
7892187648.0,-0.08131810277700424
7893125120.0,-0.1047508716583252
7894062592.0,-0.1297542154788971
7895000064.0,-0.15470173954963684
7895937536.0,-0.18234919011592865
7896875008.0,-0.2091793268918991
7897812480.0,-0.2355964183807373
7898749952.0,-0.2633175253868103
7899687424.0,-0.29355794191360474
7900624896.0,-0.321725994348526
7901562368.0,-0.3479726314544678
7902499840.0,-0.374690979719162
7903437312.0,-0.4007146656513214
7904374784.0,-0.4260386824607849
7905312256.0,-0.44977322220802307
7906250240.0,-0.4727470576763153
7907187712.0,-0.49483728408813477
7908125184.0,-0.5152128338813782
7909062656.0,-0.5346460938453674
7910000128.0,-0.5527960658073425
7910937600.0,-0.5717559456825256
7911875072.0,-0.5900644659996033
7912812544.0,-0.6071991324424744
7913750016.0,-0.6253963112831116
7914687488.0,-0.6424122452735901
7915624960.0,-0.6600207686424255
7916562432.0,-0.6773499846458435
7917499904.0,-0.6953555941581726
7918437376.0,-0.7144526839256287
7919374848.0,-0.7325844168663025
7920312320.0,-0.75310218334198
7921249792.0,-0.7742162942886353
7922187264.0,-0.7942407131195068
7923125248.0,-0.8153120279312134
7924062720.0,-0.8602876663208008
7925000192.0,-0.8651478290557861
7925937664.0,-0.8706707954406738
7926875136.0,-0.8738707304000854
7927812608.0,-0.8790996670722961
7928750080.0,-0.8819243907928467
7929687552.0,-0.8860653638839722
7930625024.0,-0.8893780708312988
7931562496.0,-0.8926435708999634
7932499968.0,-0.8961607813835144
7933437440.0,-0.8981397747993469
7934374912.0,-0.8991891145706177
7935312384.0,-0.8998863697052002
7936249856.0,-0.8994210362434387
7937187328.0,-0.8987796902656555
7938124800.0,-0.8967165350914001
7939062272.0,-0.8935219645500183
7939999744.0,-0.888007402420044
7940937728.0,-0.8833224177360535
7941875200.0,-0.8759324550628662
7942812672.0,-0.8668728470802307
7943750144.0,-0.8574178814888
7944687616.0,-0.844791054725647
7945625088.0,-0.8315648436546326
7946562560.0,-0.8151273727416992
7947500032.0,-0.7982321381568909
7948437504.0,-0.78000807762146
7949374976.0,-0.7588403820991516
7950312448.0,-0.7384723424911499
7951249920.0,-0.7169962525367737
7952187392.0,-0.6922431588172913
7953124864.0,-0.6683015823364258
7954062336.0,-0.6435202360153198
7954999808.0,-0.6180012822151184
7955937280.0,-0.589897871017456
7956874752.0,-0.5632105469703674
7957812736.0,-0.5346176624298096
7958750208.0,-0.5069332718849182
7959687680.0,-0.4790605902671814
7960625152.0,-0.4508470296859741
7961562624.0,-0.4231421649456024
7962500096.0,-0.39548930525779724
7963437568.0,-0.36848291754722595
7964375040.0,-0.3416024446487427
7965312512.0,-0.3164115846157074
7966249984.0,-0.2906431555747986
7967187456.0,-0.26671138405799866
7968124928.0,-0.2446802258491516
7969062400.0,-0.2224472612142563
7969999872.0,-0.20369572937488556
7970937344.0,-0.1848466545343399
7971874816.0,-0.16861513257026672
7972812288.0,-0.1548364907503128
7973749760.0,-0.14250244200229645
7974687744.0,-0.1314954310655594
7975625216.0,-0.12382226437330246
7976562688.0,-0.11909164488315582
7977500160.0,-0.11469640582799911
7978437632.0,-0.1122937947511673
7979375104.0,-0.1123327761888504
7980312576.0,-0.1144561767578125
7981250048.0,-0.11903291940689087
7982187520.0,-0.12369722872972488
7983124992.0,-0.12970124185085297
7984062464.0,-0.2546423077583313
7984999936.0,-0.2561519145965576
7985937408.0,-0.2576412856578827
7986874880.0,-0.26027464866638184
7987812352.0,-0.26491162180900574
7988749824.0,-0.26890185475349426
7989687296.0,-0.27608826756477356
7990624768.0,-0.2817497253417969
7991562752.0,-0.28822508454322815
7992500224.0,-0.2951586842536926
7993437696.0,-0.303249716758728
7994375168.0,-0.31186872720718384
7995312640.0,-0.32061251997947693
7996250112.0,-0.33010706305503845
7997187584.0,-0.3395841717720032
7998125056.0,-0.34997865557670593
7999062528.0,-0.3603588044643402
8000000000.0,-0.3694807291030884
