Frequency (Hz),Measurement
2000000000.0,0.14053361117839813
2000937472.0,0.1334490180015564
2001874944.0,0.1302526742219925
2002812544.0,0.12600113451480865
2003750016.0,0.12185491621494293
2004687488.0,0.11742451041936874
2005624960.0,0.11252461373806
2006562560.0,0.10758410394191742
2007500032.0,0.10193976014852524
2008437504.0,0.09707780927419662
2009374976.0,0.09082838147878647
2010312448.0,0.08533646911382675
2011250048.0,0.08029157668352127
2012187520.0,0.07418055832386017
2013124992.0,0.06872449815273285
2014062464.0,0.06216234341263771
2015000064.0,0.056479860097169876
2015937536.0,0.050591301172971725
2016875008.0,0.04546745866537094
2017812480.0,0.03992554917931557
2018749952.0,0.03481714427471161
2019687552.0,0.029254252091050148
2020625024.0,0.024854714050889015
2021562496.0,0.021204659715294838
2022499968.0,0.017988063395023346
2023437440.0,0.014569721184670925
2024375040.0,0.01201715786010027
2025312512.0,0.011439167894423008
2026249984.0,0.009651395492255688
2027187456.0,0.009616701863706112
2028125056.0,0.010121132247149944
2029062528.0,0.010988968424499035
2030000000.0,0.013533424586057663
2030937472.0,0.015446405857801437
2031874944.0,0.019869348034262657
2032812544.0,0.024788619950413704
2033750016.0,0.030801404267549515
2034687488.0,0.035879720002412796
2035624960.0,0.04255480319261551
2036562560.0,0.04942842200398445
2037500032.0,0.05701864883303642
2038437504.0,0.06480006873607635
2039374976.0,0.07222114503383636
2040312448.0,0.08031162619590759
2041250048.0,0.09021454304456711
2042187520.0,0.09779619425535202
2043124992.0,0.1061071902513504
2044062464.0,0.11362067610025406
2044999936.0,0.12065262347459793
2045937536.0,0.12624554336071014
2046875008.0,0.1309196501970291
2047812480.0,0.13500364124774933
2048749952.0,0.1444084495306015
2049687552.0,0.14029701054096222
2050625024.0,0.1345357596874237
2051562496.0,0.12931346893310547
2052499968.0,0.12199776619672775
2053437440.0,0.11573384702205658
2054375040.0,0.10839838534593582
2055312512.0,0.1011328473687172
2056249984.0,0.09322786331176758
2057187456.0,0.0866301953792572
2058125056.0,0.0805296003818512
2059062528.0,0.07305896282196045
2060000000.0,0.06586378067731857
2060937472.0,0.05845583975315094
2061874944.0,0.05228147655725479
2062812544.0,0.04562384635210037
2063750016.0,0.04046162590384483
2064687488.0,0.03419172018766403
2065624960.0,0.02953747846186161
2066562560.0,0.024326253682374954
2067500032.0,0.019633052870631218
2068437504.0,0.015861330553889275
2069374976.0,0.011360714212059975
2070312448.0,0.008181411772966385
2071250048.0,0.004993247799575329
2072187520.0,0.0026460480876266956
2073124992.0,-0.0001558371732244268
2074062464.0,-0.0022836346179246902
2075000064.0,-0.004724268801510334
2075937536.0,-0.006394905503839254
2076875008.0,-0.007501216139644384
2077812480.0,-0.0077134291641414165
2078749952.0,-0.009337085299193859
2079687552.0,-0.008150697685778141
2080625024.0,-0.008326778188347816
2081562496.0,-0.006989007815718651
2082499968.0,-0.0056619299575686455
2083437440.0,-0.004122486803680658
2084375040.0,-0.0020297470036894083
2085312512.0,0.001652102218940854
2086249984.0,0.00491766631603241
2087187456.0,0.008705019019544125
2088125056.0,0.01329682394862175
2089062528.0,0.0176297128200531
2090000000.0,0.023550866171717644
2090937472.0,0.029744306579232216
2091874944.0,0.03679489716887474
2092812544.0,0.04428083449602127
2093750016.0,0.05213754251599312
2094687488.0,0.060466524213552475
2095624960.0,0.06972847133874893
2096562560.0,0.08007658272981644
2097500032.0,0.09048487991094589
2098437504.0,0.10226574540138245
2099374976.0,0.11348558217287064
2100312448.0,0.1264549046754837
2101250048.0,0.13855792582035065
2102187520.0,0.1513640135526657
2103124992.0,0.1647074669599533
2104062464.0,0.17838691174983978
2104999936.0,0.19214670360088348
2105937536.0,0.205722838640213
2106875008.0,0.2187299132347107
2107812480.0,0.2319689691066742
2108749952.0,0.27069008350372314
2109687552.0,0.27915307879447937
2110625024.0,0.28756508231163025
2111562496.0,0.2944098114967346
2112499968.0,0.30010464787483215
2113437440.0,0.30567604303359985
2114375040.0,0.3082476556301117
2115312512.0,0.30977317690849304
2116249984.0,0.3081921339035034
2117187456.0,0.30361035466194153
2118125056.0,0.29774710536003113
2119062528.0,0.28766489028930664
2120000000.0,0.27567532658576965
2120937472.0,0.2605408728122711
2121874944.0,0.2429019957780838
2122812544.0,0.2219543308019638
2123750016.0,0.1985486000776291
2124687488.0,0.17464563250541687
2125624960.0,0.14781902730464935
2126562560.0,0.12109047174453735
2127500032.0,0.09393434226512909
2128437504.0,0.06698062270879745
2129374976.0,0.04018266871571541
2130312448.0,0.014139506034553051
2131250048.0,-0.010740294121205807
2132187520.0,-0.032961655408144
2133124992.0,-0.053440891206264496
2134062464.0,-0.0705784261226654
2135000064.0,-0.0862458348274231
2135937536.0,-0.09878683090209961
2136875008.0,-0.10901390761137009
2137812480.0,-0.11573674529790878
2138749952.0,-0.11932580173015594
2139687552.0,-0.12045672535896301
2140625024.0,-0.11846347153186798
2141562496.0,-0.11445009708404541
2142499968.0,-0.10765181481838226
2143437440.0,-0.09977401793003082
2144375040.0,-0.08887717127799988
2145312512.0,-0.0775720551609993
2146249984.0,-0.06503257900476456
2147187456.0,-0.051438942551612854
2148124928.0,-0.03680051863193512
2149062400.0,-0.02272881008684635
2150000128.0,-0.008727510459721088
2150937600.0,0.007363197859376669
2151875072.0,0.021517302840948105
2152812544.0,0.0350162647664547
2153750016.0,0.04763183742761612
2154687488.0,0.06001938506960869
2155624960.0,0.07260843366384506
2156562432.0,0.08373463153839111
2157499904.0,0.09524104744195938
2158437376.0,0.10600141435861588
2159375104.0,0.11543381959199905
2160312576.0,0.1254109889268875
2161250048.0,0.13529445230960846
2162187520.0,0.1436481773853302
2163124992.0,0.15246139466762543
2164062464.0,0.1613505482673645
2164999936.0,0.16948197782039642
2165937408.0,0.17773601412773132
2166874880.0,0.18572179973125458
2167812608.0,0.19388431310653687
2168750080.0,0.21891987323760986
2169687552.0,0.23030830919742584
2170625024.0,0.24201056361198425
2171562496.0,0.2528785467147827
2172499968.0,0.26333361864089966
2173437440.0,0.27354907989501953
2174374912.0,0.28232845664024353
2175312384.0,0.2905111312866211
2176250112.0,0.2975596487522125
2177187584.0,0.30249345302581787
2178125056.0,0.3064998984336853
2179062528.0,0.3083784282207489
2180000000.0,0.30797937512397766
2180937472.0,0.3060496747493744
2181874944.0,0.30204617977142334
2182812416.0,0.29517918825149536
2183749888.0,0.28805282711982727
2184687616.0,0.27691012620925903
2185625088.0,0.2650052309036255
2186562560.0,0.2509840428829193
2187500032.0,0.23463508486747742
2188437504.0,0.2171548753976822
2189374976.0,0.19870319962501526
2190312448.0,0.17911392450332642
2191249920.0,0.15857437252998352
2192187392.0,0.13753753900527954
2193125120.0,0.11590597033500671
2194062592.0,0.0952497124671936
2195000064.0,0.07418446987867355
2195937536.0,0.05403422191739082
2196875008.0,0.03428437560796738
2197812480.0,0.016817061230540276
2198749952.0,-0.0006121511687524617
2199687424.0,-0.015951301902532578
2200624896.0,-0.028910337015986443
2201562624.0,-0.04011419042944908
2202500096.0,-0.0493917278945446
2203437568.0,-0.05625981464982033
2204375040.0,-0.060422807931900024
2205312512.0,-0.06266771256923676
2206249984.0,-0.06302784383296967
2207187456.0,-0.060268327593803406
2208124928.0,-0.05561545118689537
2209062400.0,-0.04893156513571739
2209999872.0,-0.04041270539164543
2210937600.0,-0.030442828312516212
2211875072.0,-0.01771428994834423
2212812544.0,-0.005316892638802528
2213750016.0,0.009805637411773205
2214687488.0,0.0263286754488945
2215624960.0,0.04138133302330971
2216562432.0,0.059437345713377
2217499904.0,0.07647451758384705
2218437376.0,0.09395186603069305
2219375104.0,0.11071004718542099
2220312576.0,0.1275596171617508
2221250048.0,0.14330551028251648
2222187520.0,0.15986144542694092
2223124992.0,0.17368623614311218
2224062464.0,0.18673254549503326
2224999936.0,0.1981661319732666
2225937408.0,0.20871886610984802
2226874880.0,0.2177666425704956
2227812608.0,0.22534909844398499
2228750080.0,0.19806259870529175
2229687552.0,0.2035370022058487
2230625024.0,0.20907962322235107
2231562496.0,0.21340620517730713
2232499968.0,0.21575945615768433
2233437440.0,0.21642638742923737
2234374912.0,0.21598407626152039
2235312384.0,0.2125980257987976
2236250112.0,0.2069694846868515
2237187584.0,0.20066383481025696
2238125056.0,0.19127638638019562
2239062528.0,0.17993421852588654
2240000000.0,0.1662120819091797
2240937472.0,0.1510952115058899
2241874944.0,0.1342407912015915
2242812416.0,0.11682683229446411
2243749888.0,0.09731550514698029
2244687616.0,0.07710747420787811
2245625088.0,0.0566130131483078
2246562560.0,0.03561631962656975
2247500032.0,0.015030331909656525
2248437504.0,-0.005643261596560478
2249374976.0,-0.025401832535862923
2250312448.0,-0.04350738972425461
2251249920.0,-0.06005527451634407
2252187392.0,-0.07602253556251526
2253125120.0,-0.08851833641529083
2254062592.0,-0.09966477751731873
2255000064.0,-0.10807124525308609
2255937536.0,-0.11506064236164093
2256875008.0,-0.11889800429344177
2257812480.0,-0.12083838135004044
2258749952.0,-0.1190941259264946
2259687424.0,-0.11539236456155777
2260624896.0,-0.1100979596376419
2261562624.0,-0.10231368988752365
2262500096.0,-0.09192946553230286
2263437568.0,-0.08077839761972427
2264375040.0,-0.06722284108400345
2265312512.0,-0.05293824523687363
2266249984.0,-0.038034699857234955
2267187456.0,-0.022426970303058624
2268124928.0,-0.005274689756333828
2269062400.0,0.011517638340592384
2270000128.0,0.02876208908855915
2270937600.0,0.046240754425525665
2271875072.0,0.06484778970479965
2272812544.0,0.08163197338581085
2273750016.0,0.0975431278347969
2274687488.0,0.11444611847400665
2275624960.0,0.12932860851287842
2276562432.0,0.14390349388122559
2277499904.0,0.1575426310300827
2278437376.0,0.17021629214286804
2279375104.0,0.1820148378610611
2280312576.0,0.19236396253108978
2281250048.0,0.20180988311767578
2282187520.0,0.21065276861190796
2283124992.0,0.21887607872486115
2284062464.0,0.22504262626171112
2284999936.0,0.23197732865810394
2285937408.0,0.23714853823184967
2286874880.0,0.2421276867389679
2287812608.0,0.24659690260887146
2288750080.0,0.2581784129142761
2289687552.0,0.26624390482902527
2290625024.0,0.2738717496395111
2291562496.0,0.2818329334259033
2292499968.0,0.2897998094558716
2293437440.0,0.2962047755718231
2294374912.0,0.30360308289527893
2295312384.0,0.3084407448768616
2296250112.0,0.31371864676475525
2297187584.0,0.31710565090179443
2298125056.0,0.3193812966346741
2299062528.0,0.31959977746009827
2300000000.0,0.31808143854141235
2300937472.0,0.3149830102920532
2301874944.0,0.30902156233787537
2302812416.0,0.300868958234787
2303749888.0,0.28994426131248474
2304687616.0,0.2765529751777649
2305625088.0,0.26023629307746887
2306562560.0,0.24098040163516998
2307500032.0,0.21974246203899384
2308437504.0,0.19681568443775177
2309374976.0,0.1713022142648697
2310312448.0,0.14435681700706482
2311249920.0,0.11585352569818497
2312187392.0,0.08759760856628418
2313125120.0,0.0579158253967762
2314062592.0,0.028472358360886574
2315000064.0,-0.0007971934392116964
2315937536.0,-0.027049563825130463
2316875008.0,-0.053019650280475616
2317812480.0,-0.07756618410348892
2318749952.0,-0.09823822230100632
2319687424.0,-0.11917397379875183
2320624896.0,-0.13568167388439178
2321562624.0,-0.1508789211511612
2322500096.0,-0.1641022264957428
2323437568.0,-0.17520473897457123
2324375040.0,-0.1831859052181244
2325312512.0,-0.18850773572921753
2326249984.0,-0.1935330331325531
2327187456.0,-0.19510579109191895
2328124928.0,-0.19462856650352478
2329062400.0,-0.19372795522212982
2329999872.0,-0.18992936611175537
2330937600.0,-0.18491290509700775
2331875072.0,-0.1787533015012741
2332812544.0,-0.17092567682266235
2333750016.0,-0.16156263649463654
2334687488.0,-0.15065738558769226
2335624960.0,-0.13782303035259247
2336562432.0,-0.12404265254735947
2337499904.0,-0.107754185795784
2338437376.0,-0.09125777333974838
2339375104.0,-0.07094614952802658
2340312576.0,-0.05005260556936264
2341250048.0,-0.028424900025129318
2342187520.0,-0.0053773061372339725
2343124992.0,0.0187640730291605
2344062464.0,0.04323852062225342
2344999936.0,0.06922954320907593
2345937408.0,0.09573456645011902
2346874880.0,0.12209174782037735
2347812608.0,0.1482607126235962
2348750080.0,0.2053007185459137
2349687552.0,0.2207961082458496
2350625024.0,0.23383478820323944
2351562496.0,0.24361497163772583
2352499968.0,0.24972374737262726
2353437440.0,0.2528022825717926
2354374912.0,0.251600056886673
2355312384.0,0.24744319915771484
2356250112.0,0.24002505838871002
2357187584.0,0.22868487238883972
2358125056.0,0.21456779539585114
2359062528.0,0.1976734846830368
2360000000.0,0.17730797827243805
2360937472.0,0.1549847573041916
2361874944.0,0.13048988580703735
2362812416.0,0.10312014073133469
2363749888.0,0.07535982131958008
2364687616.0,0.046970680356025696
2365625088.0,0.018162721768021584
2366562560.0,-0.010736169293522835
2367500032.0,-0.040056079626083374
2368437504.0,-0.06912371516227722
2369374976.0,-0.09684120118618011
2370312448.0,-0.12379880994558334
2371249920.0,-0.14885906875133514
2372187392.0,-0.17160871624946594
2373125120.0,-0.19349908828735352
2374062592.0,-0.21099518239498138
2375000064.0,-0.22739163041114807
2375937536.0,-0.24049173295497894
2376875008.0,-0.25032758712768555
2377812480.0,-0.2578880190849304
2378749952.0,-0.26248833537101746
2379687424.0,-0.26411014795303345
2380624896.0,-0.26297152042388916
2381562624.0,-0.25990793108940125
2382500096.0,-0.2541750967502594
2383437568.0,-0.24582256376743317
2384375040.0,-0.23533450067043304
2385312512.0,-0.22312647104263306
2386249984.0,-0.2097255438566208
2387187456.0,-0.19477802515029907
2388124928.0,-0.17831166088581085
2389062400.0,-0.16095580160617828
2390000128.0,-0.14347244799137115
2390937600.0,-0.12602651119232178
2391875072.0,-0.1085503026843071
2392812544.0,-0.09168706089258194
2393750016.0,-0.07570052146911621
2394687488.0,-0.06012720242142677
2395624960.0,-0.04691853001713753
2396562432.0,-0.03238701820373535
2397499904.0,-0.020591355860233307
2398437376.0,-0.009142995811998844
2399375104.0,-0.0003020651056431234
2400312576.0,0.008548112586140633
2401250048.0,0.015314332209527493
2402187520.0,0.021500132977962494
2403124992.0,0.02580682374536991
2404062464.0,0.02937423251569271
2404999936.0,0.03185439854860306
2405937408.0,0.032203514128923416
2406874880.0,0.03167039901018143
2407812608.0,0.029999462887644768
2408750080.0,0.0249940175563097
2409687552.0,0.03084258735179901
2410625024.0,0.033706702291965485
2411562496.0,0.035154253244400024
2412499968.0,0.03348248451948166
2413437440.0,0.030148139223456383
2414374912.0,0.024794088676571846
2415312384.0,0.016172733157873154
2416250112.0,0.006168903782963753
2417187584.0,-0.00559234619140625
2418125056.0,-0.020276948809623718
2419062528.0,-0.03705704212188721
2420000000.0,-0.055112797766923904
2420937472.0,-0.07339167594909668
2421874944.0,-0.09507393091917038
2422812416.0,-0.11655377596616745
2423749888.0,-0.13828136026859283
2424687616.0,-0.1615486592054367
2425625088.0,-0.18402451276779175
2426562560.0,-0.20618267357349396
2427500032.0,-0.2291433960199356
2428437504.0,-0.2514672875404358
2429374976.0,-0.2726082503795624
2430312448.0,-0.2938963770866394
2431249920.0,-0.31268128752708435
2432187392.0,-0.3303847908973694
2433125120.0,-0.3493267595767975
2434062592.0,-0.3638272285461426
2435000064.0,-0.3798830807209015
2435937536.0,-0.3934263586997986
2436875008.0,-0.4054078757762909
2437812480.0,-0.4167829751968384
2438749952.0,-0.4258432686328888
2439687424.0,-0.43463683128356934
2440624896.0,-0.44124817848205566
2441562624.0,-0.4450635015964508
2442500096.0,-0.4481882154941559
2443437568.0,-0.4496820271015167
2444375040.0,-0.45000362396240234
2445312512.0,-0.44945698976516724
2446249984.0,-0.4478625953197479
2447187456.0,-0.44606271386146545
2448124928.0,-0.4420739412307739
2449062400.0,-0.43810248374938965
2449999872.0,-0.43305322527885437
2450937600.0,-0.42786261439323425
2451875072.0,-0.42179909348487854
2452812544.0,-0.41059765219688416
2453750016.0,-0.40867510437965393
2454687488.0,-0.4040629267692566
2455624960.0,-0.3982512056827545
2456562432.0,-0.3928455114364624
2457499904.0,-0.38808000087738037
2458437376.0,-0.38322198390960693
2459375104.0,-0.37843334674835205
2460312576.0,-0.3753860592842102
2461250048.0,-0.3732408881187439
2462187520.0,-0.3723825514316559
2463124992.0,-0.37280967831611633
2464062464.0,-0.3744361996650696
2464999936.0,-0.3778141438961029
2465937408.0,-0.3836893141269684
2466874880.0,-0.3912143111228943
2467812608.0,-0.40226098895072937
2468750080.0,-0.4904498755931854
2469687552.0,-0.5119416117668152
2470625024.0,-0.5361671447753906
2471562496.0,-0.5641317367553711
2472499968.0,-0.5938829183578491
2473437440.0,-0.6282234787940979
2474374912.0,-0.6649370789527893
2475312384.0,-0.7046601176261902
2476250112.0,-0.7479520440101624
2477187584.0,-0.7937397956848145
2478125056.0,-0.845986008644104
2479062528.0,-0.8999539613723755
2480000000.0,-0.9555423259735107
2480937472.0,-1.0160048007965088
2481874944.0,-1.0777027606964111
2482812416.0,-1.1422005891799927
2483749888.0,-1.2108514308929443
2484687616.0,-1.2841097116470337
2485625088.0,-1.3609631061553955
2486562560.0,-1.4422192573547363
2487500032.0,-1.5272583961486816
2488437504.0,-1.6163312196731567
2489374976.0,-1.7097535133361816
2490312448.0,-1.807835578918457
2491249920.0,-1.9104734659194946
2492187392.0,-2.0180928707122803
2493125120.0,-2.1299221515655518
2494062592.0,-2.2454793453216553
2495000064.0,-2.3674979209899902
2495937536.0,-2.494682788848877
2496875008.0,-2.6296112537384033
2497812480.0,-2.7688045501708984
2498749952.0,-2.9168291091918945
2499687424.0,-3.073054552078247
2500624896.0,-3.239840030670166
2501562624.0,-3.420893907546997
2502500096.0,-3.6136555671691895
2503437568.0,-3.817725419998169
2504375040.0,-4.0383477210998535
2505312512.0,-4.272817134857178
2506249984.0,-4.523245811462402
2507187456.0,-4.791215896606445
2508124928.0,-5.075121879577637
2509062400.0,-5.374452114105225
2510000128.0,-5.690536022186279
2510937600.0,-6.017625331878662
2511875072.0,-6.354440212249756
2512812544.0,-6.689333915710449
2513750016.0,-7.001919269561768
2514687488.0,-7.286870956420898
2515624960.0,-7.526708126068115
2516562432.0,-7.708462715148926
2517499904.0,-7.815549850463867
2518437376.0,-7.844006538391113
2519375104.0,-7.7890543937683105
2520312576.0,-7.6510090827941895
2521250048.0,-7.44185733795166
2522187520.0,-7.1674699783325195
2523124992.0,-6.848507404327393
2524062464.0,-6.495420932769775
2524999936.0,-6.126617431640625
2525937408.0,-5.749845504760742
2526874880.0,-5.3747148513793945
2527812608.0,-5.009956359863281
2528750080.0,-4.655033111572266
2529687552.0,-4.324836254119873
2530625024.0,-4.015908241271973
2531562496.0,-3.7263481616973877
2532499968.0,-3.457519769668579
2533437440.0,-3.207376718521118
2534374912.0,-2.975736141204834
2535312384.0,-2.7621405124664307
2536250112.0,-2.567365884780884
2537187584.0,-2.3890187740325928
2538125056.0,-2.227665662765503
2539062528.0,-2.0796396732330322
2540000000.0,-1.9445642232894897
2540937472.0,-1.8224356174468994
2541874944.0,-1.7116285562515259
2542812416.0,-1.6101347208023071
2543749888.0,-1.5179036855697632
2544687616.0,-1.435381293296814
2545625088.0,-1.359946608543396
2546562560.0,-1.2918758392333984
2547500032.0,-1.230713129043579
2548437504.0,-1.176292061805725
2549374976.0,-1.1258865594863892
2550312448.0,-1.0817193984985352
2551249920.0,-1.0415303707122803
2552187392.0,-1.0056970119476318
2553125120.0,-0.9735454320907593
2554062592.0,-0.9443936347961426
2555000064.0,-0.9174740314483643
2555937536.0,-0.8926002979278564
2556875008.0,-0.8697916865348816
2557812480.0,-0.848334789276123
2558749952.0,-0.8291406631469727
2559687424.0,-0.8089799880981445
2560624896.0,-0.7898132801055908
2561562624.0,-0.7706895470619202
2562500096.0,-0.7521370649337769
2563437568.0,-0.7332800030708313
2564375040.0,-0.7147583961486816
2565312512.0,-0.6945827603340149
2566249984.0,-0.6759836673736572
2567187456.0,-0.6540203094482422
2568124928.0,-0.6315134763717651
2569062400.0,-0.6088728904724121
2569999872.0,-0.5852785706520081
2570937600.0,-0.5612065196037292
2571875072.0,-0.5354351997375488
2572812544.0,-0.508732795715332
2573750016.0,-0.4820805490016937
2574687488.0,-0.45320066809654236
2575624960.0,-0.42496880888938904
2576562432.0,-0.39531150460243225
2577499904.0,-0.36487868428230286
2578437376.0,-0.3334389626979828
2579375104.0,-0.303691029548645
2580312576.0,-0.2730875313282013
2581250048.0,-0.24227555096149445
2582187520.0,-0.2132032811641693
2583124992.0,-0.18289677798748016
2584062464.0,-0.15564368665218353
2584999936.0,-0.12795235216617584
2585937408.0,-0.10186704993247986
2586874880.0,-0.07754761725664139
2587812608.0,-0.055033259093761444
2588750080.0,-0.03061199001967907
2589687552.0,-0.016510169953107834
2590625024.0,-0.0043938239105045795
2591562496.0,0.007009326014667749
2592499968.0,0.015789050608873367
2593437440.0,0.02195964939892292
2594374912.0,0.02639065310359001
2595312384.0,0.028729001060128212
2596250112.0,0.028572136536240578
2597187584.0,0.027891134843230247
2598125056.0,0.025364266708493233
2599062528.0,0.020710252225399017
2600000000.0,0.014415806159377098
2600937472.0,0.007153714541345835
2601874944.0,-0.00229037762619555
2602812416.0,-0.012647834606468678
2603749888.0,-0.023809101432561874
2604687616.0,-0.035862214863300323
2605625088.0,-0.04725891724228859
2606562560.0,-0.06140880659222603
2607500032.0,-0.07532799988985062
2608437504.0,-0.08911306411027908
2609374976.0,-0.10295100510120392
2610312448.0,-0.1164637953042984
2611249920.0,-0.1294514238834381
2612187392.0,-0.14333020150661469
2613125120.0,-0.15566295385360718
2614062592.0,-0.16725100576877594
2615000064.0,-0.1777287870645523
2615937536.0,-0.18923528492450714
2616875008.0,-0.19763632118701935
2617812480.0,-0.20502935349941254
2618749952.0,-0.2124103456735611
2619687424.0,-0.21723689138889313
2620624896.0,-0.2208801805973053
2621562624.0,-0.2238963097333908
2622500096.0,-0.22545740008354187
2623437568.0,-0.2253546267747879
2624375040.0,-0.22266395390033722
2625312512.0,-0.21931828558444977
2626249984.0,-0.2138674259185791
2627187456.0,-0.20741310715675354
2628124928.0,-0.1997535526752472
2629062400.0,-0.1895170658826828
2630000128.0,-0.17948955297470093
2630937600.0,-0.16729487478733063
2631875072.0,-0.15327323973178864
2632812544.0,-0.13854578137397766
2633750016.0,-0.12287116795778275
2634687488.0,-0.10669243335723877
2635624960.0,-0.08940137177705765
2636562432.0,-0.07123727351427078
2637499904.0,-0.051975782960653305
2638437376.0,-0.03441232442855835
2639375104.0,-0.015699950978159904
2640312576.0,0.003901400836184621
2641250048.0,0.023492181673645973
2642187520.0,0.0426359623670578
2643124992.0,0.060160331428050995
2644062464.0,0.07847200334072113
2644999936.0,0.09542762488126755
2645937408.0,0.1121164858341217
2646874880.0,0.12703336775302887
2647812608.0,0.15232184529304504
2648750080.0,0.16623753309249878
2649687552.0,0.17926867306232452
2650625024.0,0.19032663106918335
2651562496.0,0.1987248659133911
2652499968.0,0.2057146430015564
2653437440.0,0.20859059691429138
2654374912.0,0.2100481539964676
2655312384.0,0.20759306848049164
2656250112.0,0.20408619940280914
2657187584.0,0.19823692739009857
2658125056.0,0.1889558583498001
2659062528.0,0.17881906032562256
2660000000.0,0.1661926954984665
2660937472.0,0.15152870118618011
2661874944.0,0.13557101786136627
2662812416.0,0.1176086887717247
2663749888.0,0.09917102009057999
2664687616.0,0.0794890746474266
2665625088.0,0.05913436785340309
2666562560.0,0.038359686732292175
2667500032.0,0.017552493140101433
2668437504.0,-0.0031283677089959383
2669374976.0,-0.023404156789183617
2670312448.0,-0.043157514184713364
2671249920.0,-0.06222919747233391
2672187392.0,-0.08045662194490433
2673125120.0,-0.09759784489870071
2674062592.0,-0.11275885254144669
2675000064.0,-0.1260880082845688
2675937536.0,-0.13862468302249908
2676875008.0,-0.1489620804786682
2677812480.0,-0.15754999220371246
2678749952.0,-0.16376255452632904
2679687424.0,-0.16823677718639374
2680624896.0,-0.17042233049869537
2681562624.0,-0.17057020962238312
2682500096.0,-0.16827040910720825
2683437568.0,-0.16551172733306885
2684375040.0,-0.15927165746688843
2685312512.0,-0.1512792408466339
2686249984.0,-0.14271314442157745
2687187456.0,-0.13063201308250427
2688124928.0,-0.11786144226789474
2689062400.0,-0.10471032559871674
2689999872.0,-0.0887751504778862
2690937600.0,-0.07356125116348267
2691875072.0,-0.05611123517155647
2692812544.0,-0.03881707414984703
2693750016.0,-0.02042841911315918
2694687488.0,-0.0031986308749765158
2695624960.0,0.01628965698182583
2696562432.0,0.03331051766872406
2697499904.0,0.05194951221346855
2698437376.0,0.06948550045490265
2699375104.0,0.0857553631067276
2700312576.0,0.10235581547021866
2701250048.0,0.11754677444696426
2702187520.0,0.13152971863746643
2703124992.0,0.1451142430305481
2704062464.0,0.1569981426000595
2704999936.0,0.16799913346767426
2705937408.0,0.1776917278766632
2706874880.0,0.18582682311534882
2707812608.0,0.20521636307239532
2708750080.0,0.20940116047859192
2709687552.0,0.21289776265621185
2710625024.0,0.21478626132011414
2711562496.0,0.2162490338087082
2712499968.0,0.21609896421432495
2713437440.0,0.2147688865661621
2714374912.0,0.2118275761604309
2715312384.0,0.2081255465745926
2716250112.0,0.20192062854766846
2717187584.0,0.19591495394706726
2718125056.0,0.1881922483444214
2719062528.0,0.17983247339725494
2720000000.0,0.1687241494655609
2720937472.0,0.15717636048793793
2721874944.0,0.14413897693157196
2722812416.0,0.1298893243074417
2723749888.0,0.11499250680208206
2724687616.0,0.09801188111305237
2725625088.0,0.0807051882147789
2726562560.0,0.06282676011323929
2727500032.0,0.0441855825483799
2728437504.0,0.025593051686882973
2729374976.0,0.006539143621921539
2730312448.0,-0.013551930896937847
2731249920.0,-0.0333525650203228
2732187392.0,-0.05170687660574913
2733125120.0,-0.0710938349366188
2734062592.0,-0.08895518630743027
2735000064.0,-0.10712694376707077
2735937536.0,-0.1231316402554512
2736875008.0,-0.1384821981191635
2737812480.0,-0.15257376432418823
2738749952.0,-0.1645401120185852
2739687424.0,-0.17477530241012573
2740624896.0,-0.18203218281269073
2741562624.0,-0.18829497694969177
2742500096.0,-0.19239473342895508
2743437568.0,-0.1935153305530548
2744375040.0,-0.19337479770183563
2745312512.0,-0.19043706357479095
2746249984.0,-0.18420688807964325
2747187456.0,-0.1767732799053192
2748124928.0,-0.1671338528394699
2749062400.0,-0.15433503687381744
2750000128.0,-0.14077654480934143
2750937600.0,-0.12486116588115692
2751875072.0,-0.10688406229019165
2752812544.0,-0.08817034214735031
2753750016.0,-0.0672803446650505
2754687488.0,-0.04614628478884697
2755624960.0,-0.024263300001621246
2756562432.0,-0.0014221551828086376
2757499904.0,0.02132631279528141
2758437376.0,0.043888866901397705
2759375104.0,0.06500279903411865
2760312576.0,0.08735688030719757
2761250048.0,0.10692522674798965
2762187520.0,0.1265648454427719
2763124992.0,0.14435411989688873
2764062464.0,0.16064603626728058
2764999936.0,0.17499813437461853
2765937408.0,0.1868182122707367
2766874880.0,0.19835558533668518
2767812608.0,0.239506334066391
2768750080.0,0.24383890628814697
2769687552.0,0.2454337328672409
2770625024.0,0.24535958468914032
2771562496.0,0.24452833831310272
2772499968.0,0.2413490116596222
2773437440.0,0.2363598644733429
2774374912.0,0.23059844970703125
2775312384.0,0.22312645614147186
2776250112.0,0.21432042121887207
2777187584.0,0.20457832515239716
2778125056.0,0.19419312477111816
2779062528.0,0.18104667961597443
2780000000.0,0.1690458506345749
2780937472.0,0.15560756623744965
2781874944.0,0.14160262048244476
2782812416.0,0.12759077548980713
2783749888.0,0.11226100474596024
2784687616.0,0.0969143658876419
2785625088.0,0.08124102652072906
2786562560.0,0.06551030278205872
2787500032.0,0.05077743157744408
2788437504.0,0.03453632816672325
2789374976.0,0.019691800698637962
2790312448.0,0.005236561875790358
2791249920.0,-0.008368361741304398
2792187392.0,-0.022392772138118744
2793125120.0,-0.03450724482536316
2794062592.0,-0.046615052968263626
2795000064.0,-0.05798184126615524
2795937536.0,-0.06704268604516983
2796875008.0,-0.0764220580458641
2797812480.0,-0.08287511020898819
2798749952.0,-0.09044717997312546
2799687424.0,-0.0960380807518959
2800624896.0,-0.09912678599357605
2801562624.0,-0.10066346079111099
2802500096.0,-0.10189507156610489
2803437568.0,-0.10108449310064316
2804375040.0,-0.09913712739944458
2805312512.0,-0.09460711479187012
2806249984.0,-0.08976549655199051
2807187456.0,-0.08189606666564941
2808124928.0,-0.0736054852604866
2809062400.0,-0.06430634111166
2809999872.0,-0.05369957536458969
2810937600.0,-0.0406646728515625
2811875072.0,-0.02761293761432171
2812812544.0,-0.013556687161326408
2813750016.0,0.0017607806948944926
2814687488.0,0.01745442859828472
2815624960.0,0.033482782542705536
2816562432.0,0.051738131791353226
2817499904.0,0.06872621178627014
2818437376.0,0.08628830313682556
2819375104.0,0.10426541417837143
2820312576.0,0.12076172977685928
2821250048.0,0.1372714340686798
2822187520.0,0.15304447710514069
2823124992.0,0.16747155785560608
2824062464.0,0.18155770003795624
2824999936.0,0.19506952166557312
2825937408.0,0.20600968599319458
2826874880.0,0.21557894349098206
2827812608.0,0.23020051419734955
2828750080.0,0.2347908318042755
2829687552.0,0.23844841122627258
2830625024.0,0.24018479883670807
2831562496.0,0.24029035866260529
2832499968.0,0.23811310529708862
2833437440.0,0.2339179515838623
2834374912.0,0.22807367146015167
2835312384.0,0.220211923122406
2836250112.0,0.21143031120300293
2837187584.0,0.20016314089298248
2838125056.0,0.18865370750427246
2839062528.0,0.1752886325120926
2840000000.0,0.16132935881614685
2840937472.0,0.1451391875743866
2841874944.0,0.12899190187454224
2842812416.0,0.11259918659925461
2843749888.0,0.09590480476617813
2844687616.0,0.07841939479112625
2845625088.0,0.0607779286801815
2846562560.0,0.04203202575445175
2847500032.0,0.025229694321751595
2848437504.0,0.00812623742967844
2849374976.0,-0.00822325237095356
2850312448.0,-0.024023083969950676
2851249920.0,-0.03882063552737236
2852187392.0,-0.052374936640262604
2853125120.0,-0.06594439595937729
2854062592.0,-0.07813610136508942
2855000064.0,-0.08869070559740067
2855937536.0,-0.09727460145950317
2856875008.0,-0.10366031527519226
2857812480.0,-0.11034859716892242
2858749952.0,-0.11450706422328949
2859687424.0,-0.1172996386885643
2860624896.0,-0.11703316867351532
2861562624.0,-0.11512818932533264
2862500096.0,-0.11161110550165176
2863437568.0,-0.10837504267692566
2864375040.0,-0.10198336839675903
2865312512.0,-0.09402856230735779
2866249984.0,-0.08545610308647156
2867187456.0,-0.07333887368440628
2868124928.0,-0.06206599995493889
2869062400.0,-0.04895050823688507
2870000128.0,-0.03382086381316185
2870937600.0,-0.018693342804908752
2871875072.0,-0.003040202194824815
2872812544.0,0.014477751217782497
2873750016.0,0.0302627794444561
2874687488.0,0.04821307957172394
2875624960.0,0.06581711024045944
2876562432.0,0.0825294479727745
2877499904.0,0.09969821572303772
2878437376.0,0.11588336527347565
2879375104.0,0.1324680596590042
2880312576.0,0.14788998663425446
2881250048.0,0.1628890037536621
2882187520.0,0.1768607795238495
2883124992.0,0.1893201321363449
2884062464.0,0.2018078863620758
2884999936.0,0.2115979641675949
2885937408.0,0.22128038108348846
2886874880.0,0.22919203341007233
2887812608.0,0.2132432460784912
2888750080.0,0.21656501293182373
2889687552.0,0.21886096894741058
2890625024.0,0.2216351181268692
2891562496.0,0.22195965051651
2892499968.0,0.22165246307849884
2893437440.0,0.22103765606880188
2894374912.0,0.21842706203460693
2895312384.0,0.2139233499765396
2896250112.0,0.20821388065814972
2897187584.0,0.2015233337879181
2898125056.0,0.19294553995132446
2899062528.0,0.18257197737693787
2900000000.0,0.17155836522579193
2900937472.0,0.15886057913303375
2901874944.0,0.14493973553180695
2902812416.0,0.13000614941120148
2903749888.0,0.11424273252487183
2904687616.0,0.09811264276504517
2905625088.0,0.08048371225595474
2906562560.0,0.06262282282114029
2907500032.0,0.045882612466812134
2908437504.0,0.027972307056188583
2909374976.0,0.010925003327429295
2910312448.0,-0.00602836674079299
2911249920.0,-0.022981584072113037
2912187392.0,-0.037066709250211716
2913125120.0,-0.05186532065272331
2914062592.0,-0.06334398686885834
2915000064.0,-0.07359907031059265
2915937536.0,-0.08317796140909195
2916875008.0,-0.09120015799999237
2917812480.0,-0.09631668031215668
2918749952.0,-0.09901897609233856
2919687424.0,-0.10067016631364822
2920624896.0,-0.09967036545276642
2921562624.0,-0.09606797993183136
2922500096.0,-0.09067631512880325
2923437568.0,-0.08332353085279465
2924375040.0,-0.07437502592802048
2925312512.0,-0.062174245715141296
2926249984.0,-0.050322335213422775
2927187456.0,-0.03481532633304596
2928124928.0,-0.020618431270122528
2929062400.0,-0.002959636738523841
2929999872.0,0.013426312245428562
2930937600.0,0.031449105590581894
2931875072.0,0.04985261335968971
2932812544.0,0.06700042635202408
2933750016.0,0.08505638688802719
2934687488.0,0.10178886353969574
2935624960.0,0.1180310845375061
2936562432.0,0.13345736265182495
2937499904.0,0.1485806107521057
2938437376.0,0.16191557049751282
2939375104.0,0.17309927940368652
2940312576.0,0.184459388256073
2941250048.0,0.19372107088565826
2942187520.0,0.20194444060325623
2943124992.0,0.20822538435459137
2944062464.0,0.2133929431438446
2944999936.0,0.21734248101711273
2945937408.0,0.2206716537475586
2946874880.0,0.22229111194610596
2947812608.0,0.20295114815235138
2948750080.0,0.20104818046092987
2949687552.0,0.19778409600257874
2950625024.0,0.19560082256793976
2951562496.0,0.19200512766838074
2952499968.0,0.18880623579025269
2953437440.0,0.18475688993930817
2954374912.0,0.18104331195354462
2955312384.0,0.17772386968135834
2956250112.0,0.1733359843492508
2957187584.0,0.16905327141284943
2958125056.0,0.16473287343978882
2959062528.0,0.16011838614940643
2960000000.0,0.15572553873062134
2960937472.0,0.1510329693555832
2961874944.0,0.1450756937265396
2962812416.0,0.1407986581325531
2963749888.0,0.13546690344810486
2964687616.0,0.1295708268880844
2965625088.0,0.12343136221170425
2966562560.0,0.11826350539922714
2967500032.0,0.1111200749874115
2968437504.0,0.10469669848680496
2969374976.0,0.09799668192863464
2970312448.0,0.09147480875253677
2971249920.0,0.08478635549545288
2972187392.0,0.07715944945812225
2973125120.0,0.07006032019853592
2974062592.0,0.062306344509124756
2975000064.0,0.05582872033119202
2975937536.0,0.049206480383872986
2976875008.0,0.04163069278001785
2977812480.0,0.03556280955672264
2978749952.0,0.02835426852107048
2979687424.0,0.023349709808826447
2980624896.0,0.01789817214012146
2981562624.0,0.013076573610305786
2982500096.0,0.00905320979654789
2983437568.0,0.00514021422713995
2984375040.0,0.00317744561471045
2985312512.0,0.0010466926032677293
2986249984.0,-0.0008714547730050981
2987187456.0,-0.0023997933603823185
2988124928.0,-0.001629066769964993
2989062400.0,-0.0018855559173971415
2990000128.0,-0.001629641163162887
2990937600.0,2.4444858354399912e-05
2991875072.0,0.0007333356770686805
2992812544.0,0.002839162014424801
2993750016.0,0.004696941003203392
2994687488.0,0.007483188528567553
2995624960.0,0.010137214325368404
2996562432.0,0.012147142551839352
2997499904.0,0.01370938029140234
2998437376.0,0.017722584307193756
2999375104.0,0.01968376152217388
3000312576.0,0.025047801434993744
3001250048.0,0.02733810991048813
3002187520.0,0.029824255034327507
3003124992.0,0.031802576035261154
3004062464.0,0.03415016084909439
3004999936.0,0.034988705068826675
3005937408.0,0.03752817586064339
3006874880.0,0.038106124848127365
3007812608.0,0.12973356246948242
3008750080.0,0.1275383085012436
3009687552.0,0.12426194548606873
3010625024.0,0.12080308049917221
3011562496.0,0.11698165535926819
3012499968.0,0.11257486790418625
3013437440.0,0.10804741084575653
3014374912.0,0.10268693417310715
3015312384.0,0.09796015173196793
3016250112.0,0.09301844984292984
3017187584.0,0.08681948482990265
3018125056.0,0.08126106858253479
3019062528.0,0.07592106610536575
3020000000.0,0.06915196776390076
3020937472.0,0.06328891217708588
3021874944.0,0.057416655123233795
3022812416.0,0.051861438900232315
3023749888.0,0.04537765309214592
3024687616.0,0.039350517094135284
3025625088.0,0.03352365270256996
3026562560.0,0.027877336367964745
3027500032.0,0.022352738305926323
3028437504.0,0.016190432012081146
3029374976.0,0.01064405869692564
3030312448.0,0.00520078232511878
3031249920.0,-0.0010129937436431646
3032187392.0,-0.006667535286396742
3033125120.0,-0.011967603117227554
3034062592.0,-0.01709837280213833
3035000064.0,-0.02269008196890354
3035937536.0,-0.027467597275972366
3036875008.0,-0.03235943242907524
3037812480.0,-0.037015628069639206
3038749952.0,-0.04123302921652794
3039687424.0,-0.04569157958030701
3040624896.0,-0.04920373857021332
3041562624.0,-0.052710000425577164
3042500096.0,-0.05579809099435806
3043437568.0,-0.058358389884233475
3044375040.0,-0.06054697930812836
3045312512.0,-0.06338202208280563
3046249984.0,-0.06497804075479507
3047187456.0,-0.0656493604183197
3048124928.0,-0.06487122923135757
3049062400.0,-0.06534765660762787
3049999872.0,-0.06431858986616135
3050937600.0,-0.06248689070343971
3051875072.0,-0.060153719037771225
3052812544.0,-0.057875122874975204
3053750016.0,-0.05399526655673981
3054687488.0,-0.048988211899995804
3055624960.0,-0.044417332857847214
3056562432.0,-0.03853337839245796
3057499904.0,-0.03241555392742157
3058437376.0,-0.024992642924189568
3059375104.0,-0.016018567606806755
3060312576.0,-0.00745096430182457
3061250048.0,0.0021808568853884935
3062187520.0,0.01270284503698349
3063124992.0,0.023401442915201187
3064062464.0,0.0353144071996212
3064999936.0,0.0473136343061924
3065937408.0,0.05962586775422096
3066874880.0,0.07248581945896149
3067812608.0,0.13939468562602997
3068750080.0,0.14442279934883118
3069687552.0,0.14861933887004852
3070625024.0,0.15119758248329163
3071562496.0,0.1520359069108963
3072499968.0,0.15223775804042816
3073437440.0,0.15078379213809967
3074374912.0,0.14757157862186432
3075312384.0,0.14397041499614716
3076250112.0,0.13870295882225037
3077187584.0,0.13163435459136963
3078125056.0,0.12399614602327347
3079062528.0,0.11565341800451279
3080000000.0,0.10697940737009048
3080937472.0,0.09715975821018219
3081874944.0,0.08691715449094772
3082812416.0,0.07647781819105148
3083749888.0,0.06596484035253525
3084687616.0,0.05441294610500336
3085625088.0,0.043896570801734924
3086562560.0,0.03335554152727127
3087500032.0,0.0237932950258255
3088437504.0,0.014723212458193302
3089374976.0,0.005704218056052923
3090312448.0,-0.0016123714158311486
3091249920.0,-0.00992137286812067
3092187392.0,-0.015470652841031551
3093125120.0,-0.020500697195529938
3094062592.0,-0.024246178567409515
3095000064.0,-0.027374371886253357
3095937536.0,-0.028255311772227287
3096875008.0,-0.02937205322086811
3097812480.0,-0.02851901762187481
3098749952.0,-0.025915732607245445
3099687424.0,-0.02356547676026821
3100624896.0,-0.019424648955464363
3101562624.0,-0.015158659778535366
3102500096.0,-0.009578333236277103
3103437568.0,-0.0017579024424776435
3104375040.0,0.004713789094239473
3105312512.0,0.011656706221401691
3106249984.0,0.01976071670651436
3107187456.0,0.028013797476887703
3108124928.0,0.035792477428913116
3109062400.0,0.0434529073536396
3110000128.0,0.05162039026618004
3110937600.0,0.059212520718574524
3111875072.0,0.06751661002635956
3112812544.0,0.07455665618181229
3113750016.0,0.08206439018249512
3114687488.0,0.08952056616544724
3115624960.0,0.09558457136154175
3116562432.0,0.10135164111852646
3117499904.0,0.10752797871828079
3118437376.0,0.11284419894218445
3119375104.0,0.11746334284543991
3120312576.0,0.12069500237703323
3121250048.0,0.12479279935359955
3122187520.0,0.1278395652770996
3123124992.0,0.13042983412742615
3124062464.0,0.13333597779273987
3124999936.0,0.13593712449073792
3125937408.0,0.1377815306186676
3126874880.0,0.13929271697998047
3127812608.0,0.14537987112998962
3128750080.0,0.1453772783279419
3129687552.0,0.14499156177043915
3130625024.0,0.1430654078722
3131562496.0,0.14187294244766235
3132499968.0,0.14083655178546906
3133437440.0,0.13728730380535126
3134374912.0,0.13427560031414032
3135312384.0,0.13120855391025543
3136250112.0,0.12848922610282898
3137187584.0,0.12590503692626953
3138125056.0,0.12310513108968735
3139062528.0,0.12150415033102036
3140000000.0,0.12079107016324997
3140937472.0,0.11956969648599625
3141874944.0,0.12204832583665848
3142812416.0,0.1243889257311821
3143749888.0,0.12914031744003296
3144687616.0,0.13358528912067413
3145625088.0,0.13870754837989807
3146562560.0,0.14424696564674377
3147500032.0,0.14918582141399384
3148437504.0,0.15316042304039001
3149374976.0,0.1563906967639923
3150312448.0,0.15736471116542816
3151249920.0,0.1564701646566391
3152187392.0,0.15345187485218048
3153125120.0,0.14812564849853516
3154062592.0,0.14027224481105804
3155000064.0,0.13142310082912445
3155937536.0,0.11973390728235245
3156875008.0,0.10760989040136337
3157812480.0,0.09320876002311707
3158749952.0,0.07825052738189697
3159687424.0,0.06290950626134872
3160624896.0,0.04784991592168808
3161562624.0,0.032744646072387695
3162500096.0,0.018729224801063538
3163437568.0,0.004950256552547216
3164375040.0,-0.00628524087369442
3165312512.0,-0.016399122774600983
3166249984.0,-0.024038251489400864
3167187456.0,-0.030270272865891457
3168124928.0,-0.03436687961220741
3169062400.0,-0.036489441990852356
3169999872.0,-0.034311916679143906
3170937600.0,-0.03143932297825813
3171875072.0,-0.024983447045087814
3172812544.0,-0.018204959109425545
3173750016.0,-0.008456459268927574
3174687488.0,0.0024336297065019608
3175624960.0,0.014689692296087742
3176562432.0,0.02843269146978855
3177499904.0,0.0421748124063015
3178437376.0,0.056646812707185745
3179375104.0,0.07219655066728592
3180312576.0,0.08832333236932755
3181250048.0,0.10347335785627365
3182187520.0,0.11842317134141922
3183124992.0,0.13207697868347168
3184062464.0,0.14634452760219574
3184999936.0,0.15896035730838776
3185937408.0,0.1712413728237152
3186874880.0,0.18301354348659515
3187812608.0,0.15071307122707367
3188750080.0,0.14765803515911102
3189687552.0,0.14215333759784698
3190625024.0,0.136927530169487
3191562496.0,0.13161629438400269
3192499968.0,0.12470491230487823
3193437440.0,0.11944118142127991
3194374912.0,0.11301026493310928
3195312384.0,0.10747627168893814
3196250112.0,0.10312677174806595
3197187584.0,0.09792941808700562
3198125056.0,0.09410717338323593
3199062528.0,0.09046618640422821
3200000000.0,0.08792704343795776
3200937472.0,0.08516719937324524
3201874944.0,0.08395076543092728
3202812416.0,0.08252577483654022
3203749888.0,0.08228634297847748
3204687616.0,0.08313237875699997
3205625088.0,0.08318434655666351
3206562560.0,0.08540553599596024
3207500032.0,0.08707813173532486
3208437504.0,0.08960825949907303
3209374976.0,0.09184365719556808
3210312448.0,0.0946723222732544
3211249920.0,0.09669540077447891
3212187392.0,0.0999634861946106
3213125120.0,0.10275906324386597
3214062592.0,0.10523906350135803
3215000064.0,0.10782650113105774
3215937536.0,0.10873455554246902
3216875008.0,0.11076725274324417
3217812480.0,0.11252672970294952
3218749952.0,0.11378227174282074
3219687424.0,0.11490082740783691
3220624896.0,0.11503376066684723
3221562624.0,0.11513682454824448
3222500096.0,0.11489668488502502
3223437568.0,0.1131083220243454
3224375040.0,0.11298660933971405
3225312512.0,0.11233287304639816
3226249984.0,0.11117319017648697
3227187456.0,0.10957527160644531
3228124928.0,0.10868940502405167
3229062400.0,0.10870449990034103
3230000128.0,0.10822274535894394
3230937600.0,0.10775938630104065
3231875072.0,0.10854911804199219
3232812544.0,0.10937010496854782
3233750016.0,0.11154279112815857
3234687488.0,0.11364105343818665
3235624960.0,0.11591053009033203
3236562432.0,0.1189463809132576
3237499904.0,0.123430997133255
3238437376.0,0.12809282541275024
3239375104.0,0.1336333453655243
3240312576.0,0.13941548764705658
3241250048.0,0.1451023519039154
3242187520.0,0.15194132924079895
3243124992.0,0.15823432803153992
3244062464.0,0.16429351270198822
3244999936.0,0.17039595544338226
3245937408.0,0.1760982722043991
3246874880.0,0.1817244440317154
3247812608.0,0.09236496686935425
3248750080.0,0.08315099030733109
3249687552.0,0.07346446812152863
3250625024.0,0.06462688744068146
3251562496.0,0.0543348453938961
3252499968.0,0.04382137581706047
3253437440.0,0.03608023747801781
3254374912.0,0.02686595357954502
3255312384.0,0.019679391756653786
3256250112.0,0.015416093170642853
3257187584.0,0.012911425903439522
3258125056.0,0.010272456333041191
3259062528.0,0.011980870738625526
3260000000.0,0.01437238696962595
3260937472.0,0.016393525525927544
3261874944.0,0.020152857527136803
3262812416.0,0.024521319195628166
3263749888.0,0.029529105871915817
3264687616.0,0.034487951546907425
3265625088.0,0.03875848650932312
3266562560.0,0.04264220595359802
3267500032.0,0.0466439425945282
3268437504.0,0.05083223432302475
3269374976.0,0.05338256061077118
3270312448.0,0.05667596310377121
3271249920.0,0.0589556060731411
3272187392.0,0.061256323009729385
3273125120.0,0.06306695938110352
3274062592.0,0.0652228444814682
3275000064.0,0.0669836774468422
3275937536.0,0.06928697228431702
3276875008.0,0.07046499848365784
3277812480.0,0.07163682579994202
3278749952.0,0.07216037064790726
3279687424.0,0.07351157814264297
3280624896.0,0.07472115755081177
3281562624.0,0.07496293634176254
3282500096.0,0.07628501951694489
3283437568.0,0.0769583061337471
3284375040.0,0.07697738707065582
3285312512.0,0.07703438401222229
3286249984.0,0.07709606736898422
3287187456.0,0.07705911248922348
3288124928.0,0.07719747722148895
3289062400.0,0.07747272402048111
3289999872.0,0.076299287378788
3290937600.0,0.07674624770879745
3291875072.0,0.07669591158628464
3292812544.0,0.07748357951641083
3293750016.0,0.07751362770795822
3294687488.0,0.07830328494310379
3295624960.0,0.07879773527383804
3296562432.0,0.07959167659282684
3297499904.0,0.08130694180727005
3298437376.0,0.08286911249160767
3299375104.0,0.08392851054668427
3300312576.0,0.0868169516324997
3301250048.0,0.08987420052289963
3302187520.0,0.09278799593448639
3303124992.0,0.0963958129286766
3304062464.0,0.09998544305562973
3304999936.0,0.10421201586723328
3305937408.0,0.10942284762859344
3306874880.0,0.11368173360824585
3307812608.0,0.12615975737571716
3308750080.0,0.13406367599964142
3309687552.0,0.1413547247648239
3310625024.0,0.1493755728006363
3311562496.0,0.1575387567281723
3312499968.0,0.16552181541919708
3313437440.0,0.17266783118247986
3314374912.0,0.18151037395000458
3315312384.0,0.18748147785663605
3316250112.0,0.1934395283460617
3317187584.0,0.19881711900234222
3318125056.0,0.20428355038166046
3319062528.0,0.20897838473320007
3320000000.0,0.2123292088508606
3320937472.0,0.21496883034706116
3321874944.0,0.21552219986915588
3322812416.0,0.21619650721549988
3323749888.0,0.21466147899627686
3324687616.0,0.21237170696258545
3325625088.0,0.20916317403316498
3326562560.0,0.20397233963012695
3327500032.0,0.19822242856025696
3328437504.0,0.19147911667823792
3329374976.0,0.183529332280159
3330312448.0,0.17534396052360535
3331249920.0,0.16604302823543549
3332187392.0,0.1552649587392807
3333125120.0,0.14501670002937317
3334062592.0,0.13412146270275116
3335000064.0,0.12303890287876129
3335937536.0,0.11253634095191956
3336875008.0,0.10171989351511002
3337812480.0,0.09055852144956589
3338749952.0,0.08007035404443741
3339687424.0,0.07057894766330719
3340624896.0,0.05930521711707115
3341562624.0,0.050675731152296066
3342500096.0,0.04216434434056282
3343437568.0,0.03524024784564972
3344375040.0,0.029483025893568993
3345312512.0,0.02383062057197094
3346249984.0,0.019038001075387
3347187456.0,0.016370316967368126
3348124928.0,0.01417552214115858
3349062400.0,0.013890357688069344
3350000128.0,0.014885707758367062
3350937600.0,0.016639353707432747
3351875072.0,0.019251758232712746
3352812544.0,0.022956445813179016
3353750016.0,0.028509555384516716
3354687488.0,0.03439585864543915
3355624960.0,0.04154586046934128
3356562432.0,0.04920045658946037
3357499904.0,0.05738227814435959
3358437376.0,0.06658196449279785
3359375104.0,0.07556189596652985
3360312576.0,0.08593632280826569
3361250048.0,0.09583516418933868
3362187520.0,0.10614318400621414
3363124992.0,0.1152261346578598
3364062464.0,0.12510885298252106
3364999936.0,0.134336918592453
3365937408.0,0.14300256967544556
3366874880.0,0.14962349832057953
3367812608.0,0.03273013234138489
3368750080.0,0.035740505903959274
3369687552.0,0.03933459892868996
3370625024.0,0.04295077174901962
3371562496.0,0.04547368735074997
3372499968.0,0.04866056889295578
3373437440.0,0.04976838454604149
3374374912.0,0.049998942762613297
3375312384.0,0.049994587898254395
3376250112.0,0.04827162250876427
3377187584.0,0.044481027871370316
3378125056.0,0.0409444235265255
3379062528.0,0.03627389669418335
3380000000.0,0.030758066102862358
3380937472.0,0.023466376587748528
3381874944.0,0.01585191674530506
3382812416.0,0.007348945830017328
3383749888.0,-0.0017078863456845284
3384687616.0,-0.01192837581038475
3385625088.0,-0.02165016531944275
3386562560.0,-0.03260674700140953
3387500032.0,-0.0429791621863842
3388437504.0,-0.053954727947711945
3389374976.0,-0.06496116518974304
3390312448.0,-0.07556387037038803
3391249920.0,-0.08555411547422409
3392187392.0,-0.09641876071691513
3393125120.0,-0.10674281418323517
3394062592.0,-0.1160845011472702
3395000064.0,-0.1237427145242691
3395937536.0,-0.13162188231945038
3396875008.0,-0.13824333250522614
3397812480.0,-0.14400720596313477
3398749952.0,-0.14901840686798096
3399687424.0,-0.1536654680967331
3400624896.0,-0.15726545453071594
3401562624.0,-0.159782275557518
3402500096.0,-0.16187262535095215
3403437568.0,-0.16284415125846863
3404375040.0,-0.16329964995384216
3405312512.0,-0.16358914971351624
3406249984.0,-0.16310885548591614
3407187456.0,-0.16277486085891724
3408124928.0,-0.16181640326976776
3409062400.0,-0.16143476963043213
3409999872.0,-0.16134044528007507
3410937600.0,-0.16173309087753296
3411875072.0,-0.16226240992546082
3412812544.0,-0.16397352516651154
3413750016.0,-0.16629886627197266
3414687488.0,-0.1703689992427826
3415624960.0,-0.1757427304983139
3416562432.0,-0.18252073228359222
3417499904.0,-0.19174517691135406
3418437376.0,-0.20373059809207916
3419375104.0,-0.2160058617591858
3420312576.0,-0.23000921308994293
3421250048.0,-0.24602577090263367
3422187520.0,-0.26549816131591797
3423124992.0,-0.2866337299346924
3424062464.0,-0.30925360321998596
3424999936.0,-0.3340609669685364
3425937408.0,-0.36123427748680115
3426874880.0,-0.3892553746700287
3427812608.0,-0.4197661280632019
3428750080.0,-0.4490816295146942
3429687552.0,-0.4768321216106415
3430625024.0,-0.5053150653839111
3431562496.0,-0.5339356660842896
3432499968.0,-0.5611398816108704
3433437440.0,-0.5897819995880127
3434374912.0,-0.6179033517837524
3435312384.0,-0.6452231407165527
3436250112.0,-0.672756552696228
3437187584.0,-0.7010324597358704
3438125056.0,-0.7290982604026794
3439062528.0,-0.7583173513412476
3440000000.0,-0.7879301905632019
3440937472.0,-0.8191868662834167
3441874944.0,-0.8511083126068115
3442812416.0,-0.8854038715362549
3443749888.0,-0.9213721752166748
3444687616.0,-0.9608720541000366
3445625088.0,-1.0020488500595093
3446562560.0,-1.047010898590088
3447500032.0,-1.0933789014816284
3448437504.0,-1.1435139179229736
3449374976.0,-1.1952967643737793
3450312448.0,-1.2502429485321045
3451249920.0,-1.3082821369171143
3452187392.0,-1.3659805059432983
3453125120.0,-1.4244040250778198
3454062592.0,-1.4844433069229126
3455000064.0,-1.5457481145858765
3455937536.0,-1.607076644897461
3456875008.0,-1.6665685176849365
3457812480.0,-1.7243911027908325
3458749952.0,-1.776397943496704
3459687424.0,-1.820996880531311
3460624896.0,-1.8604415655136108
3461562624.0,-1.8920016288757324
3462500096.0,-1.9156324863433838
3463437568.0,-1.9321478605270386
3464375040.0,-1.941400170326233
3465312512.0,-1.9427016973495483
3466249984.0,-1.9372305870056152
3467187456.0,-1.9262968301773071
3468124928.0,-1.909837007522583
3469062400.0,-1.8869092464447021
3470000128.0,-1.859870195388794
3470937600.0,-1.8259085416793823
3471875072.0,-1.7874528169631958
3472812544.0,-1.7450770139694214
3473750016.0,-1.698094129562378
3474687488.0,-1.6475270986557007
3475624960.0,-1.5946766138076782
3476562432.0,-1.5410192012786865
3477499904.0,-1.4876264333724976
3478437376.0,-1.4344929456710815
3479375104.0,-1.3809641599655151
3480312576.0,-1.3313876390457153
3481250048.0,-1.285279631614685
3482187520.0,-1.2366918325424194
3483124992.0,-1.1895090341567993
3484062464.0,-1.1427280902862549
3484999936.0,-1.0969806909561157
3485937408.0,-1.0532552003860474
3486874880.0,-1.013451099395752
3487812608.0,-1.0069732666015625
3488750080.0,-0.9697036147117615
3489687552.0,-0.9349080920219421
3490625024.0,-0.9017457365989685
3491562496.0,-0.8698129653930664
3492499968.0,-0.839347243309021
3493437440.0,-0.8115406036376953
3494374912.0,-0.7857064604759216
3495312384.0,-0.7607079148292542
3496250112.0,-0.7389495968818665
3497187584.0,-0.7184322476387024
3498125056.0,-0.7002203464508057
3499062528.0,-0.6840240955352783
3500000000.0,-0.6690549850463867
3500937472.0,-0.6546528935432434
3501874944.0,-0.6414818167686462
3502812416.0,-0.6285123229026794
3503749888.0,-0.6152632236480713
3504687616.0,-0.6037858128547668
3505625088.0,-0.5926094055175781
3506562560.0,-0.5809181332588196
3507500032.0,-0.5694543719291687
3508437504.0,-0.558147132396698
3509374976.0,-0.5477089285850525
3510312448.0,-0.535756528377533
3511249920.0,-0.5245937705039978
3512187392.0,-0.5126384496688843
3513125120.0,-0.5004273653030396
3514062592.0,-0.4875287413597107
3515000064.0,-0.4727094769477844
3515937536.0,-0.4576314389705658
3516875008.0,-0.4408373236656189
3517812480.0,-0.4247034788131714
3518749952.0,-0.40715229511260986
3519687424.0,-0.3890927731990814
3520624896.0,-0.3701470196247101
3521562624.0,-0.3512142598628998
3522500096.0,-0.3325498402118683
3523437568.0,-0.31355762481689453
3524375040.0,-0.29517441987991333
3525312512.0,-0.2774796783924103
3526249984.0,-0.25930890440940857
3527187456.0,-0.242101788520813
3528124928.0,-0.22380784153938293
3529062400.0,-0.2063097208738327
3529999872.0,-0.1912386268377304
3530937600.0,-0.17678263783454895
3531875072.0,-0.1626543402671814
3532812544.0,-0.1503046452999115
3533750016.0,-0.13963793218135834
3534687488.0,-0.1308193802833557
3535624960.0,-0.1248827651143074
3536562432.0,-0.11968547850847244
3537499904.0,-0.11681276559829712
3538437376.0,-0.11617231369018555
3539375104.0,-0.11750725656747818
3540312576.0,-0.12008645385503769
3541250048.0,-0.12432019412517548
3542187520.0,-0.12988832592964172
3543124992.0,-0.13469213247299194
3544062464.0,-0.14207082986831665
3544999936.0,-0.1511007696390152
3545937408.0,-0.1615719050168991
3546874880.0,-0.17303301393985748
3547812608.0,-0.21046297252178192
3548750080.0,-0.20267270505428314
3549687552.0,-0.19505801796913147
3550625024.0,-0.18795132637023926
3551562496.0,-0.17979443073272705
3552499968.0,-0.1726437360048294
3553437440.0,-0.16595813632011414
3554374912.0,-0.15910248458385468
3555312384.0,-0.15525896847248077
3556250112.0,-0.15160313248634338
3557187584.0,-0.14771948754787445
3558125056.0,-0.14498594403266907
3559062528.0,-0.14267371594905853
3560000000.0,-0.1398288905620575
3560937472.0,-0.13694746792316437
3561874944.0,-0.13423797488212585
3562812416.0,-0.13127294182777405
3563749888.0,-0.12876830995082855
3564687616.0,-0.12703683972358704
3565625088.0,-0.12384410947561264
3566562560.0,-0.12155500799417496
3567500032.0,-0.11940693110227585
3568437504.0,-0.11740513890981674
3569374976.0,-0.11568184942007065
3570312448.0,-0.11281704902648926
3571249920.0,-0.11074397712945938
3572187392.0,-0.10693211853504181
3573125120.0,-0.1036301851272583
3574062592.0,-0.09992201626300812
3575000064.0,-0.09626957774162292
3575937536.0,-0.09290479123592377
3576875008.0,-0.08867162466049194
3577812480.0,-0.08506009727716446
3578749952.0,-0.07993227988481522
3579687424.0,-0.07615017890930176
3580624896.0,-0.0710679441690445
3581562624.0,-0.06796157360076904
3582500096.0,-0.0639006644487381
3583437568.0,-0.06072026491165161
3584375040.0,-0.058877844363451004
3585312512.0,-0.05551524460315704
3586249984.0,-0.053177375346422195
3587187456.0,-0.05081149563193321
3588124928.0,-0.049244508147239685
3589062400.0,-0.04860458895564079
3590000128.0,-0.047615572810173035
3590937600.0,-0.045634400099515915
3591875072.0,-0.047050733119249344
3592812544.0,-0.04761839658021927
3593750016.0,-0.04881804436445236
3594687488.0,-0.05008671060204506
3595624960.0,-0.052499111741781235
3596562432.0,-0.05426198989152908
3597499904.0,-0.057014063000679016
3598437376.0,-0.06021321192383766
3599375104.0,-0.062483273446559906
3600312576.0,-0.0664137601852417
3601250048.0,-0.06906981766223907
3602187520.0,-0.07256430387496948
3603124992.0,-0.07458927482366562
3604062464.0,-0.07655952125787735
3604999936.0,-0.07886353880167007
3605937408.0,-0.08105669170618057
3606874880.0,-0.0828048586845398
3607812608.0,-0.08808271586894989
3608750080.0,-0.08690837770700455
3609687552.0,-0.08536333590745926
3610625024.0,-0.08512578159570694
3611562496.0,-0.08393169939517975
3612499968.0,-0.08400475233793259
3613437440.0,-0.08395814895629883
3614374912.0,-0.08498192578554153
3615312384.0,-0.08639185130596161
3616250112.0,-0.08784942328929901
3617187584.0,-0.0902676209807396
3618125056.0,-0.09333711117506027
3619062528.0,-0.09556936472654343
3620000000.0,-0.09845759719610214
3620937472.0,-0.1029786616563797
3621874944.0,-0.10588143020868301
3622812416.0,-0.10810232907533646
3623749888.0,-0.11136187613010406
3624687616.0,-0.11387225240468979
3625625088.0,-0.11654486507177353
3626562560.0,-0.11913599073886871
3627500032.0,-0.12127650529146194
3628437504.0,-0.12313197553157806
3629374976.0,-0.12397146970033646
3630312448.0,-0.12454979121685028
3631249920.0,-0.12472227960824966
3632187392.0,-0.12435665726661682
3633125120.0,-0.12199661880731583
3634062592.0,-0.11981921643018723
3635000064.0,-0.1162073090672493
3635937536.0,-0.11273954063653946
3636875008.0,-0.10877740383148193
3637812480.0,-0.10345005244016647
3638749952.0,-0.09774100035429001
3639687424.0,-0.09098723530769348
3640624896.0,-0.08483456075191498
3641562624.0,-0.07776845991611481
3642500096.0,-0.07014601677656174
3643437568.0,-0.06161070987582207
3644375040.0,-0.05313025414943695
3645312512.0,-0.045511260628700256
3646249984.0,-0.03679060563445091
3647187456.0,-0.027507709339261055
3648124928.0,-0.01912866346538067
3649062400.0,-0.01175786554813385
3649999872.0,-0.004547485150396824
3650937600.0,0.0023506765719503164
3651875072.0,0.008208846673369408
3652812544.0,0.014651349745690823
3653750016.0,0.01991162821650505
3654687488.0,0.024722019210457802
3655624960.0,0.029041152447462082
3656562432.0,0.03295474871993065
3657499904.0,0.03617509827017784
3658437376.0,0.038427840918302536
3659375104.0,0.039773643016815186
3660312576.0,0.04010847210884094
3661250048.0,0.03953948989510536
3662187520.0,0.037263423204422
3663124992.0,0.035899568349123
3664062464.0,0.03274285048246384
3664999936.0,0.02813597582280636
3665937408.0,0.02332974597811699
3666874880.0,0.017113061621785164
3667812608.0,0.00963534601032734
3668750080.0,0.004302348475903273
3669687552.0,3.456054037087597e-05
3670625024.0,-0.0036373392213135958
3671562496.0,-0.0076058404520154
3672499968.0,-0.010606306605041027
3673437440.0,-0.012860174290835857
3674374912.0,-0.01485429611057043
3675312384.0,-0.01677834428846836
3676250112.0,-0.017827704548835754
3677187584.0,-0.018611010164022446
3678125056.0,-0.018670279532670975
3679062528.0,-0.01915902830660343
3680000000.0,-0.017866069450974464
3680937472.0,-0.01635722443461418
3681874944.0,-0.01539536565542221
3682812416.0,-0.0133598567917943
3683749888.0,-0.01122351735830307
3684687616.0,-0.00854356586933136
3685625088.0,-0.006523090414702892
3686562560.0,-0.003962108865380287
3687500032.0,-0.001085806405171752
3688437504.0,0.0013839786406606436
3689374976.0,0.0048369113355875015
3690312448.0,0.008255928754806519
3691249920.0,0.012062178924679756
3692187392.0,0.01471586711704731
3693125120.0,0.017817094922065735
3694062592.0,0.02009989507496357
3695000064.0,0.022225910797715187
3695937536.0,0.025103572756052017
3696875008.0,0.02715783566236496
3697812480.0,0.02961946278810501
3698749952.0,0.031223269179463387
3699687424.0,0.032325878739356995
3700624896.0,0.03380203992128372
3701562624.0,0.0335945263504982
3702500096.0,0.03253714367747307
3703437568.0,0.030242450535297394
3704375040.0,0.026366062462329865
3705312512.0,0.02220406010746956
3706249984.0,0.01693722978234291
3707187456.0,0.009973076172173023
3708124928.0,0.0020985330920666456
3709062400.0,-0.007700036745518446
3710000128.0,-0.018100593239068985
3710937600.0,-0.03061014786362648
3711875072.0,-0.04325996711850166
3712812544.0,-0.05873249098658562
3713750016.0,-0.07366808503866196
3714687488.0,-0.0913715660572052
3715624960.0,-0.10949419438838959
3716562432.0,-0.1293533444404602
3717499904.0,-0.14977237582206726
3718437376.0,-0.1699942946434021
3719375104.0,-0.19017952680587769
3720312576.0,-0.21139495074748993
3721250048.0,-0.23231883347034454
3722187520.0,-0.2530739903450012
3723124992.0,-0.27317413687705994
3724062464.0,-0.29184457659721375
3724999936.0,-0.31007009744644165
3725937408.0,-0.32591861486434937
3726874880.0,-0.3405649662017822
3727812608.0,-0.028612954542040825
3728750080.0,-0.02818942628800869
3729687552.0,-0.028498219326138496
3730625024.0,-0.028801819309592247
3731562496.0,-0.031262412667274475
3732499968.0,-0.034233395010232925
3733437440.0,-0.037093404680490494
3734374912.0,-0.04109281301498413
3735312384.0,-0.044257912784814835
3736250112.0,-0.04777657613158226
3737187584.0,-0.04936998337507248
3738125056.0,-0.05043937265872955
3739062528.0,-0.05030086636543274
3740000000.0,-0.050124283879995346
3740937472.0,-0.04925719276070595
3741874944.0,-0.04737069830298424
3742812416.0,-0.04569011181592941
3743749888.0,-0.04094454646110535
3744687616.0,-0.0378752239048481
3745625088.0,-0.033228036016225815
3746562560.0,-0.02746191993355751
3747500032.0,-0.020698128268122673
3748437504.0,-0.013055979274213314
3749374976.0,-0.004283678252249956
3750312448.0,0.005424654111266136
3751249920.0,0.015121806412935257
3752187392.0,0.02551017515361309
3753125120.0,0.03525343909859657
3754062592.0,0.046511441469192505
3755000064.0,0.057201843708753586
3755937536.0,0.06730307638645172
3756875008.0,0.07777975499629974
3757812480.0,0.08707785606384277
3758749952.0,0.09641195833683014
3759687424.0,0.10444541275501251
3760624896.0,0.11164939403533936
3761562624.0,0.11762669682502747
3762500096.0,0.12273277342319489
3763437568.0,0.1258852779865265
3764375040.0,0.12750394642353058
3765312512.0,0.1286245584487915
3766249984.0,0.1270531564950943
3767187456.0,0.12528204917907715
3768124928.0,0.12183331698179245
3769062400.0,0.11539589613676071
3769999872.0,0.10909777879714966
3770937600.0,0.10135626047849655
3771875072.0,0.0917295292019844
3772812544.0,0.08234883099794388
3773750016.0,0.07165560126304626
3774687488.0,0.06099585071206093
3775624960.0,0.0498758964240551
3776562432.0,0.03784632310271263
3777499904.0,0.02548990398645401
3778437376.0,0.013343182392418385
3779375104.0,0.001314406981691718
3780312576.0,-0.01091447751969099
3781250048.0,-0.022380884736776352
3782187520.0,-0.03494749590754509
3783124992.0,-0.04519781470298767
3784062464.0,-0.05587552860379219
3784999936.0,-0.06589360535144806
3785937408.0,-0.07468448579311371
3786874880.0,-0.06763269007205963
3787812608.0,-0.07119077444076538
3788750080.0,-0.07560576498508453
3789687552.0,-0.07917845994234085
3790625024.0,-0.08272626250982285
3791562496.0,-0.08586741238832474
3792499968.0,-0.09061424434185028
3793437440.0,-0.09415925294160843
3794374912.0,-0.09616997092962265
3795312384.0,-0.09918703138828278
3796250112.0,-0.1003677174448967
3797187584.0,-0.10026983171701431
3798125056.0,-0.10047746449708939
3799062528.0,-0.09735386818647385
3800000000.0,-0.09383174777030945
3800937472.0,-0.08942095935344696
3801874944.0,-0.08359448611736298
3802812416.0,-0.07773640751838684
3803749888.0,-0.07083477079868317
3804687616.0,-0.06269907206296921
3805625088.0,-0.054589852690696716
3806562560.0,-0.0460347980260849
3807500032.0,-0.036319177597761154
3808437504.0,-0.02705306001007557
3809374976.0,-0.018651207908988
3810312448.0,-0.010089482180774212
3811249920.0,-0.0013956151669844985
3812187392.0,0.006740938872098923
3813125120.0,0.014780743047595024
3814062592.0,0.021817654371261597
3815000064.0,0.028211580589413643
3815937536.0,0.03461192548274994
3816875008.0,0.040097735822200775
3817812480.0,0.04497573897242546
3818749952.0,0.04904527589678764
3819687424.0,0.05208852142095566
3820624896.0,0.054349083453416824
3821562624.0,0.05453042685985565
3822500096.0,0.05501459538936615
3823437568.0,0.054670218378305435
3824375040.0,0.05255625769495964
3825312512.0,0.050513170659542084
3826249984.0,0.04704635217785835
3827187456.0,0.04393355920910835
3828124928.0,0.039981354027986526
3829062400.0,0.03607023507356644
3830000128.0,0.031196294352412224
3830937600.0,0.02655501291155815
3831875072.0,0.021944424137473106
3832812544.0,0.016933515667915344
3833750016.0,0.011643106117844582
3834687488.0,0.0053061251528561115
3835624960.0,-0.00016657017113175243
3836562432.0,-0.005671064369380474
3837499904.0,-0.010166986845433712
3838437376.0,-0.014414027333259583
3839375104.0,-0.02070343866944313
3840312576.0,-0.023740999400615692
3841250048.0,-0.02826886624097824
3842187520.0,-0.03226674720644951
3843124992.0,-0.035839568823575974
3844062464.0,-0.040291160345077515
3844999936.0,-0.044603779911994934
3845937408.0,-0.0472819060087204
3846874880.0,-0.04473197087645531
3847812608.0,-0.047791916877031326
3848750080.0,-0.05053836107254028
3849687552.0,-0.05292613059282303
3850625024.0,-0.054505228996276855
3851562496.0,-0.05613580346107483
3852499968.0,-0.05725723132491112
3853437440.0,-0.05884270742535591
3854374912.0,-0.060243863612413406
3855312384.0,-0.06061732396483421
3856250112.0,-0.061277225613594055
3857187584.0,-0.06094067916274071
3858125056.0,-0.06050654128193855
3859062528.0,-0.05804023891687393
3860000000.0,-0.05659449100494385
3860937472.0,-0.05402617156505585
3861874944.0,-0.05169996619224548
3862812416.0,-0.04907786101102829
3863749888.0,-0.0472722202539444
3864687616.0,-0.04697289690375328
3865625088.0,-0.04740017279982567
3866562560.0,-0.04846075922250748
3867500032.0,-0.05149910971522331
3868437504.0,-0.05723794177174568
3869374976.0,-0.06376327574253082
3870312448.0,-0.07276901602745056
3871249920.0,-0.08182696253061295
3872187392.0,-0.09278019517660141
3873125120.0,-0.10376223176717758
3874062592.0,-0.11541250348091125
3875000064.0,-0.1278703361749649
3875937536.0,-0.13860438764095306
3876875008.0,-0.14967314898967743
3877812480.0,-0.15892557799816132
3878749952.0,-0.16707712411880493
3879687424.0,-0.171560600399971
3880624896.0,-0.17626507580280304
3881562624.0,-0.1770790070295334
3882500096.0,-0.17694821953773499
3883437568.0,-0.17347586154937744
3884375040.0,-0.16842463612556458
3885312512.0,-0.16233117878437042
3886249984.0,-0.15357916057109833
3887187456.0,-0.144378662109375
3888124928.0,-0.13406254351139069
3889062400.0,-0.12241938710212708
3889999872.0,-0.11006978899240494
3890937600.0,-0.09840407222509384
3891875072.0,-0.08699300140142441
3892812544.0,-0.07517626881599426
3893750016.0,-0.06522759050130844
3894687488.0,-0.05515764281153679
3895624960.0,-0.04629705473780632
3896562432.0,-0.03841397911310196
3897499904.0,-0.03170002996921539
3898437376.0,-0.02606179192662239
3899375104.0,-0.02204214036464691
3900312576.0,-0.01776712015271187
3901250048.0,-0.015438194386661053
3902187520.0,-0.01310699712485075
3903124992.0,-0.012124241329729557
3904062464.0,-0.009937109425663948
3904999936.0,-0.00804666057229042
3905937408.0,-0.006056520156562328
3906874880.0,-0.014805275946855545
3907812608.0,-0.023549867793917656
3908750080.0,-0.030134743079543114
3909687552.0,-0.03500255569815636
3910625024.0,-0.03846818581223488
3911562496.0,-0.038572195917367935
3912499968.0,-0.039233315736055374
3913437440.0,-0.03757917135953903
3914374912.0,-0.03369656577706337
3915312384.0,-0.029469283297657967
3916250112.0,-0.02334064245223999
3917187584.0,-0.014446803368628025
3918125056.0,-0.004666192922741175
3919062528.0,0.005386641714721918
3920000000.0,0.017148330807685852
3920937472.0,0.028239965438842773
3921874944.0,0.03999747708439827
3922812416.0,0.05173995718359947
3923749888.0,0.06226734444499016
3924687616.0,0.07297675311565399
3925625088.0,0.08238404989242554
3926562560.0,0.090800940990448
3927500032.0,0.09847389906644821
3928437504.0,0.10354866832494736
3929374976.0,0.10912168025970459
3930312448.0,0.1125204786658287
3931249920.0,0.11450786143541336
3932187392.0,0.11443965882062912
3933125120.0,0.11293113231658936
3934062592.0,0.10922848433256149
3935000064.0,0.10559376329183578
3935937536.0,0.09894783794879913
3936875008.0,0.09233245998620987
3937812480.0,0.08328287303447723
3938749952.0,0.07343772053718567
3939687424.0,0.06362057477235794
3940624896.0,0.05160719156265259
3941562624.0,0.03992777690291405
3942500096.0,0.02819395251572132
3943437568.0,0.01456666924059391
3944375040.0,0.0019282301655039191
3945312512.0,-0.01076076552271843
3946249984.0,-0.024584941565990448
3947187456.0,-0.03740175440907478
3948124928.0,-0.04993538185954094
3949062400.0,-0.0631348118185997
3950000128.0,-0.07491376996040344
3950937600.0,-0.08668793737888336
3951875072.0,-0.09702927619218826
3952812544.0,-0.1072455495595932
3953750016.0,-0.11740957200527191
3954687488.0,-0.1268043965101242
3955624960.0,-0.1352314054965973
3956562432.0,-0.14381545782089233
3957499904.0,-0.15106773376464844
3958437376.0,-0.15850411355495453
3959375104.0,-0.16468311846256256
3960312576.0,-0.1696753352880478
3961250048.0,-0.17585495114326477
3962187520.0,-0.1805087774991989
3963124992.0,-0.18618708848953247
3964062464.0,-0.19148825109004974
3964999936.0,-0.19592097401618958
3965937408.0,-0.2000308334827423
3966874880.0,-0.09196797758340836
3967812608.0,-0.09780248254537582
3968750080.0,-0.10340651869773865
3969687552.0,-0.10755664855241776
3970625024.0,-0.11127885431051254
3971562496.0,-0.11513391137123108
3972499968.0,-0.11581772565841675
3973437440.0,-0.11802124977111816
3974374912.0,-0.11906881630420685
3975312384.0,-0.11909078061580658
3976250112.0,-0.11919946223497391
3977187584.0,-0.11617613583803177
3978125056.0,-0.11365997046232224
3979062528.0,-0.11091850697994232
3980000000.0,-0.10585220158100128
3980937472.0,-0.10230487585067749
3981874944.0,-0.09620603919029236
3982812416.0,-0.0905698910355568
3983749888.0,-0.08476892113685608
3984687616.0,-0.07931595295667648
3985625088.0,-0.07282453030347824
3986562560.0,-0.0666479617357254
3987500032.0,-0.06037360057234764
3988437504.0,-0.054009810090065
3989374976.0,-0.047036830335855484
3990312448.0,-0.041280344128608704
3991249920.0,-0.03675707429647446
3992187392.0,-0.032071273773908615
3993125120.0,-0.028384443372488022
3994062592.0,-0.02514912374317646
3995000064.0,-0.0224294476211071
3995937536.0,-0.021482741460204124
3996875008.0,-0.020792432129383087
3997812480.0,-0.020812485367059708
3998749952.0,-0.02159324288368225
3999687424.0,-0.02135937288403511
4000624896.0,-0.014270472340285778
4001562624.0,-0.018570374697446823
4002500096.0,-0.023672446608543396
4003437568.0,-0.02965370938181877
4004375040.0,-0.035472571849823
4005312512.0,-0.04268592223525047
4006249984.0,-0.050295863300561905
4007187456.0,-0.05773601680994034
4008124928.0,-0.0672004297375679
4009062400.0,-0.07581678032875061
4009999872.0,-0.08412901312112808
4010937600.0,-0.09337689727544785
4011875072.0,-0.10313352197408676
4012812544.0,-0.11158425360918045
4013750016.0,-0.1206388995051384
4014687488.0,-0.1291823536157608
4015624960.0,-0.1368463635444641
4016562432.0,-0.14630550146102905
4017499904.0,-0.15448182821273804
4018437376.0,-0.16215810179710388
4019375104.0,-0.1687280535697937
4020312576.0,-0.1752629578113556
4021250048.0,-0.1812603622674942
4022187520.0,-0.18685121834278107
4023124992.0,-0.19314256310462952
4024062464.0,-0.19842998683452606
4024999936.0,-0.2022489309310913
4025937408.0,-0.20616716146469116
4026874880.0,-0.19924789667129517
4027812608.0,-0.20180070400238037
4028750080.0,-0.20419827103614807
4029687552.0,-0.20741026103496552
4030625024.0,-0.209223210811615
4031562496.0,-0.21198797225952148
4032499968.0,-0.21421314775943756
4033437440.0,-0.2153112292289734
4034374912.0,-0.21636740863323212
4035312384.0,-0.2182561308145523
4036250112.0,-0.21776792407035828
4037187584.0,-0.21774539351463318
4038125056.0,-0.21823759377002716
4039062528.0,-0.21824660897254944
4040000000.0,-0.21773794293403625
4040937472.0,-0.2160033881664276
4041874944.0,-0.21431124210357666
4042812416.0,-0.21127420663833618
4043749888.0,-0.20812742412090302
4044687616.0,-0.20318211615085602
4045625088.0,-0.19861748814582825
4046562560.0,-0.192711740732193
4047500032.0,-0.18620555102825165
4048437504.0,-0.17806559801101685
4049374976.0,-0.16963790357112885
4050312448.0,-0.15991710126399994
4051249920.0,-0.14921189844608307
4052187392.0,-0.13919751346111298
4053125120.0,-0.12749533355236053
4054062592.0,-0.11514750868082047
4055000064.0,-0.10481257736682892
4055937536.0,-0.09202452749013901
4056875008.0,-0.07855269312858582
4057812480.0,-0.06644481420516968
4058749952.0,-0.05473295971751213
4059687424.0,-0.04246889427304268
4060624896.0,-0.03129522502422333
4061562624.0,-0.02043800987303257
4062500096.0,-0.010220741853117943
4063437568.0,-0.0002829018922057003
4064375040.0,0.00652163615450263
4065312512.0,0.015598323196172714
4066249984.0,0.02165939472615719
4067187456.0,0.027173567563295364
4068124928.0,0.03163685277104378
4069062400.0,0.036133453249931335
4070000128.0,0.03682033345103264
4070937600.0,0.03781483694911003
4071875072.0,0.036171987652778625
4072812544.0,0.035523511469364166
4073750016.0,0.03309714049100876
4074687488.0,0.029847554862499237
4075624960.0,0.024791480973362923
4076562432.0,0.02014617994427681
4077499904.0,0.01404331624507904
4078437376.0,0.007225073408335447
4079375104.0,0.00026899410295300186
4080312576.0,-0.009411237202584743
4081250048.0,-0.01766432635486126
4082187520.0,-0.028064485639333725
4083124992.0,-0.03802540525794029
4084062464.0,-0.049029722809791565
4084999936.0,-0.058963656425476074
4085937408.0,-0.06807984411716461
4086874880.0,-0.09282714873552322
4087812608.0,-0.09944527596235275
4088750080.0,-0.10433977842330933
4089687552.0,-0.10868719965219498
4090625024.0,-0.11200841516256332
4091562496.0,-0.11468714475631714
4092499968.0,-0.11687374114990234
4093437440.0,-0.11902833729982376
4094374912.0,-0.12032696604728699
4095312384.0,-0.12138020247220993
4096250112.0,-0.12254967540502548
4097187584.0,-0.123763807117939
4098125056.0,-0.12587592005729675
4099062528.0,-0.12745913863182068
4100000000.0,-0.12909920513629913
4100937472.0,-0.13078118860721588
4101874944.0,-0.1325407773256302
4102812416.0,-0.13364575803279877
4103749888.0,-0.1358642727136612
4104687616.0,-0.13697028160095215
4105625088.0,-0.1379067748785019
4106562560.0,-0.14062240719795227
4107500032.0,-0.1418059766292572
4108437504.0,-0.14291737973690033
4109374976.0,-0.14473585784435272
4110312448.0,-0.14515483379364014
4111249920.0,-0.1459386646747589
4112187392.0,-0.14690208435058594
4113125120.0,-0.1471911519765854
4114062592.0,-0.14765200018882751
4115000064.0,-0.14641807973384857
4115937536.0,-0.14461103081703186
4116875008.0,-0.1442868858575821
4117812480.0,-0.14397309720516205
4118749952.0,-0.14072546362876892
4119687424.0,-0.13948950171470642
4120624896.0,-0.1362346112728119
4121562624.0,-0.13311700522899628
4122500096.0,-0.12952813506126404
4123437568.0,-0.12579716742038727
4124375040.0,-0.12147273123264313
4125312512.0,-0.11859472095966339
4126249984.0,-0.11404285579919815
4127187456.0,-0.10999951511621475
4128124928.0,-0.10544292628765106
4129062400.0,-0.1016593649983406
4129999872.0,-0.09786365926265717
4130937600.0,-0.09356092661619186
4131875072.0,-0.08897291123867035
4132812544.0,-0.0846889466047287
4133750016.0,-0.08133015036582947
4134687488.0,-0.07835174351930618
4135624960.0,-0.0749768540263176
4136562432.0,-0.07361624389886856
4137499904.0,-0.07133328914642334
4138437376.0,-0.06853599101305008
4139375104.0,-0.06593006104230881
4140312576.0,-0.06397227197885513
4141250048.0,-0.06243406608700752
4142187520.0,-0.06103738024830818
4143124992.0,-0.06039584055542946
4144062464.0,-0.05880940333008766
4144999936.0,-0.05733181908726692
4145937408.0,-0.0559709258377552
4146874880.0,-0.09210758656263351
4147812608.0,-0.09445391595363617
4148750080.0,-0.0941246896982193
4149687552.0,-0.09419049322605133
4150625024.0,-0.09362982213497162
4151562496.0,-0.09279410541057587
4152499968.0,-0.09093727171421051
4153437440.0,-0.08841913193464279
4154374912.0,-0.08554751425981522
4155312384.0,-0.08124478906393051
4156250112.0,-0.07823989540338516
4157187584.0,-0.07356277853250504
4158125056.0,-0.06867440044879913
4159062528.0,-0.06263735145330429
4160000000.0,-0.05782930180430412
4160937472.0,-0.05185902863740921
4161874944.0,-0.04665115848183632
4162812416.0,-0.04339217022061348
4163749888.0,-0.039195675402879715
4164687616.0,-0.03620435670018196
4165625088.0,-0.03330415487289429
4166562560.0,-0.03215374797582626
4167500032.0,-0.03064763732254505
4168437504.0,-0.029029440134763718
4169374976.0,-0.02943512611091137
4170312448.0,-0.02873050607740879
4171249920.0,-0.029479781165719032
4172187392.0,-0.030348477885127068
4173125120.0,-0.03413228318095207
4174062592.0,-0.035939980298280716
4175000064.0,-0.039491716772317886
4175937536.0,-0.043135859072208405
4176875008.0,-0.048492949455976486
4177812480.0,-0.053215835243463516
4178749952.0,-0.05708971247076988
4179687424.0,-0.0621841698884964
4180624896.0,-0.06720315665006638
4181562624.0,-0.07255861163139343
4182500096.0,-0.07889363169670105
4183437568.0,-0.08371499925851822
4184375040.0,-0.08929111063480377
4185312512.0,-0.09418050199747086
4186249984.0,-0.09792429208755493
4187187456.0,-0.1034124568104744
4188124928.0,-0.10706058889627457
4189062400.0,-0.11104066669940948
4190000128.0,-0.11309442669153214
4190937600.0,-0.11697594076395035
4191875072.0,-0.11983516812324524
4192812544.0,-0.12255111336708069
4193750016.0,-0.1259491741657257
4194687488.0,-0.12790679931640625
4195624960.0,-0.13155868649482727
4196562432.0,-0.13489985466003418
4197499904.0,-0.13901712000370026
4198437376.0,-0.14384125173091888
4199375104.0,-0.14958050847053528
4200312576.0,-0.15452991425991058
4201250048.0,-0.1596280038356781
4202187520.0,-0.16492924094200134
4203124992.0,-0.17054203152656555
4204062464.0,-0.17462944984436035
4204999936.0,-0.1793881505727768
4205937408.0,-0.18416087329387665
4206874880.0,-0.17528332769870758
4207812608.0,-0.18061695992946625
4208750080.0,-0.18578478693962097
4209687552.0,-0.18975254893302917
4210625024.0,-0.1937832236289978
4211562496.0,-0.1984240859746933
4212499968.0,-0.20157408714294434
4213437440.0,-0.20290632545948029
4214374912.0,-0.20327138900756836
4215312384.0,-0.20261532068252563
4216250112.0,-0.20104387402534485
4217187584.0,-0.19833336770534515
4218125056.0,-0.19397056102752686
4219062528.0,-0.1875910460948944
4220000000.0,-0.1796685755252838
4220937472.0,-0.170954167842865
4221874944.0,-0.16019077599048615
4222812416.0,-0.14891105890274048
4223749888.0,-0.13592170178890228
4224687616.0,-0.12194564938545227
4225625088.0,-0.10820627212524414
4226562560.0,-0.09251179546117783
4227500032.0,-0.07654236257076263
4228437504.0,-0.059690922498703
4229374976.0,-0.043707966804504395
4230312448.0,-0.026365939527750015
4231249920.0,-0.010156773962080479
4232187392.0,0.006212092470377684
4233125120.0,0.022698361426591873
4234062592.0,0.037580229341983795
4235000064.0,0.05302415043115616
4235937536.0,0.06723583489656448
4236875008.0,0.08007228374481201
4237812480.0,0.0925544798374176
4238749952.0,0.1036602258682251
4239687424.0,0.11372601240873337
4240624896.0,0.12269054353237152
4241562624.0,0.12976180016994476
4242500096.0,0.1357545256614685
4243437568.0,0.14001081883907318
4244375040.0,0.14298313856124878
4245312512.0,0.1444389969110489
4246249984.0,0.14456146955490112
4247187456.0,0.14174239337444305
4248124928.0,0.1374492347240448
4249062400.0,0.13227394223213196
4249999872.0,0.12453914433717728
4250937600.0,0.11535103619098663
4251875072.0,0.1041039451956749
4252812544.0,0.09031569957733154
4253750016.0,0.07675981521606445
4254687488.0,0.059952735900878906
4255624960.0,0.04328601434826851
4256562432.0,0.0246184803545475
4257499904.0,0.004627552814781666
4258437376.0,-0.015433629974722862
4259375104.0,-0.037721093744039536
4260312576.0,-0.05972512438893318
4261250048.0,-0.08131595700979233
4262187520.0,-0.10405388474464417
4263124992.0,-0.12623044848442078
4264062464.0,-0.14783872663974762
4264999936.0,-0.17013216018676758
4265937408.0,-0.19039879739284515
4266874880.0,-0.20311550796031952
4267812608.0,-0.21022464334964752
4268750080.0,-0.21801908314228058
4269687552.0,-0.22623685002326965
4270625024.0,-0.23287662863731384
4271562496.0,-0.24141186475753784
4272499968.0,-0.24609200656414032
4273437440.0,-0.24991923570632935
4274374912.0,-0.25294288992881775
4275312384.0,-0.2551950216293335
4276250112.0,-0.25499582290649414
4277187584.0,-0.25212404131889343
4278125056.0,-0.2486257404088974
4279062528.0,-0.24143794178962708
4280000000.0,-0.23359782993793488
4280937472.0,-0.22244803607463837
4281874944.0,-0.20843957364559174
4282812416.0,-0.1942911148071289
4283749888.0,-0.17824485898017883
4284687616.0,-0.1611453890800476
4285625088.0,-0.14072050154209137
4286562560.0,-0.11866126209497452
4287500032.0,-0.09747472405433655
4288437504.0,-0.07446799427270889
4289374976.0,-0.05016602948307991
4290312448.0,-0.025222331285476685
4291249920.0,-0.0015102413017302752
4292187392.0,0.022946054115891457
4293125120.0,0.04610023647546768
4294062592.0,0.0681711733341217
4295000064.0,0.08969010412693024
4295937536.0,0.10901542007923126
4296875008.0,0.12767082452774048
4297812480.0,0.14368942379951477
4298749952.0,0.15846394002437592
4299687424.0,0.17044715583324432
4300624896.0,0.17888106405735016
4301562368.0,0.18608969449996948
4302499840.0,0.19057457149028778
4303437312.0,0.19317792356014252
4304374784.0,0.192697212100029
4305312256.0,0.19059725105762482
4306250240.0,0.1848457157611847
4307187712.0,0.17755766212940216
4308125184.0,0.1671593189239502
4309062656.0,0.1552470177412033
4310000128.0,0.14151135087013245
4310937600.0,0.12633386254310608
4311875072.0,0.10966510325670242
4312812544.0,0.09155556559562683
4313750016.0,0.07234453409910202
4314687488.0,0.052475109696388245
4315624960.0,0.033031072467565536
4316562432.0,0.012606242671608925
4317499904.0,-0.008632330223917961
4318437376.0,-0.02793569676578045
4319374848.0,-0.047217730432748795
4320312320.0,-0.06564858555793762
4321249792.0,-0.08267682045698166
4322187264.0,-0.09889067709445953
4323125248.0,-0.1145477369427681
4324062720.0,-0.12880295515060425
4325000192.0,-0.1419459730386734
4325937664.0,-0.15291644632816315
4326875136.0,-0.21472854912281036
4327812608.0,-0.21436336636543274
4328750080.0,-0.2130488008260727
4329687552.0,-0.20948565006256104
4330625024.0,-0.20595106482505798
4331562496.0,-0.2006961554288864
4332499968.0,-0.1926928460597992
4333437440.0,-0.18547004461288452
4334374912.0,-0.17600275576114655
4335312384.0,-0.16700612008571625
4336249856.0,-0.1570289134979248
4337187328.0,-0.14696386456489563
4338124800.0,-0.1387847512960434
4339062272.0,-0.13032610714435577
4339999744.0,-0.12305165082216263
4340937728.0,-0.11429456621408463
4341875200.0,-0.10775536298751831
4342812672.0,-0.10186101496219635
4343750144.0,-0.0966208353638649
4344687616.0,-0.09128981828689575
4345625088.0,-0.08808097243309021
4346562560.0,-0.08422531932592392
4347500032.0,-0.08126235753297806
4348437504.0,-0.07793155312538147
4349374976.0,-0.07764913886785507
4350312448.0,-0.0766657218337059
4351249920.0,-0.07818619161844254
4352187392.0,-0.07956719398498535
4353124864.0,-0.08112004399299622
4354062336.0,-0.08228123188018799
4354999808.0,-0.0840822160243988
4355937280.0,-0.0859832614660263
4356874752.0,-0.08820793777704239
4357812736.0,-0.0921332985162735
4358750208.0,-0.09555093199014664
4359687680.0,-0.0988401472568512
4360625152.0,-0.10177330672740936
4361562624.0,-0.1063622385263443
4362500096.0,-0.10921630263328552
4363437568.0,-0.11297871917486191
4364375040.0,-0.11596816778182983
4365312512.0,-0.11967061460018158
4366249984.0,-0.12271502614021301
4367187456.0,-0.12714609503746033
4368124928.0,-0.13185323774814606
4369062400.0,-0.13634197413921356
4369999872.0,-0.14093023538589478
4370937344.0,-0.14518362283706665
4371874816.0,-0.14948323369026184
4372812288.0,-0.1531386524438858
4373749760.0,-0.158421590924263
4374687744.0,-0.16320456564426422
4375625216.0,-0.1672675609588623
4376562688.0,-0.1735173463821411
4377500160.0,-0.17915533483028412
4378437632.0,-0.18391484022140503
4379375104.0,-0.1905129998922348
4380312576.0,-0.19806866347789764
4381250048.0,-0.2054942101240158
4382187520.0,-0.21383801102638245
4383124992.0,-0.22407136857509613
4384062464.0,-0.23287053406238556
4384999936.0,-0.24346396327018738
4385937408.0,-0.2544276714324951
4386874880.0,-0.3272702991962433
4387812352.0,-0.3362673819065094
4388749824.0,-0.34330394864082336
4389687296.0,-0.34837546944618225
4390624768.0,-0.3515366017818451
4391562752.0,-0.3515569269657135
4392500224.0,-0.35157510638237
4393437696.0,-0.34847888350486755
4394375168.0,-0.34481847286224365
4395312640.0,-0.3397495746612549
4396250112.0,-0.3319281041622162
4397187584.0,-0.32382068037986755
4398125056.0,-0.3134381175041199
4399062528.0,-0.30237480998039246
4400000000.0,-0.28975769877433777
4400937472.0,-0.27556872367858887
4401874944.0,-0.25919023156166077
4402812416.0,-0.24322834610939026
4403749888.0,-0.22643941640853882
4404687360.0,-0.20781157910823822
4405624832.0,-0.19028620421886444
4406562304.0,-0.17203015089035034
4407499776.0,-0.15435384213924408
4408437248.0,-0.13818880915641785
4409375232.0,-0.12034740298986435
4410312704.0,-0.10477057099342346
4411250176.0,-0.08960385620594025
4412187648.0,-0.07590000331401825
4413125120.0,-0.06339840590953827
4414062592.0,-0.05391044542193413
4415000064.0,-0.04486706107854843
4415937536.0,-0.0376850962638855
4416875008.0,-0.034548915922641754
4417812480.0,-0.0332750603556633
4418749952.0,-0.03510681167244911
4419687424.0,-0.039382897317409515
4420624896.0,-0.04570266976952553
4421562368.0,-0.053614214062690735
4422499840.0,-0.06359472125768661
4423437312.0,-0.07632150501012802
4424374784.0,-0.09073318541049957
4425312256.0,-0.10744950920343399
4426250240.0,-0.12611033022403717
4427187712.0,-0.14582467079162598
4428125184.0,-0.16803516447544098
4429062656.0,-0.19011524319648743
4430000128.0,-0.21346718072891235
4430937600.0,-0.23826085031032562
4431875072.0,-0.26254549622535706
4432812544.0,-0.2858234941959381
4433750016.0,-0.3110867142677307
4434687488.0,-0.3342975676059723
4435624960.0,-0.35850322246551514
4436562432.0,-0.3829423785209656
4437499904.0,-0.4049311578273773
4438437376.0,-0.42703986167907715
4439374848.0,-0.4486628472805023
4440312320.0,-0.46798577904701233
4441249792.0,-0.4865488111972809
4442187264.0,-0.5016592144966125
4443125248.0,-0.5165413022041321
4444062720.0,-0.5285916924476624
4445000192.0,-0.5378860831260681
4445937664.0,-0.5459902286529541
4446875136.0,-0.55722576379776
4447812608.0,-0.5636225938796997
4448750080.0,-0.5708064436912537
4449687552.0,-0.5730404257774353
4450625024.0,-0.5738953948020935
4451562496.0,-0.5731132626533508
4452499968.0,-0.5708444118499756
4453437440.0,-0.5658760070800781
4454374912.0,-0.5581169724464417
4455312384.0,-0.5494303107261658
4456249856.0,-0.5382857918739319
4457187328.0,-0.5271269679069519
4458124800.0,-0.5126345753669739
4459062272.0,-0.49683791399002075
4460000256.0,-0.48129165172576904
4460937728.0,-0.4635120630264282
4461875200.0,-0.44667813181877136
4462812672.0,-0.4296952486038208
4463750144.0,-0.41097503900527954
4464687616.0,-0.3936034142971039
4465625088.0,-0.37719765305519104
4466562560.0,-0.3608188033103943
4467500032.0,-0.34514424204826355
4468437504.0,-0.3314633369445801
4469374976.0,-0.3179367780685425
4470312448.0,-0.30609190464019775
4471249920.0,-0.2960193455219269
4472187392.0,-0.2874329686164856
4473124864.0,-0.2805592715740204
4474062336.0,-0.2756010890007019
4474999808.0,-0.2721218764781952
4475937280.0,-0.2712843716144562
4476874752.0,-0.2711068093776703
4477812736.0,-0.27491888403892517
4478750208.0,-0.2788776457309723
4479687680.0,-0.28360506892204285
4480625152.0,-0.29119542241096497
4481562624.0,-0.30192825198173523
4482500096.0,-0.31343764066696167
4483437568.0,-0.3278733193874359
4484375040.0,-0.345971941947937
4485312512.0,-0.3655818998813629
4486249984.0,-0.3877886235713959
4487187456.0,-0.4115351438522339
4488124928.0,-0.4380922317504883
4489062400.0,-0.46541285514831543
4489999872.0,-0.49331167340278625
4490937344.0,-0.5227639079093933
4491874816.0,-0.5535665154457092
4492812288.0,-0.5849920511245728
4493749760.0,-0.6181153655052185
4494687744.0,-0.6511078476905823
4495625216.0,-0.684911847114563
4496562688.0,-0.7191312909126282
4497500160.0,-0.7526602745056152
4498437632.0,-0.7849130034446716
4499375104.0,-0.8172690868377686
4500312576.0,-0.8474733829498291
4501250048.0,-0.8748710751533508
4502187520.0,-0.9025918841362
4503124992.0,-0.9269211888313293
4504062464.0,-0.9501153826713562
4504999936.0,-0.9708755016326904
4505937408.0,-0.9882662296295166
4506874880.0,-0.9556236267089844
4507812352.0,-0.9708980917930603
4508749824.0,-0.9842385649681091
4509687296.0,-0.9944241046905518
4510624768.0,-1.0010275840759277
4511562752.0,-1.006108283996582
4512500224.0,-1.0057388544082642
4513437696.0,-1.003390908241272
4514375168.0,-0.9972288012504578
4515312640.0,-0.9900509715080261
4516250112.0,-0.9807151556015015
4517187584.0,-0.9685402512550354
4518125056.0,-0.9549301862716675
4519062528.0,-0.940851092338562
4520000000.0,-0.9250055551528931
4520937472.0,-0.909341037273407
4521874944.0,-0.8934167623519897
4522812416.0,-0.8781532049179077
4523749888.0,-0.8628864884376526
4524687360.0,-0.8470497131347656
4525624832.0,-0.8355294466018677
4526562304.0,-0.8234679102897644
4527499776.0,-0.8126861453056335
4528437248.0,-0.8025892972946167
4529375232.0,-0.7960083484649658
4530312704.0,-0.7908526062965393
4531250176.0,-0.7886825799942017
4532187648.0,-0.78741854429245
4533125120.0,-0.789690375328064
4534062592.0,-0.7951834797859192
4535000064.0,-0.8036026954650879
4535937536.0,-0.8156607151031494
4536875008.0,-0.8312826156616211
4537812480.0,-0.8503064513206482
4538749952.0,-0.8738415241241455
4539687424.0,-0.9013993740081787
4540624896.0,-0.9327296018600464
4541562368.0,-0.966627299785614
4542499840.0,-1.00424325466156
4543437312.0,-1.0450870990753174
4544374784.0,-1.0875407457351685
4545312256.0,-1.1347590684890747
4546250240.0,-1.1838034391403198
4547187712.0,-1.2376190423965454
4548125184.0,-1.292155385017395
4549062656.0,-1.351601004600525
4550000128.0,-1.4116874933242798
4550937600.0,-1.4748605489730835
4551875072.0,-1.5427472591400146
4552812544.0,-1.6102831363677979
4553750016.0,-1.681581974029541
4554687488.0,-1.7532424926757812
4555624960.0,-1.8272082805633545
4556562432.0,-1.9007105827331543
4557499904.0,-1.9729397296905518
4558437376.0,-2.045409917831421
4559374848.0,-2.1163530349731445
4560312320.0,-2.185946226119995
4561249792.0,-2.2540693283081055
4562187264.0,-2.3193271160125732
4563125248.0,-2.383232831954956
4564062720.0,-2.4459927082061768
4565000192.0,-2.5050439834594727
4565937664.0,-2.564359664916992
4566875136.0,-2.4438161849975586
4567812608.0,-2.4778056144714355
4568750080.0,-2.510282039642334
4569687552.0,-2.5429515838623047
4570625024.0,-2.575047492980957
4571562496.0,-2.606194257736206
4572499968.0,-2.6358025074005127
4573437440.0,-2.6634223461151123
4574374912.0,-2.6916327476501465
4575312384.0,-2.719373941421509
4576249856.0,-2.7478420734405518
4577187328.0,-2.778726816177368
4578124800.0,-2.8079988956451416
4579062272.0,-2.8415651321411133
4579999744.0,-2.8761725425720215
4580937728.0,-2.9139466285705566
4581875200.0,-2.9509975910186768
4582812672.0,-2.9867799282073975
4583750144.0,-3.022275686264038
4584687616.0,-3.0587480068206787
4585625088.0,-3.0957720279693604
4586562560.0,-3.135122060775757
4587500032.0,-3.1753110885620117
4588437504.0,-3.21455454826355
4589374976.0,-3.253445625305176
4590312448.0,-3.291931390762329
4591249920.0,-3.329864740371704
4592187392.0,-3.3675241470336914
4593124864.0,-3.405564546585083
4594062336.0,-3.4462273120880127
4594999808.0,-3.4890458583831787
4595937280.0,-3.5351274013519287
4596874752.0,-3.5820348262786865
4597812736.0,-3.6270837783813477
4598750208.0,-3.6729211807250977
4599687680.0,-3.7194230556488037
4600625152.0,-3.7709240913391113
4601562624.0,-3.8239710330963135
4602500096.0,-3.8746819496154785
4603437568.0,-3.9225656986236572
4604375040.0,-3.965712785720825
4605312512.0,-4.00619649887085
4606249984.0,-4.042986869812012
4607187456.0,-4.080539226531982
4608124928.0,-4.120819091796875
4609062400.0,-4.164710998535156
4609999872.0,-4.209049701690674
4610937344.0,-4.2504072189331055
4611874816.0,-4.287536144256592
4612812288.0,-4.3185648918151855
4613749760.0,-4.3463592529296875
4614687744.0,-4.3682708740234375
4615625216.0,-4.386685848236084
4616562688.0,-4.399219036102295
4617500160.0,-4.410431385040283
4618437632.0,-4.419183731079102
4619375104.0,-4.426357269287109
4620312576.0,-4.432365894317627
4621250048.0,-4.437001705169678
4622187520.0,-4.4436774253845215
4623124992.0,-4.443954944610596
4624062464.0,-4.443428993225098
4624999936.0,-4.437765598297119
4625937408.0,-4.427831649780273
4626874880.0,-4.5998053550720215
4627812352.0,-4.560845851898193
4628749824.0,-4.516173362731934
4629687296.0,-4.464317321777344
4630624768.0,-4.403837203979492
4631562752.0,-4.334256172180176
4632500224.0,-4.25935173034668
4633437696.0,-4.1777167320251465
4634375168.0,-4.091359615325928
4635312640.0,-3.998469829559326
4636250112.0,-3.900487184524536
4637187584.0,-3.7994344234466553
4638125056.0,-3.6945972442626953
4639062528.0,-3.588374376296997
4640000000.0,-3.4810030460357666
4640937472.0,-3.373473644256592
4641874944.0,-3.263091564178467
4642812416.0,-3.1519107818603516
4643749888.0,-3.0419199466705322
4644687360.0,-2.9298300743103027
4645624832.0,-2.8192672729492188
4646562304.0,-2.70861554145813
4647499776.0,-2.5997207164764404
4648437248.0,-2.495347261428833
4649375232.0,-2.3940420150756836
4650312704.0,-2.29666805267334
4651250176.0,-2.2043609619140625
4652187648.0,-2.116037607192993
4653125120.0,-2.0318589210510254
4654062592.0,-1.9529786109924316
4655000064.0,-1.8776706457138062
4655937536.0,-1.8060458898544312
4656875008.0,-1.7380375862121582
4657812480.0,-1.6768683195114136
4658749952.0,-1.6204476356506348
4659687424.0,-1.5701431035995483
4660624896.0,-1.5264475345611572
4661562368.0,-1.4879190921783447
4662499840.0,-1.4542728662490845
4663437312.0,-1.42475426197052
4664374784.0,-1.3983032703399658
4665312256.0,-1.3755828142166138
4666250240.0,-1.3556545972824097
4667187712.0,-1.3363888263702393
4668125184.0,-1.3207844495773315
4669062656.0,-1.3066636323928833
4670000128.0,-1.2949203252792358
4670937600.0,-1.284427523612976
4671875072.0,-1.2769166231155396
4672812544.0,-1.2707747220993042
4673750016.0,-1.2651523351669312
4674687488.0,-1.2594082355499268
4675624960.0,-1.2542775869369507
4676562432.0,-1.2479145526885986
4677499904.0,-1.240880012512207
4678437376.0,-1.2312371730804443
4679374848.0,-1.219596028327942
4680312320.0,-1.2065505981445312
4681249792.0,-1.1907532215118408
4682187264.0,-1.1742744445800781
4683125248.0,-1.155533790588379
4684062720.0,-1.135678768157959
4685000192.0,-1.1148117780685425
4685937664.0,-1.0909862518310547
4686875136.0,-1.092455506324768
4687812608.0,-1.0664440393447876
4688750080.0,-1.041266918182373
4689687552.0,-1.0133143663406372
4690625024.0,-0.98453688621521
4691562496.0,-0.9562957286834717
4692499968.0,-0.9254971742630005
4693437440.0,-0.894557535648346
4694374912.0,-0.8621366620063782
4695312384.0,-0.830164909362793
4696249856.0,-0.7965888977050781
4697187328.0,-0.7633143067359924
4698124800.0,-0.729403018951416
4699062272.0,-0.6950040459632874
4700000256.0,-0.6621894240379333
4700937728.0,-0.6285496950149536
4701875200.0,-0.5954738855361938
4702812672.0,-0.5639020800590515
4703750144.0,-0.5326561331748962
4704687616.0,-0.5025395750999451
4705625088.0,-0.4743322730064392
4706562560.0,-0.448288232088089
4707500032.0,-0.4225950837135315
4708437504.0,-0.3988191783428192
4709374976.0,-0.37752610445022583
4710312448.0,-0.3558007478713989
4711249920.0,-0.3366711735725403
4712187392.0,-0.3197728991508484
4713124864.0,-0.3048088550567627
4714062336.0,-0.2912848889827728
4714999808.0,-0.2797139286994934
4715937280.0,-0.26979750394821167
4716874752.0,-0.2620351314544678
4717812736.0,-0.25599369406700134
4718750208.0,-0.2517821788787842
4719687680.0,-0.25034651160240173
4720625152.0,-0.2502111494541168
4721562624.0,-0.2531808316707611
4722500096.0,-0.25759634375572205
4723437568.0,-0.26481014490127563
4724375040.0,-0.27329522371292114
4725312512.0,-0.2823633849620819
4726249984.0,-0.2936607003211975
4727187456.0,-0.30624595284461975
4728124928.0,-0.3201722800731659
4729062400.0,-0.33567488193511963
4729999872.0,-0.3514530658721924
4730937344.0,-0.36796244978904724
4731874816.0,-0.3853113651275635
4732812288.0,-0.4029162526130676
4733749760.0,-0.42152702808380127
4734687744.0,-0.4392211139202118
4735625216.0,-0.4581921696662903
4736562688.0,-0.4766131639480591
4737500160.0,-0.49452468752861023
4738437632.0,-0.5119224190711975
4739375104.0,-0.5287105441093445
4740312576.0,-0.5442330837249756
4741250048.0,-0.5601154565811157
4742187520.0,-0.5730462670326233
4743124992.0,-0.5868808627128601
4744062464.0,-0.598307192325592
4744999936.0,-0.6084119081497192
4745937408.0,-0.6156747341156006
4746874880.0,-0.43421152234077454
4747812352.0,-0.43358364701271057
4748749824.0,-0.4318733811378479
4749687296.0,-0.42974984645843506
4750624768.0,-0.42775097489356995
4751562752.0,-0.4251710772514343
4752500224.0,-0.4221054017543793
4753437696.0,-0.41874244809150696
4754375168.0,-0.4161815345287323
4755312640.0,-0.41232386231422424
4756250112.0,-0.4074406623840332
4757187584.0,-0.403080552816391
4758125056.0,-0.3971278965473175
4759062528.0,-0.3913891613483429
4760000000.0,-0.38489535450935364
4760937472.0,-0.37844157218933105
4761874944.0,-0.3698941469192505
4762812416.0,-0.36189940571784973
4763749888.0,-0.35260748863220215
4764687360.0,-0.3432648777961731
4765624832.0,-0.3332516551017761
4766562304.0,-0.321542352437973
4767499776.0,-0.310685396194458
4768437248.0,-0.2992425262928009
4769375232.0,-0.28707143664360046
4770312704.0,-0.27370893955230713
4771250176.0,-0.25993406772613525
4772187648.0,-0.2447851300239563
4773125120.0,-0.2293294221162796
4774062592.0,-0.21328218281269073
4775000064.0,-0.19553430378437042
4775937536.0,-0.1778871715068817
4776875008.0,-0.1594795435667038
4777812480.0,-0.1395842730998993
4778749952.0,-0.1203303411602974
4779687424.0,-0.09980123490095139
4780624896.0,-0.0780770480632782
4781562368.0,-0.057817112654447556
4782499840.0,-0.03668348491191864
4783437312.0,-0.015084542334079742
4784374784.0,0.006578095257282257
4785312256.0,0.02660505101084709
4786250240.0,0.04611976444721222
4787187712.0,0.06547079980373383
4788125184.0,0.08497121185064316
4789062656.0,0.10199917107820511
4790000128.0,0.11887211352586746
4790937600.0,0.13321465253829956
4791875072.0,0.14669707417488098
4792812544.0,0.15780897438526154
4793750016.0,0.16766102612018585
4794687488.0,0.17543528974056244
4795624960.0,0.1798088699579239
4796562432.0,0.18130038678646088
4797499904.0,0.18164700269699097
4798437376.0,0.1789480298757553
4799374848.0,0.1734478920698166
4800312320.0,0.16499677300453186
4801249792.0,0.15420259535312653
4802187264.0,0.1412304788827896
4803125248.0,0.125595822930336
4804062720.0,0.10724557936191559
4805000192.0,0.08666116744279861
4805937664.0,0.06446369737386703
4806875136.0,-0.21777097880840302
4807812608.0,-0.22301989793777466
4808750080.0,-0.22916701436042786
4809687552.0,-0.23506790399551392
4810625024.0,-0.24046888947486877
4811562496.0,-0.24541805684566498
4812499968.0,-0.2505100667476654
4813437440.0,-0.25570929050445557
4814374912.0,-0.26006847620010376
4815312384.0,-0.2637518048286438
4816249856.0,-0.26671257615089417
4817187328.0,-0.26918306946754456
4818124800.0,-0.27026984095573425
4819062272.0,-0.2702292501926422
4819999744.0,-0.27070367336273193
4820937728.0,-0.2693016529083252
4821875200.0,-0.2661575675010681
4822812672.0,-0.26353806257247925
4823750144.0,-0.2589050233364105
4824687616.0,-0.25414183735847473
4825625088.0,-0.24927617609500885
4826562560.0,-0.2412145733833313
4827500032.0,-0.232991561293602
4828437504.0,-0.22468607127666473
4829374976.0,-0.21605968475341797
4830312448.0,-0.20640766620635986
4831249920.0,-0.19533167779445648
4832187392.0,-0.18521080911159515
4833124864.0,-0.174213707447052
4834062336.0,-0.16303811967372894
4834999808.0,-0.15276728570461273
4835937280.0,-0.14230075478553772
4836874752.0,-0.1325516402721405
4837812736.0,-0.12351619452238083
4838750208.0,-0.11482063680887222
4839687680.0,-0.10705984383821487
4840625152.0,-0.09909340739250183
4841562624.0,-0.09426752477884293
4842500096.0,-0.08962360769510269
4843437568.0,-0.08701324462890625
4844375040.0,-0.0862511619925499
4845312512.0,-0.08597835153341293
4846249984.0,-0.0888393446803093
4847187456.0,-0.09120339900255203
4848124928.0,-0.09604717046022415
4849062400.0,-0.1009533479809761
4849999872.0,-0.10860391706228256
4850937344.0,-0.11664935201406479
4851874816.0,-0.12660366296768188
4852812288.0,-0.1369391530752182
4853749760.0,-0.14960558712482452
4854687744.0,-0.16327111423015594
4855625216.0,-0.1770496666431427
4856562688.0,-0.190771222114563
4857500160.0,-0.20498788356781006
4858437632.0,-0.21984818577766418
4859375104.0,-0.23410674929618835
4860312576.0,-0.24730093777179718
4861250048.0,-0.25910112261772156
4862187520.0,-0.2720166742801666
4863124992.0,-0.28391993045806885
4864062464.0,-0.2951998710632324
4864999936.0,-0.3038935661315918
4865937408.0,-0.31176307797431946
4866874880.0,-0.2956906259059906
4867812352.0,-0.30361276865005493
4868749824.0,-0.30887624621391296
4869687296.0,-0.3141007721424103
4870624768.0,-0.318503737449646
4871562752.0,-0.3217754065990448
4872500224.0,-0.3249386250972748
4873437696.0,-0.3271453082561493
4874375168.0,-0.326823890209198
4875312640.0,-0.3273390531539917
4876250112.0,-0.3248910903930664
4877187584.0,-0.3220994174480438
4878125056.0,-0.31808239221572876
4879062528.0,-0.31339794397354126
4880000000.0,-0.3065485954284668
4880937472.0,-0.30060550570487976
4881874944.0,-0.2930324673652649
4882812416.0,-0.284164160490036
4883749888.0,-0.2752513587474823
4884687360.0,-0.2658381760120392
4885624832.0,-0.25437846779823303
4886562304.0,-0.24317723512649536
4887499776.0,-0.23145337402820587
4888437248.0,-0.21863886713981628
4889375232.0,-0.20598232746124268
4890312704.0,-0.19290749728679657
4891250176.0,-0.17881470918655396
4892187648.0,-0.16518020629882812
4893125120.0,-0.15069381892681122
4894062592.0,-0.13758130371570587
4895000064.0,-0.12392272800207138
4895937536.0,-0.10975471884012222
4896875008.0,-0.0960182324051857
4897812480.0,-0.08310515433549881
4898749952.0,-0.07030370831489563
4899687424.0,-0.057725127786397934
4900624896.0,-0.046841222792863846
4901562368.0,-0.03608201444149017
4902499840.0,-0.02647337317466736
4903437312.0,-0.017443086951971054
4904374784.0,-0.010513028129935265
4905312256.0,-0.0033144280314445496
4906250240.0,0.0021826503798365593
4907187712.0,0.006175266113132238
4908125184.0,0.008271816186606884
4909062656.0,0.011322998441755772
4910000128.0,0.01116123516112566
4910937600.0,0.010476467199623585
4911875072.0,0.008226372301578522
4912812544.0,0.004805073142051697
4913750016.0,-0.000145056881592609
4914687488.0,-0.005749925505369902
4915624960.0,-0.01277975458651781
4916562432.0,-0.019581930711865425
4917499904.0,-0.028776317834854126
4918437376.0,-0.038101308047771454
4919374848.0,-0.04865552857518196
4920312320.0,-0.05988479405641556
4921249792.0,-0.07119117677211761
4922187264.0,-0.08330428600311279
4923125248.0,-0.09555516391992569
4924062720.0,-0.10780263692140579
4925000192.0,-0.12116999179124832
4925937664.0,-0.18247129023075104
4926875136.0,-0.1845276802778244
4927812608.0,-0.185524582862854
4928750080.0,-0.18602295219898224
4929687552.0,-0.18656986951828003
4930625024.0,-0.18683654069900513
4931562496.0,-0.1872696727514267
4932499968.0,-0.18692195415496826
4933437440.0,-0.18683257699012756
4934374912.0,-0.1849031299352646
4935312384.0,-0.18349777162075043
4936249856.0,-0.18070007860660553
4937187328.0,-0.1784488409757614
4938124800.0,-0.17452070116996765
4939062272.0,-0.16990593075752258
4940000256.0,-0.16528397798538208
4940937728.0,-0.16020137071609497
4941875200.0,-0.15360762178897858
4942812672.0,-0.14679357409477234
4943750144.0,-0.13785657286643982
4944687616.0,-0.13115642964839935
4945625088.0,-0.12224040925502777
4946562560.0,-0.11274155229330063
4947500032.0,-0.10315772891044617
4948437504.0,-0.0923205018043518
4949374976.0,-0.08098125457763672
4950312448.0,-0.07038071006536484
4951249920.0,-0.05929844081401825
4952187392.0,-0.04839928075671196
4953124864.0,-0.037554532289505005
4954062336.0,-0.027754222974181175
4954999808.0,-0.017243171110749245
4955937280.0,-0.007112622726708651
4956874752.0,0.0011695765424519777
4957812736.0,0.010215630754828453
4958750208.0,0.018792567774653435
4959687680.0,0.025155888870358467
4960625152.0,0.0327819362282753
4961562624.0,0.03829872980713844
4962500096.0,0.04243803769350052
4963437568.0,0.0460205115377903
4964375040.0,0.04800592362880707
4965312512.0,0.04944125935435295
4966249984.0,0.04877706989645958
4967187456.0,0.047818273305892944
4968124928.0,0.04556374251842499
4969062400.0,0.04220786690711975
4969999872.0,0.037459421902894974
4970937344.0,0.03204886242747307
4971874816.0,0.024678442627191544
4972812288.0,0.016811233013868332
4973749760.0,0.008843131363391876
4974687744.0,-0.0006747369770891964
4975625216.0,-0.010261183604598045
4976562688.0,-0.02000441960990429
4977500160.0,-0.030465275049209595
4978437632.0,-0.040640462189912796
4979375104.0,-0.05036861449480057
4980312576.0,-0.06162726879119873
4981250048.0,-0.07225584983825684
4982187520.0,-0.08219556510448456
4983124992.0,-0.09171640872955322
4984062464.0,-0.10237185657024384
4984999936.0,-0.1098414808511734
4985937408.0,-0.15346045792102814
4986874880.0,-0.1630675196647644
4987812352.0,-0.1723719984292984
4988749824.0,-0.18081408739089966
4989687296.0,-0.18785303831100464
4990624768.0,-0.19385488331317902
4991562752.0,-0.19768695533275604
4992500224.0,-0.2005397230386734
4993437696.0,-0.20235177874565125
4994375168.0,-0.2025163769721985
4995312640.0,-0.20142748951911926
4996250112.0,-0.19934211671352386
4997187584.0,-0.19639119505882263
4998125056.0,-0.192827969789505
4999062528.0,-0.18798929452896118
5000000000.0,-0.18045036494731903
5000937472.0,-0.17291763424873352
5001874944.0,-0.1639324426651001
5002812416.0,-0.1545066237449646
5003749888.0,-0.1442694067955017
5004687360.0,-0.13357309997081757
5005624832.0,-0.12316486239433289
5006562304.0,-0.11064464598894119
5007499776.0,-0.100080706179142
5008437248.0,-0.08795720338821411
5009375232.0,-0.07566371560096741
5010312704.0,-0.06402319669723511
5011250176.0,-0.05181160941720009
5012187648.0,-0.03968069702386856
5013125120.0,-0.02864638902246952
5014062592.0,-0.016470899805426598
5015000064.0,-0.007212861906737089
5015937536.0,0.002946101827546954
5016875008.0,0.01228990126401186
5017812480.0,0.02009379304945469
5018749952.0,0.028941573575139046
5019687424.0,0.03483079746365547
5020624896.0,0.04077150300145149
5021562368.0,0.044691409915685654
5022499840.0,0.0484713651239872
5023437312.0,0.04991777613759041
5024374784.0,0.05246039107441902
5025312256.0,0.05267277732491493
5026250240.0,0.052115872502326965
5027187712.0,0.05057805776596069
5028125184.0,0.04744931310415268
5029062656.0,0.04443952813744545
5030000128.0,0.040827807039022446
5030937600.0,0.036707181483507156
5031875072.0,0.031131954863667488
5032812544.0,0.024947913363575935
5033750016.0,0.01907922327518463
5034687488.0,0.012067819945514202
5035624960.0,0.00460704043507576
5036562432.0,-0.003149427706375718
5037499904.0,-0.012044890783727169
5038437376.0,-0.0208184402436018
5039374848.0,-0.028912758454680443
5040312320.0,-0.03784845396876335
5041249792.0,-0.046333447098731995
5042187264.0,-0.05562381073832512
5043125248.0,-0.06502769142389297
5044062720.0,-0.07366382330656052
5045000192.0,-0.08192641288042068
5045937664.0,-0.09948181360960007
5046875136.0,-0.10809869319200516
5047812608.0,-0.11754041165113449
5048750080.0,-0.12582096457481384
5049687552.0,-0.13306118547916412
5050625024.0,-0.1388532966375351
5051562496.0,-0.14609691500663757
5052499968.0,-0.152046799659729
5053437440.0,-0.15676267445087433
5054374912.0,-0.16155119240283966
5055312384.0,-0.16603487730026245
5056249856.0,-0.1684015691280365
5057187328.0,-0.17105832695960999
5058124800.0,-0.17383095622062683
5059062272.0,-0.1755877137184143
5059999744.0,-0.17565655708312988
5060937728.0,-0.17561690509319305
5061875200.0,-0.17499755322933197
5062812672.0,-0.17411163449287415
5063750144.0,-0.1709159016609192
5064687616.0,-0.16758380830287933
5065625088.0,-0.1648363620042801
5066562560.0,-0.15960988402366638
5067500032.0,-0.15497229993343353
5068437504.0,-0.14894559979438782
5069374976.0,-0.14168979227542877
5070312448.0,-0.13500505685806274
5071249920.0,-0.1283465027809143
5072187392.0,-0.12204660475254059
5073124864.0,-0.11459723860025406
5074062336.0,-0.10756712406873703
5074999808.0,-0.10073245316743851
5075937280.0,-0.0938861221075058
5076874752.0,-0.08702004700899124
5077812736.0,-0.07977032661437988
5078750208.0,-0.07299017161130905
5079687680.0,-0.06646870076656342
5080625152.0,-0.06172117218375206
5081562624.0,-0.055501870810985565
5082500096.0,-0.05047501251101494
5083437568.0,-0.04547491669654846
5084375040.0,-0.04122546687722206
5085312512.0,-0.0382075309753418
5086249984.0,-0.035620830953121185
5087187456.0,-0.03328778222203255
5088124928.0,-0.03014417178928852
5089062400.0,-0.0297559704631567
5089999872.0,-0.028888599947094917
5090937344.0,-0.028704794123768806
5091874816.0,-0.028452066704630852
5092812288.0,-0.028130661696195602
5093749760.0,-0.029017748311161995
5094687744.0,-0.02987843006849289
5095625216.0,-0.031012868508696556
5096562688.0,-0.03277768939733505
5097500160.0,-0.03547309339046478
5098437632.0,-0.0373724140226841
5099375104.0,-0.04040669649839401
5100312576.0,-0.0446871779859066
5101250048.0,-0.04730333015322685
5102187520.0,-0.05191602557897568
5103124992.0,-0.05503841117024422
5104062464.0,-0.060132719576358795
5104999936.0,-0.06507477909326553
5105937408.0,-0.13751806318759918
5106874880.0,-0.14302514493465424
5107812352.0,-0.1472565084695816
5108749824.0,-0.15166130661964417
5109687296.0,-0.15462984144687653
5110624768.0,-0.15563194453716278
5111562752.0,-0.1591039001941681
5112500224.0,-0.15899887681007385
5113437696.0,-0.15954618155956268
5114375168.0,-0.15860098600387573
5115312640.0,-0.1569201648235321
5116250112.0,-0.15542016923427582
5117187584.0,-0.15277674794197083
5118125056.0,-0.14972132444381714
5119062528.0,-0.14517079293727875
5120000000.0,-0.14080286026000977
5120937472.0,-0.1368628591299057
5121874944.0,-0.13178789615631104
5122812416.0,-0.12740039825439453
5123749888.0,-0.12306331843137741
5124687360.0,-0.11770536750555038
5125624832.0,-0.11202853173017502
5126562304.0,-0.1075461283326149
5127499776.0,-0.10212118923664093
5128437248.0,-0.09851055592298508
5129375232.0,-0.09349552541971207
5130312704.0,-0.08947345614433289
5131250176.0,-0.08306853473186493
5132187648.0,-0.07946767657995224
5133125120.0,-0.07504839450120926
5134062592.0,-0.07022920250892639
5135000064.0,-0.06738598644733429
5135937536.0,-0.06424596905708313
5136875008.0,-0.06237556412816048
5137812480.0,-0.060579851269721985
5138749952.0,-0.057498425245285034
5139687424.0,-0.05754801258444786
5140624896.0,-0.05681121349334717
5141562368.0,-0.05691370368003845
5142499840.0,-0.057832494378089905
5143437312.0,-0.05943027883768082
5144374784.0,-0.060073476284742355
5145312256.0,-0.0636545792222023
5146250240.0,-0.06574934720993042
5147187712.0,-0.06838994473218918
5148125184.0,-0.07195626199245453
5149062656.0,-0.07667123526334763
5150000128.0,-0.08098481595516205
5150937600.0,-0.08535537868738174
5151875072.0,-0.0899902731180191
5152812544.0,-0.09662080556154251
5153750016.0,-0.10349079221487045
5154687488.0,-0.10950407385826111
5155624960.0,-0.11570507287979126
5156562432.0,-0.12181146442890167
5157499904.0,-0.1298416256904602
5158437376.0,-0.1370212733745575
5159374848.0,-0.14511975646018982
5160312320.0,-0.15403595566749573
5161249792.0,-0.16150136291980743
5162187264.0,-0.1706741750240326
5163125248.0,-0.179051473736763
5164062720.0,-0.18832731246948242
5165000192.0,-0.19754087924957275
5165937664.0,-0.19748327136039734
5166875136.0,-0.20954975485801697
5167812608.0,-0.22009971737861633
5168750080.0,-0.22963765263557434
5169687552.0,-0.2373417466878891
5170625024.0,-0.24459460377693176
5171562496.0,-0.2500688135623932
5172499968.0,-0.25395703315734863
5173437440.0,-0.25628843903541565
5174374912.0,-0.2572179436683655
5175312384.0,-0.2574162185192108
5176249856.0,-0.25609374046325684
5177187328.0,-0.2533811330795288
5178124800.0,-0.24965038895606995
5179062272.0,-0.24415241181850433
5180000256.0,-0.23967665433883667
5180937728.0,-0.23238950967788696
5181875200.0,-0.22464773058891296
5182812672.0,-0.2162887305021286
5183750144.0,-0.20666906237602234
5184687616.0,-0.19613465666770935
5185625088.0,-0.185308575630188
5186562560.0,-0.1744183897972107
5187500032.0,-0.16224336624145508
5188437504.0,-0.15016072988510132
5189374976.0,-0.13831771910190582
5190312448.0,-0.12507937848567963
5191249920.0,-0.1121102049946785
5192187392.0,-0.0999784767627716
5193124864.0,-0.08857344835996628
5194062336.0,-0.07639531046152115
5194999808.0,-0.06457572430372238
5195937280.0,-0.0531679168343544
5196874752.0,-0.042478859424591064
5197812736.0,-0.03234635293483734
5198750208.0,-0.022923972457647324
5199687680.0,-0.014197911135852337
5200625152.0,-0.006346849724650383
5201562624.0,-0.00012230993888806552
5202500096.0,0.005119213834404945
5203437568.0,0.010244155302643776
5204375040.0,0.012807383202016354
5205312512.0,0.016159016638994217
5206249984.0,0.017778832465410233
5207187456.0,0.016243962571024895
5208124928.0,0.01529659889638424
5209062400.0,0.012192769907414913
5209999872.0,0.008789625018835068
5210937344.0,0.0031395184341818094
5211874816.0,-0.0034738758113235235
5212812288.0,-0.011283599771559238
5213749760.0,-0.02072737365961075
5214687744.0,-0.031755104660987854
5215625216.0,-0.0439835824072361
5216562688.0,-0.056116681545972824
5217500160.0,-0.07061445713043213
5218437632.0,-0.08594048023223877
5219375104.0,-0.10115199536085129
5220312576.0,-0.11801769584417343
5221250048.0,-0.13416117429733276
5222187520.0,-0.15066465735435486
5223124992.0,-0.1676948368549347
5224062464.0,-0.1847003549337387
5224999936.0,-0.2008460909128189
5225937408.0,-0.21147753298282623
5226874880.0,-0.22531524300575256
5227812352.0,-0.2390376776456833
5228749824.0,-0.2515696883201599
5229687296.0,-0.263191819190979
5230624768.0,-0.2731834650039673
5231562752.0,-0.2814437747001648
5232500224.0,-0.2881651520729065
5233437696.0,-0.2931646704673767
5234375168.0,-0.29688289761543274
5235312640.0,-0.29784318804740906
5236250112.0,-0.2981874942779541
5237187584.0,-0.29551759362220764
5238125056.0,-0.2921341061592102
5239062528.0,-0.28515490889549255
5240000000.0,-0.27803659439086914
5240937472.0,-0.26909834146499634
5241874944.0,-0.25829195976257324
5242812416.0,-0.24596400558948517
5243749888.0,-0.23288266360759735
5244687360.0,-0.2188938856124878
5245624832.0,-0.2038491666316986
5246562304.0,-0.18772153556346893
5247499776.0,-0.17184914648532867
5248437248.0,-0.15413177013397217
5249375232.0,-0.13629935681819916
5250312704.0,-0.11841905862092972
5251250176.0,-0.10201287269592285
5252187648.0,-0.08322476595640182
5253125120.0,-0.06543710082769394
5254062592.0,-0.04984505847096443
5255000064.0,-0.03376806154847145
5255937536.0,-0.01928202249109745
5256875008.0,-0.004353862721472979
5257812480.0,0.007080364506691694
5258749952.0,0.018620185554027557
5259687424.0,0.02728212997317314
5260624896.0,0.03529282659292221
5261562368.0,0.04249713197350502
5262499840.0,0.047588180750608444
5263437312.0,0.05172359198331833
5264374784.0,0.05425957217812538
5265312256.0,0.055276017636060715
5266250240.0,0.05472487211227417
5267187712.0,0.052773475646972656
5268125184.0,0.04905175417661667
5269062656.0,0.04462535306811333
5270000128.0,0.038262151181697845
5270937600.0,0.0314117893576622
5271875072.0,0.02233145944774151
5272812544.0,0.013611448928713799
5273750016.0,0.002822666661813855
5274687488.0,-0.008814643137156963
5275624960.0,-0.021049514412879944
5276562432.0,-0.03433085232973099
5277499904.0,-0.04804310202598572
5278437376.0,-0.062487781047821045
5279374848.0,-0.07834469527006149
5280312320.0,-0.09308958798646927
5281249792.0,-0.10903875529766083
5282187264.0,-0.1251291185617447
5283125248.0,-0.14123950898647308
5284062720.0,-0.15672576427459717
5285000192.0,-0.1720019280910492
5285937664.0,-0.19960248470306396
5286875136.0,-0.2149238884449005
5287812608.0,-0.22928351163864136
5288750080.0,-0.24482809007167816
5289687552.0,-0.2583253085613251
5290625024.0,-0.2719549536705017
5291562496.0,-0.2855166494846344
5292499968.0,-0.2996528446674347
5293437440.0,-0.3130802810192108
5294374912.0,-0.3269180655479431
5295312384.0,-0.3372657895088196
5296249856.0,-0.3481738567352295
5297187328.0,-0.3568594753742218
5298124800.0,-0.3640417754650116
5299062272.0,-0.3709356188774109
5299999744.0,-0.3753717839717865
5300937728.0,-0.37960565090179443
5301875200.0,-0.382167786359787
5302812672.0,-0.38216760754585266
5303750144.0,-0.3805253505706787
5304687616.0,-0.37847986817359924
5305625088.0,-0.37421277165412903
5306562560.0,-0.36903148889541626
5307500032.0,-0.36109715700149536
5308437504.0,-0.3536696135997772
5309374976.0,-0.34306100010871887
5310312448.0,-0.3318215310573578
5311249920.0,-0.31969141960144043
5312187392.0,-0.3060595691204071
5313124864.0,-0.2924674451351166
5314062336.0,-0.2763582468032837
5314999808.0,-0.25952449440956116
5315937280.0,-0.2431562840938568
5316874752.0,-0.22525466978549957
5317812736.0,-0.2073768675327301
5318750208.0,-0.1897546350955963
5319687680.0,-0.17024840414524078
5320625152.0,-0.15197712182998657
5321562624.0,-0.13334129750728607
5322500096.0,-0.11475765705108643
5323437568.0,-0.09687554836273193
5324375040.0,-0.078526072204113
5325312512.0,-0.06119804084300995
5326249984.0,-0.04440882429480553
5327187456.0,-0.02911439910531044
5328124928.0,-0.014544530771672726
5329062400.0,-0.0010447611566632986
5329999872.0,0.010807137005031109
5330937344.0,0.021991634741425514
5331874816.0,0.033141203224658966
5332812288.0,0.03803814947605133
5333749760.0,0.0415850430727005
5334687744.0,0.04400985315442085
5335625216.0,0.04427368938922882
5336562688.0,0.041844919323921204
5337500160.0,0.039279755204916
5338437632.0,0.03345189243555069
5339375104.0,0.02557954005897045
5340312576.0,0.015450971201062202
5341250048.0,0.003934410400688648
5342187520.0,-0.010615087114274502
5343124992.0,-0.027548812329769135
5344062464.0,-0.04607583209872246
5344999936.0,-0.06717384606599808
5345937408.0,-0.34987685084342957
5346874880.0,-0.3643510937690735
5347812352.0,-0.37954506278038025
5348749824.0,-0.3930058181285858
5349687296.0,-0.40563642978668213
5350624768.0,-0.4197288155555725
5351562752.0,-0.4301435053348541
5352500224.0,-0.44087082147598267
5353437696.0,-0.44881993532180786
5354375168.0,-0.4570489525794983
5355312640.0,-0.46351489424705505
5356250112.0,-0.4688781499862671
5357187584.0,-0.47262418270111084
5358125056.0,-0.47405391931533813
5359062528.0,-0.4741075932979584
5360000000.0,-0.4715465009212494
5360937472.0,-0.46738025546073914
5361874944.0,-0.4615597724914551
5362812416.0,-0.45371609926223755
5363749888.0,-0.4448653757572174
5364687360.0,-0.4348389804363251
5365624832.0,-0.4239582419395447
5366562304.0,-0.410055011510849
5367499776.0,-0.39598849415779114
5368437248.0,-0.38113102316856384
5369375232.0,-0.3642538785934448
5370312704.0,-0.34795546531677246
5371250176.0,-0.33063673973083496
5372187648.0,-0.3138081133365631
5373125120.0,-0.294743150472641
5374062592.0,-0.2768806219100952
5375000064.0,-0.2586270272731781
5375937536.0,-0.24069319665431976
5376875008.0,-0.2230055034160614
5377812480.0,-0.20566165447235107
5378749952.0,-0.18823574483394623
5379687424.0,-0.17182619869709015
5380624896.0,-0.15565365552902222
5381562368.0,-0.14102233946323395
5382499840.0,-0.12681707739830017
5383437312.0,-0.11288148164749146
5384374784.0,-0.1005195900797844
5385312256.0,-0.0879405289888382
5386250240.0,-0.07894372940063477
5387187712.0,-0.07064122706651688
5388125184.0,-0.0657992959022522
5389062656.0,-0.06175607442855835
5390000128.0,-0.060263749212026596
5390937600.0,-0.06172996386885643
5391875072.0,-0.06516926735639572
5392812544.0,-0.07110849022865295
5393750016.0,-0.07922340929508209
5394687488.0,-0.0895705297589302
5395624960.0,-0.10183190554380417
5396562432.0,-0.11684903502464294
5397499904.0,-0.1340661495923996
5398437376.0,-0.1516503393650055
5399374848.0,-0.1722421944141388
5400312320.0,-0.19279566407203674
5401249792.0,-0.214053213596344
5402187264.0,-0.23517434298992157
5403125248.0,-0.2568052113056183
5404062720.0,-0.27855628728866577
5405000192.0,-0.2999493479728699
5405937664.0,-0.3432142436504364
5406875136.0,-0.3586881160736084
5407812608.0,-0.37202543020248413
5408750080.0,-0.3823866546154022
5409687552.0,-0.39283034205436707
5410625024.0,-0.40113088488578796
5411562496.0,-0.4079244136810303
5412499968.0,-0.4112980365753174
5413437440.0,-0.41338053345680237
5414374912.0,-0.412511944770813
5415312384.0,-0.41027435660362244
5416249856.0,-0.40476611256599426
5417187328.0,-0.3963353633880615
5418124800.0,-0.3863985240459442
5419062272.0,-0.3736759126186371
5420000256.0,-0.36106792092323303
5420937728.0,-0.3450126349925995
5421875200.0,-0.32752159237861633
5422812672.0,-0.30956894159317017
5423750144.0,-0.28946545720100403
5424687616.0,-0.2702116072177887
5425625088.0,-0.24803897738456726
5426562560.0,-0.22691504657268524
5427500032.0,-0.20490603148937225
5428437504.0,-0.18314184248447418
5429374976.0,-0.16176694631576538
5430312448.0,-0.1410854011774063
5431249920.0,-0.12036994099617004
5432187392.0,-0.10273799300193787
5433124864.0,-0.0854664146900177
5434062336.0,-0.07114361226558685
5434999808.0,-0.058306969702243805
5435937280.0,-0.04619529843330383
5436874752.0,-0.03707798570394516
5437812736.0,-0.029805654659867287
5438750208.0,-0.025169918313622475
5439687680.0,-0.02223893627524376
5440625152.0,-0.022045865654945374
5441562624.0,-0.025376344099640846
5442500096.0,-0.030175376683473587
5443437568.0,-0.03769681602716446
5444375040.0,-0.04766691103577614
5445312512.0,-0.06045842170715332
5446249984.0,-0.07558129727840424
5447187456.0,-0.09246813505887985
5448124928.0,-0.11253608763217926
5449062400.0,-0.13314606249332428
5449999872.0,-0.15693645179271698
5450937344.0,-0.180645152926445
5451874816.0,-0.20651346445083618
5452812288.0,-0.23364795744419098
5453749760.0,-0.25958046317100525
5454687744.0,-0.28817158937454224
5455625216.0,-0.3171643018722534
5456562688.0,-0.3459959626197815
5457500160.0,-0.37522265315055847
5458437632.0,-0.40300989151000977
5459375104.0,-0.43001121282577515
5460312576.0,-0.45483657717704773
5461250048.0,-0.4784523844718933
5462187520.0,-0.5007199048995972
5463124992.0,-0.5202721357345581
5464062464.0,-0.5385757684707642
5464999936.0,-0.5546353459358215
5465937408.0,-0.4772855043411255
5466874880.0,-0.49141374230384827
5467812352.0,-0.5032618045806885
5468749824.0,-0.5145776867866516
5469687296.0,-0.5222648978233337
5470624768.0,-0.5287064909934998
5471562752.0,-0.5324722528457642
5472500224.0,-0.5328364372253418
5473437696.0,-0.5312328934669495
5474375168.0,-0.5255162119865417
5475312640.0,-0.5175995826721191
5476250112.0,-0.5081373453140259
5477187584.0,-0.49509456753730774
5478125056.0,-0.4802846908569336
5479062528.0,-0.4641898274421692
5480000000.0,-0.44640931487083435
5480937472.0,-0.4273436963558197
5481874944.0,-0.40736526250839233
5482812416.0,-0.38409438729286194
5483749888.0,-0.3633018434047699
5484687360.0,-0.3412419557571411
5485624832.0,-0.31952938437461853
5486562304.0,-0.29777950048446655
5487499776.0,-0.2766580581665039
5488437248.0,-0.25584232807159424
5489375232.0,-0.23595629632472992
5490312704.0,-0.21802768111228943
5491250176.0,-0.20116476714611053
5492187648.0,-0.18621337413787842
5493125120.0,-0.17336107790470123
5494062592.0,-0.16379380226135254
5495000064.0,-0.15632252395153046
5495937536.0,-0.15192410349845886
5496875008.0,-0.14995890855789185
5497812480.0,-0.14920683205127716
5498749952.0,-0.15215374529361725
5499687424.0,-0.1558731496334076
5500624896.0,-0.16316914558410645
5501562368.0,-0.17239393293857574
5502499840.0,-0.18454264104366302
5503437312.0,-0.19938784837722778
5504374784.0,-0.21660305559635162
5505312256.0,-0.23621416091918945
5506250240.0,-0.2579231560230255
5507187712.0,-0.28224748373031616
5508125184.0,-0.30871182680130005
5509062656.0,-0.3360912799835205
5510000128.0,-0.36742421984672546
5510937600.0,-0.3991694450378418
5511875072.0,-0.4331655502319336
5512812544.0,-0.46699127554893494
5513750016.0,-0.5006251931190491
5514687488.0,-0.5352840423583984
5515624960.0,-0.5691434144973755
5516562432.0,-0.6031097769737244
5517499904.0,-0.6366186738014221
5518437376.0,-0.6685141324996948
5519374848.0,-0.6993288397789001
5520312320.0,-0.730643093585968
5521249792.0,-0.7606661915779114
5522187264.0,-0.7882348895072937
5523125248.0,-0.8160946369171143
5524062720.0,-0.8430689573287964
5525000192.0,-0.8709556460380554
5525937664.0,-0.7437687516212463
5526875136.0,-0.7557587027549744
5527812608.0,-0.7677512764930725
5528750080.0,-0.7819122076034546
5529687552.0,-0.7991943359375
5530625024.0,-0.8163368105888367
5531562496.0,-0.8345159292221069
5532499968.0,-0.8537436127662659
5533437440.0,-0.8749097585678101
5534374912.0,-0.896874725818634
5535312384.0,-0.9196691513061523
5536249856.0,-0.9435999393463135
5537187328.0,-0.9660272598266602
5538124800.0,-0.9889868497848511
5539062272.0,-1.0103145837783813
5539999744.0,-1.0291023254394531
5540937728.0,-1.0477557182312012
5541875200.0,-1.0627883672714233
5542812672.0,-1.075823187828064
5543750144.0,-1.0848259925842285
5544687616.0,-1.0900174379348755
5545625088.0,-1.0906274318695068
5546562560.0,-1.0880368947982788
5547500032.0,-1.0789124965667725
5548437504.0,-1.0660748481750488
5549374976.0,-1.0506591796875
5550312448.0,-1.0309984683990479
5551249920.0,-1.0077780485153198
5552187392.0,-0.9828169941902161
5553124864.0,-0.9557938575744629
5554062336.0,-0.9256196618080139
5554999808.0,-0.8938842415809631
5555937280.0,-0.8602222204208374
5556874752.0,-0.828106164932251
5557812736.0,-0.7969636917114258
5558750208.0,-0.7651692032814026
5559687680.0,-0.7365260124206543
5560625152.0,-0.7087079882621765
5561562624.0,-0.6817870140075684
5562500096.0,-0.6569680571556091
5563437568.0,-0.6353589296340942
5564375040.0,-0.6157032251358032
5565312512.0,-0.5982266068458557
5566249984.0,-0.581920862197876
5567187456.0,-0.56767338514328
5568124928.0,-0.5548133850097656
5569062400.0,-0.541694700717926
5569999872.0,-0.528741717338562
5570937344.0,-0.5164018273353577
5571874816.0,-0.5055966377258301
5572812288.0,-0.4938720762729645
5573749760.0,-0.4831428825855255
5574687744.0,-0.47552117705345154
5575625216.0,-0.4670972228050232
5576562688.0,-0.4610597789287567
5577500160.0,-0.45536503195762634
5578437632.0,-0.4516022205352783
5579375104.0,-0.4509068727493286
5580312576.0,-0.4489588737487793
5581250048.0,-0.4494013488292694
5582187520.0,-0.44965076446533203
5583124992.0,-0.4517759382724762
5584062464.0,-0.4539441764354706
5584999936.0,-0.45471563935279846
5585937408.0,-0.43196848034858704
5586874880.0,-0.4218084216117859
5587812352.0,-0.41042160987854004
5588749824.0,-0.39814507961273193
5589687296.0,-0.38560977578163147
5590624768.0,-0.37010490894317627
5591562752.0,-0.3547951877117157
5592500224.0,-0.3383387625217438
5593437696.0,-0.320914089679718
5594375168.0,-0.30139705538749695
5595312640.0,-0.28206101059913635
5596250112.0,-0.2622073292732239
5597187584.0,-0.24356423318386078
5598125056.0,-0.22390960156917572
5599062528.0,-0.203672394156456
5600000000.0,-0.18607185781002045
5600937472.0,-0.16796483099460602
5601874944.0,-0.15085916221141815
5602812416.0,-0.1349211186170578
5603749888.0,-0.11985039710998535
5604687360.0,-0.10624407976865768
5605624832.0,-0.09407894313335419
5606562304.0,-0.0844603106379509
5607499776.0,-0.07556580007076263
5608437248.0,-0.06784950196743011
5609375232.0,-0.06282627582550049
5610312704.0,-0.05970834940671921
5611250176.0,-0.05663589388132095
5612187648.0,-0.05729573220014572
5613125120.0,-0.058053504675626755
5614062592.0,-0.061660297214984894
5615000064.0,-0.06647979468107224
5615937536.0,-0.07207135111093521
5616875008.0,-0.08063873648643494
5617812480.0,-0.09071042388677597
5618749952.0,-0.10139267146587372
5619687424.0,-0.11214391887187958
5620624896.0,-0.12456782162189484
5621562368.0,-0.13808824121952057
5622499840.0,-0.15048818290233612
5623437312.0,-0.16414572298526764
5624374784.0,-0.17941009998321533
5625312256.0,-0.19317202270030975
5626250240.0,-0.20682096481323242
5627187712.0,-0.21966738998889923
5628125184.0,-0.23200620710849762
5629062656.0,-0.2441028505563736
5630000128.0,-0.2542634606361389
5630937600.0,-0.2643570899963379
5631875072.0,-0.27331870794296265
5632812544.0,-0.2798948884010315
5633750016.0,-0.2854645252227783
5634687488.0,-0.2897960841655731
5635624960.0,-0.29177454113960266
5636562432.0,-0.29198527336120605
5637499904.0,-0.29106056690216064
5638437376.0,-0.2880484163761139
5639374848.0,-0.28314921259880066
5640312320.0,-0.27750471234321594
5641249792.0,-0.26939883828163147
5642187264.0,-0.26027369499206543
5643125248.0,-0.24979478120803833
5644062720.0,-0.23836567997932434
5645000192.0,-0.2261078953742981
5645937664.0,-0.1905643343925476
5646875136.0,-0.19465938210487366
5647812608.0,-0.1964980959892273
5648750080.0,-0.19746461510658264
5649687552.0,-0.1968073844909668
5650625024.0,-0.19446852803230286
5651562496.0,-0.19060856103897095
5652499968.0,-0.18666468560695648
5653437440.0,-0.18089134991168976
5654374912.0,-0.17473433911800385
5655312384.0,-0.16691440343856812
5656249856.0,-0.15980538725852966
5657187328.0,-0.15133708715438843
5658124800.0,-0.1434449553489685
5659062272.0,-0.13606268167495728
5660000256.0,-0.1280137002468109
5660937728.0,-0.12053296715021133
5661875200.0,-0.11466359347105026
5662812672.0,-0.10809428244829178
5663750144.0,-0.10297182202339172
5664687616.0,-0.09917111694812775
5665625088.0,-0.09531836211681366
5666562560.0,-0.09387408196926117
5667500032.0,-0.09274769574403763
5668437504.0,-0.09260788559913635
5669374976.0,-0.0946497917175293
5670312448.0,-0.09685350954532623
5671249920.0,-0.10087086260318756
5672187392.0,-0.10463465005159378
5673124864.0,-0.10908972471952438
5674062336.0,-0.11595141887664795
5674999808.0,-0.12150075286626816
5675937280.0,-0.12994807958602905
5676874752.0,-0.13803549110889435
5677812736.0,-0.14628858864307404
5678750208.0,-0.1566084772348404
5679687680.0,-0.16543041169643402
5680625152.0,-0.17451849579811096
5681562624.0,-0.1845523566007614
5682500096.0,-0.19294993579387665
5683437568.0,-0.20209811627864838
5684375040.0,-0.2113434076309204
5685312512.0,-0.2192985713481903
5686249984.0,-0.22618795931339264
5687187456.0,-0.2329520285129547
5688124928.0,-0.2389034628868103
5689062400.0,-0.24450697004795074
5689999872.0,-0.2486838549375534
5690937344.0,-0.25321540236473083
5691874816.0,-0.2579744756221771
5692812288.0,-0.26153263449668884
5693749760.0,-0.26546430587768555
5694687744.0,-0.26869943737983704
5695625216.0,-0.2727374732494354
5696562688.0,-0.27671247720718384
5697500160.0,-0.2816663980484009
5698437632.0,-0.2876327633857727
5699375104.0,-0.2925388216972351
5700312576.0,-0.2988450527191162
5701250048.0,-0.3058164119720459
5702187520.0,-0.31318002939224243
5703124992.0,-0.32387658953666687
5704062464.0,-0.3347342610359192
5704999936.0,-0.34606438875198364
5705937408.0,-0.23435740172863007
5706874880.0,-0.25430598855018616
5707812352.0,-0.27497023344039917
5708749824.0,-0.29645341634750366
5709687296.0,-0.31663191318511963
5710624768.0,-0.33451369404792786
5711562752.0,-0.3519083559513092
5712500224.0,-0.36708128452301025
5713437696.0,-0.37947240471839905
5714375168.0,-0.3897205591201782
5715312640.0,-0.3958438038825989
5716250112.0,-0.397847443819046
5717187584.0,-0.39493528008461
5718125056.0,-0.389370322227478
5719062528.0,-0.3780328929424286
5720000000.0,-0.3634641170501709
5720937472.0,-0.3444882035255432
5721874944.0,-0.3209047317504883
5722812416.0,-0.29377371072769165
5723749888.0,-0.26273655891418457
5724687360.0,-0.22829435765743256
5725624832.0,-0.19103318452835083
5726562304.0,-0.15173490345478058
5727499776.0,-0.11094028502702713
5728437248.0,-0.0698045864701271
5729375232.0,-0.02990769036114216
5730312704.0,0.009780661202967167
5731250176.0,0.04742676392197609
5732187648.0,0.0836833268404007
5733125120.0,0.11572373658418655
5734062592.0,0.1452609896659851
5735000064.0,0.16886718571186066
5735937536.0,0.188538059592247
5736875008.0,0.20333120226860046
5737812480.0,0.21426080167293549
5738749952.0,0.22067046165466309
5739687424.0,0.22297599911689758
5740624896.0,0.2215566635131836
5741562368.0,0.21572984755039215
5742499840.0,0.2084760069847107
5743437312.0,0.19663116335868835
5744374784.0,0.1841965913772583
5745312256.0,0.17126759886741638
5746250240.0,0.15719807147979736
5747187712.0,0.1422611027956009
5748125184.0,0.12718744575977325
5749062656.0,0.1133875846862793
5750000128.0,0.09868375211954117
5750937600.0,0.08419578522443771
5751875072.0,0.07125091552734375
5752812544.0,0.06032437086105347
5753750016.0,0.05014282837510109
5754687488.0,0.03940912336111069
5755624960.0,0.02635502815246582
5756562432.0,0.007018420845270157
5757499904.0,-0.015329795889556408
5758437376.0,-0.04154111072421074
5759374848.0,-0.06892881542444229
5760312320.0,-0.097611203789711
5761249792.0,-0.1277284175157547
5762187264.0,-0.15854598581790924
5763125248.0,-0.18928933143615723
5764062720.0,-0.22060677409172058
5765000192.0,-0.25159168243408203
5765937664.0,-0.19412727653980255
5766875136.0,-0.20270495116710663
5767812608.0,-0.2094453126192093
5768750080.0,-0.217701718211174
5769687552.0,-0.2278626561164856
5770625024.0,-0.23694847524166107
5771562496.0,-0.245637908577919
5772499968.0,-0.2550690472126007
5773437440.0,-0.2655546963214874
5774374912.0,-0.275471031665802
5775312384.0,-0.286127507686615
5776249856.0,-0.29572829604148865
5777187328.0,-0.3065137267112732
5778124800.0,-0.31775814294815063
5779062272.0,-0.3277589976787567
5779999744.0,-0.33927497267723083
5780937728.0,-0.3503350615501404
5781875200.0,-0.36056941747665405
5782812672.0,-0.3725470006465912
5783750144.0,-0.3825751543045044
5784687616.0,-0.39273691177368164
5785625088.0,-0.40183982253074646
5786562560.0,-0.4113568365573883
5787500032.0,-0.419145792722702
5788437504.0,-0.4259184002876282
5789374976.0,-0.4328971803188324
5790312448.0,-0.43762868642807007
5791249920.0,-0.4419996738433838
5792187392.0,-0.44446077942848206
5793124864.0,-0.4455629289150238
5794062336.0,-0.4455842077732086
5794999808.0,-0.4434431493282318
5795937280.0,-0.44006553292274475
5796874752.0,-0.4369085729122162
5797812736.0,-0.4313649833202362
5798750208.0,-0.4237019121646881
5799687680.0,-0.4146999418735504
5800625152.0,-0.4042258858680725
5801562624.0,-0.39181578159332275
5802500096.0,-0.37869441509246826
5803437568.0,-0.363477885723114
5804375040.0,-0.345542848110199
5805312512.0,-0.3280208706855774
5806249984.0,-0.3088579475879669
5807187456.0,-0.29006895422935486
5808124928.0,-0.2709488570690155
5809062400.0,-0.25054681301116943
5809999872.0,-0.23062796890735626
5810937344.0,-0.21078144013881683
5811874816.0,-0.19094420969486237
5812812288.0,-0.17148137092590332
5813749760.0,-0.15203575789928436
5814687744.0,-0.1344863921403885
5815625216.0,-0.11846054345369339
5816562688.0,-0.10450905561447144
5817500160.0,-0.09106164425611496
5818437632.0,-0.07932619750499725
5819375104.0,-0.06917009502649307
5820312576.0,-0.060609497129917145
5821250048.0,-0.05503081902861595
5822187520.0,-0.05042511597275734
5823124992.0,-0.048228297382593155
5824062464.0,-0.04823165759444237
5824999936.0,-0.04897357150912285
5825937408.0,-0.24277077615261078
5826874880.0,-0.24591578543186188
5827812352.0,-0.24791088700294495
5828749824.0,-0.24965786933898926
5829687296.0,-0.25230127573013306
5830624768.0,-0.253269225358963
5831562752.0,-0.2548326253890991
5832500224.0,-0.25628793239593506
5833437696.0,-0.25926196575164795
5834375168.0,-0.26008787751197815
5835312640.0,-0.2625861167907715
5836250112.0,-0.2661367654800415
5837187584.0,-0.2689759135246277
5838125056.0,-0.27198535203933716
5839062528.0,-0.27595439553260803
5840000000.0,-0.28172069787979126
5840937472.0,-0.28773391246795654
5841874944.0,-0.2937230169773102
5842812416.0,-0.2997661530971527
5843749888.0,-0.3048734962940216
5844687360.0,-0.3108433485031128
5845624832.0,-0.3167978823184967
5846562304.0,-0.3224177062511444
5847499776.0,-0.32839587330818176
5848437248.0,-0.33469823002815247
5849375232.0,-0.33867397904396057
5850312704.0,-0.342878133058548
5851250176.0,-0.3478480875492096
5852187648.0,-0.3514353632926941
5853125120.0,-0.35515740513801575
5854062592.0,-0.35808253288269043
5855000064.0,-0.36124593019485474
5855937536.0,-0.3631570041179657
5856875008.0,-0.36504483222961426
5857812480.0,-0.3635648190975189
5858749952.0,-0.36475521326065063
5859687424.0,-0.36145660281181335
5860624896.0,-0.36069050431251526
5861562368.0,-0.3578002452850342
5862499840.0,-0.35468992590904236
5863437312.0,-0.3526512384414673
5864374784.0,-0.34864819049835205
5865312256.0,-0.3461282253265381
5866250240.0,-0.3425835072994232
5867187712.0,-0.33978021144866943
5868125184.0,-0.3357315957546234
5869062656.0,-0.332969069480896
5870000128.0,-0.32914701104164124
5870937600.0,-0.32645946741104126
5871875072.0,-0.323179692029953
5872812544.0,-0.3219659626483917
5873750016.0,-0.3206600546836853
5874687488.0,-0.31960994005203247
5875624960.0,-0.3197605609893799
5876562432.0,-0.32142654061317444
5877499904.0,-0.32185491919517517
5878437376.0,-0.3241053819656372
5879374848.0,-0.32680442929267883
5880312320.0,-0.33042436838150024
5881249792.0,-0.3339621424674988
5882187264.0,-0.3377668261528015
5883125248.0,-0.3414033353328705
5884062720.0,-0.3458079993724823
5885000192.0,-0.3507634401321411
5885937664.0,-0.36339157819747925
5886875136.0,-0.36868834495544434
5887812608.0,-0.37347060441970825
5888750080.0,-0.3779240548610687
5889687552.0,-0.38153076171875
5890625024.0,-0.3848675787448883
5891562496.0,-0.3866405785083771
5892499968.0,-0.3895886242389679
5893437440.0,-0.3906286358833313
5894374912.0,-0.3929038941860199
5895312384.0,-0.39291343092918396
5896249856.0,-0.39275413751602173
5897187328.0,-0.39222341775894165
5898124800.0,-0.39094600081443787
5899062272.0,-0.3901004493236542
5900000256.0,-0.38975977897644043
5900937728.0,-0.3891395032405853
5901875200.0,-0.3888275623321533
5902812672.0,-0.38896510004997253
5903750144.0,-0.387969434261322
5904687616.0,-0.387453556060791
5905625088.0,-0.3869885504245758
5906562560.0,-0.38670986890792847
5907500032.0,-0.3860718905925751
5908437504.0,-0.3856421709060669
5909374976.0,-0.384847491979599
5910312448.0,-0.38568341732025146
5911249920.0,-0.3867943584918976
5912187392.0,-0.38788193464279175
5913124864.0,-0.38998308777809143
5914062336.0,-0.38992273807525635
5914999808.0,-0.39289066195487976
5915937280.0,-0.3960861265659332
5916874752.0,-0.4007047116756439
5917812736.0,-0.4033735990524292
5918750208.0,-0.4093158543109894
5919687680.0,-0.4155251979827881
5920625152.0,-0.4237377941608429
5921562624.0,-0.4312158226966858
5922500096.0,-0.4383040964603424
5923437568.0,-0.44753336906433105
5924375040.0,-0.45649096369743347
5925312512.0,-0.4658575654029846
5926249984.0,-0.4756213128566742
5927187456.0,-0.48656165599823
5928124928.0,-0.49738720059394836
5929062400.0,-0.508369505405426
5929999872.0,-0.5200028419494629
5930937344.0,-0.5313712954521179
5931874816.0,-0.5427435636520386
5932812288.0,-0.5544794201850891
5933749760.0,-0.5651364326477051
5934687744.0,-0.574968159198761
5935625216.0,-0.585195004940033
5936562688.0,-0.594537615776062
5937500160.0,-0.6029419898986816
5938437632.0,-0.6107038855552673
5939375104.0,-0.6186960339546204
5940312576.0,-0.6246271729469299
5941250048.0,-0.6301981210708618
5942187520.0,-0.6346853375434875
5943124992.0,-0.6368082761764526
5944062464.0,-0.6377056241035461
5944999936.0,-0.6377019286155701
5945937408.0,-0.4154326915740967
5946874880.0,-0.43180394172668457
5947812352.0,-0.44759872555732727
5948749824.0,-0.46366220712661743
5949687296.0,-0.4780460000038147
5950624768.0,-0.4927864670753479
5951562752.0,-0.5064337253570557
5952500224.0,-0.5196714997291565
5953437696.0,-0.5313823223114014
5954375168.0,-0.5405377149581909
5955312640.0,-0.5509597659111023
5956250112.0,-0.559100329875946
5957187584.0,-0.5658339262008667
5958125056.0,-0.5707644820213318
5959062528.0,-0.5740492343902588
5960000000.0,-0.5760747790336609
5960937472.0,-0.57505863904953
5961874944.0,-0.5731797814369202
5962812416.0,-0.5702708959579468
5963749888.0,-0.5648407936096191
5964687360.0,-0.5584824085235596
5965624832.0,-0.5496748089790344
5966562304.0,-0.5406407713890076
5967499776.0,-0.5299981236457825
5968437248.0,-0.5183533430099487
5969375232.0,-0.5064213871955872
5970312704.0,-0.4949760138988495
5971250176.0,-0.4830465614795685
5972187648.0,-0.470879465341568
5973125120.0,-0.4609176218509674
5974062592.0,-0.4507089853286743
5975000064.0,-0.44209522008895874
5975937536.0,-0.4341079592704773
5976875008.0,-0.42799314856529236
5977812480.0,-0.42118820548057556
5978749952.0,-0.41624993085861206
5979687424.0,-0.4120563268661499
5980624896.0,-0.4093245267868042
5981562368.0,-0.4080703854560852
5982499840.0,-0.40748149156570435
5983437312.0,-0.40797656774520874
5984374784.0,-0.41038182377815247
5985312256.0,-0.41396382451057434
5986250240.0,-0.41666749119758606
5987187712.0,-0.4214756488800049
5988125184.0,-0.4254502058029175
5989062656.0,-0.4301961362361908
5990000128.0,-0.4336145222187042
5990937600.0,-0.4393826723098755
5991875072.0,-0.4441119432449341
5992812544.0,-0.4493575394153595
5993750016.0,-0.4541306793689728
5994687488.0,-0.45839253067970276
5995624960.0,-0.4624382555484772
5996562432.0,-0.4657544493675232
5997499904.0,-0.4702001214027405
5998437376.0,-0.47383153438568115
5999374848.0,-0.477031946182251
6000312320.0,-0.48157787322998047
6001249792.0,-0.4844028353691101
6002187264.0,-0.4880877733230591
6003125248.0,-0.4937143623828888
6004062720.0,-0.4967115521430969
6005000192.0,-0.39378058910369873
6005937664.0,-0.402012437582016
6006875136.0,-0.41099631786346436
6007812608.0,-0.4220178723335266
6008750080.0,-0.4336497485637665
6009687552.0,-0.4468238055706024
6010625024.0,-0.4624931812286377
6011562496.0,-0.4777127206325531
6012499968.0,-0.49419984221458435
6013437440.0,-0.5121998190879822
6014374912.0,-0.5303353667259216
6015312384.0,-0.547502875328064
6016249856.0,-0.5656442046165466
6017187328.0,-0.5835158228874207
6018124800.0,-0.6013193726539612
6019062272.0,-0.6174689531326294
6019999744.0,-0.6349665522575378
6020937728.0,-0.6509156227111816
6021875200.0,-0.6656268239021301
6022812672.0,-0.6825920343399048
6023750144.0,-0.6940143704414368
6024687616.0,-0.7062124609947205
6025625088.0,-0.7162029147148132
6026562560.0,-0.7237446308135986
6027500032.0,-0.7304484248161316
6028437504.0,-0.7341739535331726
6029374976.0,-0.7352308034896851
6030312448.0,-0.7349985241889954
6031249920.0,-0.7319840788841248
6032187392.0,-0.7264641523361206
6033124864.0,-0.7191120386123657
6034062336.0,-0.7108441591262817
6034999808.0,-0.7005077600479126
6035937280.0,-0.687920331954956
6036874752.0,-0.6746136546134949
6037812736.0,-0.6595364212989807
6038750208.0,-0.6432122588157654
6039687680.0,-0.6259655356407166
6040625152.0,-0.6084282398223877
6041562624.0,-0.590795636177063
6042500096.0,-0.5733476877212524
6043437568.0,-0.5560503602027893
6044375040.0,-0.539719820022583
6045312512.0,-0.5232032537460327
6046249984.0,-0.5075180530548096
6047187456.0,-0.49187183380126953
6048124928.0,-0.4782491624355316
6049062400.0,-0.4646134674549103
6049999872.0,-0.4513450562953949
6050937344.0,-0.4393119215965271
6051874816.0,-0.42832034826278687
6052812288.0,-0.4194120168685913
6053749760.0,-0.41210106015205383
6054687744.0,-0.40611404180526733
6055625216.0,-0.4025278687477112
6056562688.0,-0.3993782699108124
6057500160.0,-0.39742380380630493
6058437632.0,-0.3967093229293823
6059375104.0,-0.39590808749198914
6060312576.0,-0.395952969789505
6061250048.0,-0.3980524241924286
6062187520.0,-0.4012766182422638
6063124992.0,-0.40474647283554077
6064062464.0,-0.40898969769477844
6064999936.0,-0.4073178768157959
6065937408.0,-0.41289225220680237
6066874880.0,-0.41939684748649597
6067812352.0,-0.4257843792438507
6068749824.0,-0.4336273670196533
6069687296.0,-0.4432373344898224
6070624768.0,-0.4521867334842682
6071562752.0,-0.4619690477848053
6072500224.0,-0.4718361794948578
6073437696.0,-0.4823652505874634
6074375168.0,-0.4926575720310211
6075312640.0,-0.5035279989242554
6076250112.0,-0.5134811997413635
6077187584.0,-0.5240354537963867
6078125056.0,-0.5350503921508789
6079062528.0,-0.5456393957138062
6080000000.0,-0.5560786724090576
6080937472.0,-0.5673586130142212
6081874944.0,-0.5761460065841675
6082812416.0,-0.5852760672569275
6083749888.0,-0.5933293104171753
6084687360.0,-0.5997895002365112
6085624832.0,-0.6042488217353821
6086562304.0,-0.6085802912712097
6087499776.0,-0.6106133460998535
6088437248.0,-0.6126925349235535
6089375232.0,-0.6128390431404114
6090312704.0,-0.6126445531845093
6091250176.0,-0.6107238531112671
6092187648.0,-0.6082404851913452
6093125120.0,-0.6045607328414917
6094062592.0,-0.5985207557678223
6095000064.0,-0.5913463830947876
6095937536.0,-0.5834822058677673
6096875008.0,-0.5740806460380554
6097812480.0,-0.5662965178489685
6098749952.0,-0.5558525919914246
6099687424.0,-0.5463932752609253
6100624896.0,-0.5367231369018555
6101562368.0,-0.5262660384178162
6102499840.0,-0.5165220499038696
6103437312.0,-0.5065591335296631
6104374784.0,-0.4970993101596832
6105312256.0,-0.4874866306781769
6106250240.0,-0.47761693596839905
6107187712.0,-0.46872255206108093
6108125184.0,-0.4601002335548401
6109062656.0,-0.45195990800857544
6110000128.0,-0.44454285502433777
6110937600.0,-0.4382895231246948
6111875072.0,-0.4314415156841278
6112812544.0,-0.4249424338340759
6113750016.0,-0.4192655086517334
6114687488.0,-0.4141645133495331
6115624960.0,-0.4110059440135956
6116562432.0,-0.40694501996040344
6117499904.0,-0.40351301431655884
6118437376.0,-0.40123268961906433
6119374848.0,-0.39840036630630493
6120312320.0,-0.39730700850486755
6121249792.0,-0.3966704308986664
6122187264.0,-0.39503398537635803
6123125248.0,-0.3952299952507019
6124062720.0,-0.3961014151573181
6125000192.0,-0.5856373310089111
6125937664.0,-0.5970780849456787
6126875136.0,-0.6087121963500977
6127812608.0,-0.6197932958602905
6128750080.0,-0.6304943561553955
6129687552.0,-0.6412177681922913
6130625024.0,-0.6503193378448486
6131562496.0,-0.6571065783500671
6132499968.0,-0.6637253761291504
6133437440.0,-0.6686847805976868
6134374912.0,-0.6720496416091919
6135312384.0,-0.6736188530921936
6136249856.0,-0.6756462454795837
6137187328.0,-0.6766802668571472
6138124800.0,-0.6772156357765198
6139062272.0,-0.6767598390579224
6140000256.0,-0.675761878490448
6140937728.0,-0.674316942691803
6141875200.0,-0.6705750226974487
6142812672.0,-0.6670255064964294
6143750144.0,-0.6634875535964966
6144687616.0,-0.6603267192840576
6145625088.0,-0.6562662124633789
6146562560.0,-0.6526934504508972
6147500032.0,-0.6487822532653809
6148437504.0,-0.6458065509796143
6149374976.0,-0.6431694030761719
6150312448.0,-0.6408012509346008
6151249920.0,-0.6368575692176819
6152187392.0,-0.6359327435493469
6153124864.0,-0.6330931782722473
6154062336.0,-0.6318351626396179
6154999808.0,-0.6306880712509155
6155937280.0,-0.6300432085990906
6156874752.0,-0.6308023929595947
6157812736.0,-0.6303703188896179
6158750208.0,-0.632644772529602
6159687680.0,-0.6337267756462097
6160625152.0,-0.6373876929283142
6161562624.0,-0.6394900679588318
6162500096.0,-0.6429837346076965
6163437568.0,-0.6472226977348328
6164375040.0,-0.6512754559516907
6165312512.0,-0.6562585830688477
6166249984.0,-0.6620381474494934
6167187456.0,-0.6673962473869324
6168124928.0,-0.6738892197608948
6169062400.0,-0.6804319620132446
6169999872.0,-0.6854627132415771
6170937344.0,-0.6926772594451904
6171874816.0,-0.698957622051239
6172812288.0,-0.7048828601837158
6173749760.0,-0.7112582325935364
6174687744.0,-0.7185186743736267
6175625216.0,-0.7258462309837341
6176562688.0,-0.7321209907531738
6177500160.0,-0.7403846979141235
6178437632.0,-0.7474901080131531
6179375104.0,-0.7549911141395569
6180312576.0,-0.7640270590782166
6181250048.0,-0.7714123725891113
6182187520.0,-0.7801604270935059
6183124992.0,-0.7875335216522217
6184062464.0,-0.793664276599884
6184999936.0,-0.6322643756866455
6185937408.0,-0.6529150009155273
6186874880.0,-0.6736086010932922
6187812352.0,-0.6946499943733215
6188749824.0,-0.7166492938995361
6189687296.0,-0.7359668016433716
6190624768.0,-0.7549508213996887
6191562752.0,-0.7730380296707153
6192500224.0,-0.789827823638916
6193437696.0,-0.8060218691825867
6194375168.0,-0.8207385540008545
6195312640.0,-0.8362492918968201
6196250112.0,-0.8492377996444702
6197187584.0,-0.8621168732643127
6198125056.0,-0.8733951449394226
6199062528.0,-0.8830189108848572
6200000000.0,-0.8915683627128601
6200937472.0,-0.8981988430023193
6201874944.0,-0.9031491279602051
6202812416.0,-0.9048494696617126
6203749888.0,-0.9047280550003052
6204687360.0,-0.9034529328346252
6205624832.0,-0.900894284248352
6206562304.0,-0.8962633609771729
6207499776.0,-0.8919185400009155
6208437248.0,-0.8845450282096863
6209375232.0,-0.875929057598114
6210312704.0,-0.8661566972732544
6211250176.0,-0.854015588760376
6212187648.0,-0.8423197269439697
6213125120.0,-0.829488217830658
6214062592.0,-0.8164456486701965
6215000064.0,-0.8018639087677002
6215937536.0,-0.7877055406570435
6216875008.0,-0.7726100087165833
6217812480.0,-0.7573263049125671
6218749952.0,-0.7408912181854248
6219687424.0,-0.7262029647827148
6220624896.0,-0.7112932801246643
6221562368.0,-0.6967350244522095
6222499840.0,-0.6834701895713806
6223437312.0,-0.670892596244812
6224374784.0,-0.6579176783561707
6225312256.0,-0.6453829407691956
6226250240.0,-0.6350313425064087
6227187712.0,-0.626163125038147
6228125184.0,-0.617167592048645
6229062656.0,-0.6116670966148376
6230000128.0,-0.6071223616600037
6230937600.0,-0.6039250493049622
6231875072.0,-0.603060781955719
6232812544.0,-0.6019285321235657
6233750016.0,-0.6034833788871765
6234687488.0,-0.6051903963088989
6235624960.0,-0.6080612540245056
6236562432.0,-0.6130514144897461
6237499904.0,-0.6167824864387512
6238437376.0,-0.6238207221031189
6239374848.0,-0.6305393576622009
6240312320.0,-0.6403451561927795
6241249792.0,-0.6492612957954407
6242187264.0,-0.6582254767417908
6243125248.0,-0.6701911687850952
6244062720.0,-0.6813644766807556
6245000192.0,-0.6884067058563232
6245937664.0,-0.7023730278015137
6246875136.0,-0.7166237235069275
6247812608.0,-0.731115996837616
6248750080.0,-0.7467141151428223
6249687552.0,-0.7621905207633972
6250625024.0,-0.777033269405365
6251562496.0,-0.7922093272209167
6252499968.0,-0.8057057857513428
6253437440.0,-0.8190058469772339
6254374912.0,-0.8319319486618042
6255312384.0,-0.8443335890769958
6256249856.0,-0.8530706167221069
6257187328.0,-0.864075779914856
6258124800.0,-0.8730494976043701
6259062272.0,-0.881192147731781
6259999744.0,-0.8882204294204712
6260937728.0,-0.8946795463562012
6261875200.0,-0.8992921710014343
6262812672.0,-0.9027625322341919
6263750144.0,-0.9062483906745911
6264687616.0,-0.9077537059783936
6265625088.0,-0.9086506962776184
6266562560.0,-0.908197283744812
6267500032.0,-0.9075942039489746
6268437504.0,-0.9068031311035156
6269374976.0,-0.9046962857246399
6270312448.0,-0.902482271194458
6271249920.0,-0.8991827368736267
6272187392.0,-0.8953296542167664
6273124864.0,-0.8915610313415527
6274062336.0,-0.8879908323287964
6274999808.0,-0.883994460105896
6275937280.0,-0.8801284432411194
6276874752.0,-0.8749144077301025
6277812736.0,-0.8717371821403503
6278750208.0,-0.8663397431373596
6279687680.0,-0.8606082797050476
6280625152.0,-0.8559102416038513
6281562624.0,-0.851458728313446
6282500096.0,-0.8469146490097046
6283437568.0,-0.8435719609260559
6284375040.0,-0.8422397375106812
6285312512.0,-0.8417955040931702
6286249984.0,-0.8433329463005066
6287187456.0,-0.8445957899093628
6288124928.0,-0.8478477597236633
6289062400.0,-0.8509781956672668
6289999872.0,-0.8551210165023804
6290937344.0,-0.8592410683631897
6291874816.0,-0.8646191954612732
6292812288.0,-0.8694673776626587
6293749760.0,-0.875152587890625
6294687744.0,-0.8807987570762634
6295625216.0,-0.8875007033348083
6296562688.0,-0.8927558064460754
6297500160.0,-0.9001164436340332
6298437632.0,-0.9071581363677979
6299375104.0,-0.914928138256073
6300312576.0,-0.9240353107452393
6301250048.0,-0.9335541725158691
6302187520.0,-0.9438259601593018
6303124992.0,-0.9550646543502808
6304062464.0,-0.9652899503707886
6304999936.0,-0.9935559630393982
6305937408.0,-1.0021649599075317
6306874880.0,-1.011520504951477
6307812352.0,-1.020935297012329
6308749824.0,-1.0295586585998535
6309687296.0,-1.0396666526794434
6310624768.0,-1.0479122400283813
6311562752.0,-1.0575788021087646
6312500224.0,-1.067529559135437
6313437696.0,-1.07753586769104
6314375168.0,-1.0871562957763672
6315312640.0,-1.097129464149475
6316250112.0,-1.1062318086624146
6317187584.0,-1.1164162158966064
6318125056.0,-1.1270253658294678
6319062528.0,-1.1392698287963867
6320000000.0,-1.1517666578292847
6320937472.0,-1.1640316247940063
6321874944.0,-1.1793394088745117
6322812416.0,-1.1922633647918701
6323749888.0,-1.2059741020202637
6324687360.0,-1.2183338403701782
6325624832.0,-1.2301052808761597
6326562304.0,-1.2415436506271362
6327499776.0,-1.2521635293960571
6328437248.0,-1.2610710859298706
6329375232.0,-1.269137978553772
6330312704.0,-1.276255488395691
6331250176.0,-1.2843828201293945
6332187648.0,-1.289839267730713
6333125120.0,-1.295577883720398
6334062592.0,-1.2994030714035034
6335000064.0,-1.3020867109298706
6335937536.0,-1.3034920692443848
6336875008.0,-1.3047276735305786
6337812480.0,-1.3042171001434326
6338749952.0,-1.301223874092102
6339687424.0,-1.2963581085205078
6340624896.0,-1.2907720804214478
6341562368.0,-1.2841535806655884
6342499840.0,-1.2761651277542114
6343437312.0,-1.2667092084884644
6344374784.0,-1.2569729089736938
6345312256.0,-1.2441524267196655
6346250240.0,-1.2326780557632446
6347187712.0,-1.2204551696777344
6348125184.0,-1.2074861526489258
6349062656.0,-1.1954214572906494
6350000128.0,-1.1821577548980713
6350937600.0,-1.1679291725158691
6351875072.0,-1.15351402759552
6352812544.0,-1.1409965753555298
6353750016.0,-1.1278507709503174
6354687488.0,-1.1153059005737305
6355624960.0,-1.1022535562515259
6356562432.0,-1.0897985696792603
6357499904.0,-1.0769842863082886
6358437376.0,-1.0655702352523804
6359374848.0,-1.0535823106765747
6360312320.0,-1.0432910919189453
6361249792.0,-1.0348793268203735
6362187264.0,-1.0266087055206299
6363125248.0,-1.0223270654678345
6364062720.0,-1.0186631679534912
6365000192.0,-1.3839199542999268
6365937664.0,-1.3991094827651978
6366875136.0,-1.4137545824050903
6367812608.0,-1.4290016889572144
6368750080.0,-1.4433451890945435
6369687552.0,-1.4585497379302979
6370625024.0,-1.4726606607437134
6371562496.0,-1.4874063730239868
6372499968.0,-1.5003825426101685
6373437440.0,-1.5138781070709229
6374374912.0,-1.5246995687484741
6375312384.0,-1.5376030206680298
6376249856.0,-1.54739511013031
6377187328.0,-1.5568678379058838
6378124800.0,-1.5640312433242798
6379062272.0,-1.571290373802185
6380000256.0,-1.5759844779968262
6380937728.0,-1.5812174081802368
6381875200.0,-1.5839017629623413
6382812672.0,-1.5872198343276978
6383750144.0,-1.5878405570983887
6384687616.0,-1.5893641710281372
6385625088.0,-1.5887113809585571
6386562560.0,-1.5864067077636719
6387500032.0,-1.5850123167037964
6388437504.0,-1.5817197561264038
6389374976.0,-1.5780181884765625
6390312448.0,-1.5722154378890991
6391249920.0,-1.5648598670959473
6392187392.0,-1.5571197271347046
6393124864.0,-1.547316551208496
6394062336.0,-1.5374934673309326
6394999808.0,-1.5270799398422241
6395937280.0,-1.5167701244354248
6396874752.0,-1.5077911615371704
6397812736.0,-1.4993021488189697
6398750208.0,-1.4914312362670898
6399687680.0,-1.483433723449707
6400625152.0,-1.4755666255950928
6401562624.0,-1.4684762954711914
6402500096.0,-1.4619507789611816
6403437568.0,-1.4565366506576538
6404375040.0,-1.4547390937805176
6405312512.0,-1.4554957151412964
6406249984.0,-1.4570952653884888
6407187456.0,-1.4618512392044067
6408124928.0,-1.4671319723129272
6409062400.0,-1.4738825559616089
6409999872.0,-1.4816923141479492
6410937344.0,-1.4926834106445312
6411874816.0,-1.5043858289718628
6412812288.0,-1.5163445472717285
6413749760.0,-1.5306414365768433
6414687744.0,-1.5464521646499634
6415625216.0,-1.5648661851882935
6416562688.0,-1.5847119092941284
6417500160.0,-1.6068178415298462
6418437632.0,-1.6319904327392578
6419375104.0,-1.6571059226989746
6420312576.0,-1.6833217144012451
6421250048.0,-1.708833932876587
6422187520.0,-1.7350223064422607
6423124992.0,-1.7630565166473389
6424062464.0,-1.7922817468643188
6424999936.0,-1.8259265422821045
6425937408.0,-1.8579987287521362
6426874880.0,-1.8900935649871826
6427812352.0,-1.9238841533660889
6428749824.0,-1.9563548564910889
6429687296.0,-1.9896270036697388
6430624768.0,-2.0207855701446533
6431562752.0,-2.0520880222320557
6432500224.0,-2.082429885864258
6433437696.0,-2.112422466278076
6434375168.0,-2.1409921646118164
6435312640.0,-2.1687920093536377
6436250112.0,-2.195561647415161
6437187584.0,-2.2211601734161377
6438125056.0,-2.2453842163085938
6439062528.0,-2.2659354209899902
6440000000.0,-2.286607265472412
6440937472.0,-2.3044135570526123
6441874944.0,-2.3207292556762695
6442812416.0,-2.335594892501831
6443749888.0,-2.348480701446533
6444687360.0,-2.3606603145599365
6445624832.0,-2.3704183101654053
6446562304.0,-2.3796441555023193
6447499776.0,-2.386554718017578
6448437248.0,-2.3924074172973633
6449375232.0,-2.3970916271209717
6450312704.0,-2.399179697036743
6451250176.0,-2.400412082672119
6452187648.0,-2.400800943374634
6453125120.0,-2.3981900215148926
6454062592.0,-2.395226240158081
6455000064.0,-2.3915324211120605
6455937536.0,-2.386618137359619
6456875008.0,-2.3812978267669678
6457812480.0,-2.3762614727020264
6458749952.0,-2.3709065914154053
6459687424.0,-2.365898370742798
6460624896.0,-2.3609530925750732
6461562368.0,-2.3597843647003174
6462499840.0,-2.3569159507751465
6463437312.0,-2.3563075065612793
6464374784.0,-2.355733871459961
6465312256.0,-2.3546600341796875
6466250240.0,-2.3535921573638916
6467187712.0,-2.351560354232788
6468125184.0,-2.3493902683258057
6469062656.0,-2.348775625228882
6470000128.0,-2.3472771644592285
6470937600.0,-2.350053071975708
6471875072.0,-2.354128360748291
6472812544.0,-2.3586268424987793
6473750016.0,-2.3650336265563965
6474687488.0,-2.3731069564819336
6475624960.0,-2.386202335357666
6476562432.0,-2.4031107425689697
6477499904.0,-2.4237914085388184
6478437376.0,-2.4488887786865234
6479374848.0,-2.4784553050994873
6480312320.0,-2.510356903076172
6481249792.0,-2.5465681552886963
6482187264.0,-2.5848007202148438
6483125248.0,-2.623399257659912
6484062720.0,-2.663281202316284
6485000192.0,-2.771073579788208
6485937664.0,-2.79997181892395
6486875136.0,-2.8296263217926025
6487812608.0,-2.857801675796509
6488750080.0,-2.886460065841675
6489687552.0,-2.913529396057129
6490625024.0,-2.9409801959991455
6491562496.0,-2.9681591987609863
6492499968.0,-2.997007131576538
6493437440.0,-3.0265653133392334
6494374912.0,-3.0553996562957764
6495312384.0,-3.085329294204712
6496249856.0,-3.1147944927215576
6497187328.0,-3.143735408782959
6498124800.0,-3.1736743450164795
6499062272.0,-3.2047793865203857
6499999744.0,-3.234834909439087
6500937728.0,-3.264263391494751
6501875200.0,-3.2912673950195312
6502812672.0,-3.318223237991333
6503750144.0,-3.341662883758545
6504687616.0,-3.3661680221557617
6505625088.0,-3.3890411853790283
6506562560.0,-3.410175085067749
6507500032.0,-3.431330680847168
6508437504.0,-3.453089475631714
6509374976.0,-3.476311445236206
6510312448.0,-3.500882387161255
6511249920.0,-3.5252203941345215
6512187392.0,-3.5508623123168945
6513124864.0,-3.576387882232666
6514062336.0,-3.603416919708252
6514999808.0,-3.6308629512786865
6515937280.0,-3.6595752239227295
6516874752.0,-3.6889381408691406
6517812736.0,-3.7192940711975098
6518750208.0,-3.7491629123687744
6519687680.0,-3.7805113792419434
6520625152.0,-3.812617301940918
6521562624.0,-3.845515727996826
6522500096.0,-3.8802738189697266
6523437568.0,-3.9183380603790283
6524375040.0,-3.9566895961761475
6525312512.0,-3.998584747314453
6526249984.0,-4.041008949279785
6527187456.0,-4.086716651916504
6528124928.0,-4.1316423416137695
6529062400.0,-4.17987060546875
6529999872.0,-4.227592945098877
6530937344.0,-4.276942729949951
6531874816.0,-4.324253559112549
6532812288.0,-4.369564533233643
6533749760.0,-4.413295269012451
6534687744.0,-4.459562301635742
6535625216.0,-4.5029425621032715
6536562688.0,-4.547293186187744
6537500160.0,-4.591801643371582
6538437632.0,-4.636841773986816
6539375104.0,-4.680190086364746
6540312576.0,-4.723090171813965
6541250048.0,-4.76461124420166
6542187520.0,-4.802486896514893
6543124992.0,-4.840634346008301
6544062464.0,-4.87924337387085
6544999936.0,-4.911716938018799
6545937408.0,-4.95278263092041
6546874880.0,-4.997820854187012
6547812352.0,-5.044810771942139
6548749824.0,-5.094503879547119
6549687296.0,-5.144139766693115
6550624768.0,-5.193466663360596
6551562752.0,-5.243391513824463
6552500224.0,-5.294157028198242
6553437696.0,-5.346373558044434
6554375168.0,-5.399075984954834
6555312640.0,-5.451465606689453
6556250112.0,-5.50386905670166
6557187584.0,-5.557219505310059
6558125056.0,-5.612827777862549
6559062528.0,-5.669378757476807
6560000000.0,-5.725564002990723
6560937472.0,-5.7823967933654785
6561874944.0,-5.84095573425293
6562812416.0,-5.8973541259765625
6563749888.0,-5.953952312469482
6564687360.0,-6.012506008148193
6565624832.0,-6.070174217224121
6566562304.0,-6.128188610076904
6567499776.0,-6.18854284286499
6568437248.0,-6.246002197265625
6569375232.0,-6.304540157318115
6570312704.0,-6.364208221435547
6571250176.0,-6.424582481384277
6572187648.0,-6.4907732009887695
6573125120.0,-6.562765598297119
6574062592.0,-6.643651485443115
6575000064.0,-6.72412633895874
6575937536.0,-6.80892276763916
6576875008.0,-6.897042751312256
6577812480.0,-6.985837459564209
6578749952.0,-7.07879638671875
6579687424.0,-7.171881675720215
6580624896.0,-7.269256591796875
6581562368.0,-7.3643646240234375
6582499840.0,-7.46017599105835
6583437312.0,-7.551206588745117
6584374784.0,-7.6384077072143555
6585312256.0,-7.7214508056640625
6586250240.0,-7.807492733001709
6587187712.0,-7.892467975616455
6588125184.0,-7.975292682647705
6589062656.0,-8.063088417053223
6590000128.0,-8.152595520019531
6590937600.0,-8.243658065795898
6591875072.0,-8.33926010131836
6592812544.0,-8.440065383911133
6593750016.0,-8.539107322692871
6594687488.0,-8.638842582702637
6595624960.0,-8.737564086914062
6596562432.0,-8.836196899414062
6597499904.0,-8.93828296661377
6598437376.0,-9.043146133422852
6599374848.0,-9.151596069335938
6600312320.0,-9.261031150817871
6601249792.0,-9.366808891296387
6602187264.0,-9.473223686218262
6603125248.0,-9.582830429077148
6604062720.0,-9.686854362487793
6605000192.0,-9.784418106079102
6605937664.0,-9.885889053344727
6606875136.0,-9.986330032348633
6607812608.0,-10.083171844482422
6608750080.0,-10.177396774291992
6609687552.0,-10.271696090698242
6610625024.0,-10.363936424255371
6611562496.0,-10.455151557922363
6612499968.0,-10.545056343078613
6613437440.0,-10.635885238647461
6614374912.0,-10.722088813781738
6615312384.0,-10.808722496032715
6616249856.0,-10.889524459838867
6617187328.0,-10.969118118286133
6618124800.0,-11.047402381896973
6619062272.0,-11.121293067932129
6620000256.0,-11.196700096130371
6620937728.0,-11.26490306854248
6621875200.0,-11.33141040802002
6622812672.0,-11.388383865356445
6623750144.0,-11.441080093383789
6624687616.0,-11.487422943115234
6625625088.0,-11.53548526763916
6626562560.0,-11.579947471618652
6627500032.0,-11.617555618286133
6628437504.0,-11.649463653564453
6629374976.0,-11.671808242797852
6630312448.0,-11.683680534362793
6631249920.0,-11.686034202575684
6632187392.0,-11.681184768676758
6633124864.0,-11.676511764526367
6634062336.0,-11.671103477478027
6634999808.0,-11.666962623596191
6635937280.0,-11.664240837097168
6636874752.0,-11.66073989868164
6637812736.0,-11.65195369720459
6638750208.0,-11.640092849731445
6639687680.0,-11.621678352355957
6640625152.0,-11.589384078979492
6641562624.0,-11.549674034118652
6642500096.0,-11.504104614257812
6643437568.0,-11.4487943649292
6644375040.0,-11.381587982177734
6645312512.0,-11.30838680267334
6646249984.0,-11.229127883911133
6647187456.0,-11.145438194274902
6648124928.0,-11.056803703308105
6649062400.0,-10.966940879821777
6649999872.0,-10.876932144165039
6650937344.0,-10.790002822875977
6651874816.0,-10.70647144317627
6652812288.0,-10.622015953063965
6653749760.0,-10.53936767578125
6654687744.0,-10.459136009216309
6655625216.0,-10.375710487365723
6656562688.0,-10.287592887878418
6657500160.0,-10.195828437805176
6658437632.0,-10.094883918762207
6659375104.0,-9.986313819885254
6660312576.0,-9.875452041625977
6661250048.0,-9.764245986938477
6662187520.0,-9.656124114990234
6663124992.0,-9.547828674316406
6664062464.0,-9.443059921264648
6664999936.0,-9.32121467590332
6665937408.0,-9.216519355773926
6666874880.0,-9.114973068237305
6667812352.0,-9.016569137573242
6668749824.0,-8.920581817626953
6669687296.0,-8.824509620666504
6670624768.0,-8.72696304321289
6671562752.0,-8.627607345581055
6672500224.0,-8.528555870056152
6673437696.0,-8.430913925170898
6674375168.0,-8.3287992477417
6675312640.0,-8.229447364807129
6676250112.0,-8.129439353942871
6677187584.0,-8.028416633605957
6678125056.0,-7.929285049438477
6679062528.0,-7.828634738922119
6680000000.0,-7.733755111694336
6680937472.0,-7.638008117675781
6681874944.0,-7.545492172241211
6682812416.0,-7.453941822052002
6683749888.0,-7.365867614746094
6684687360.0,-7.275273323059082
6685624832.0,-7.192922115325928
6686562304.0,-7.111024379730225
6687499776.0,-7.032670974731445
6688437248.0,-6.958054065704346
6689375232.0,-6.88692045211792
6690312704.0,-6.81801176071167
6691250176.0,-6.748097896575928
6692187648.0,-6.682124614715576
6693125120.0,-6.617248058319092
6694062592.0,-6.557460308074951
6695000064.0,-6.4990363121032715
6695937536.0,-6.443636894226074
6696875008.0,-6.387366771697998
6697812480.0,-6.332338809967041
6698749952.0,-6.27634334564209
6699687424.0,-6.218997478485107
6700624896.0,-6.16205358505249
6701562368.0,-6.103598594665527
6702499840.0,-6.04418420791626
6703437312.0,-5.986992835998535
6704374784.0,-5.929656505584717
6705312256.0,-5.873489856719971
6706250240.0,-5.817001819610596
6707187712.0,-5.761902809143066
6708125184.0,-5.708014011383057
6709062656.0,-5.655050754547119
6710000128.0,-5.6018385887146
6710937600.0,-5.5487518310546875
6711875072.0,-5.49427604675293
6712812544.0,-5.440267086029053
6713750016.0,-5.383998394012451
6714687488.0,-5.325473308563232
6715624960.0,-5.264808177947998
6716562432.0,-5.202659606933594
6717499904.0,-5.137072563171387
6718437376.0,-5.071098804473877
6719374848.0,-5.006633758544922
6720312320.0,-4.943745136260986
6721249792.0,-4.879176616668701
6722187264.0,-4.816345691680908
6723125248.0,-4.753918647766113
6724062720.0,-4.690664768218994
6725000192.0,-4.411187648773193
6725937664.0,-4.336247444152832
6726875136.0,-4.262284278869629
6727812608.0,-4.190337181091309
6728750080.0,-4.119620323181152
6729687552.0,-4.0529680252075195
6730625024.0,-3.9884581565856934
6731562496.0,-3.9256880283355713
6732499968.0,-3.8655152320861816
6733437440.0,-3.8090155124664307
6734374912.0,-3.752606153488159
6735312384.0,-3.6994967460632324
6736249856.0,-3.6491787433624268
6737187328.0,-3.6009016036987305
6738124800.0,-3.5547614097595215
6739062272.0,-3.513967752456665
6739999744.0,-3.474804401397705
6740937728.0,-3.4373066425323486
6741875200.0,-3.4035661220550537
6742812672.0,-3.3728039264678955
6743750144.0,-3.3448712825775146
6744687616.0,-3.3184754848480225
6745625088.0,-3.2945027351379395
6746562560.0,-3.269824504852295
6747500032.0,-3.246493101119995
6748437504.0,-3.2237281799316406
6749374976.0,-3.2009997367858887
6750312448.0,-3.180072546005249
6751249920.0,-3.1574580669403076
6752187392.0,-3.1358139514923096
6753124864.0,-3.116081714630127
6754062336.0,-3.0989835262298584
6754999808.0,-3.081261396408081
6755937280.0,-3.0639913082122803
6756874752.0,-3.0467934608459473
6757812736.0,-3.027860403060913
6758750208.0,-3.010833263397217
6759687680.0,-2.9925224781036377
6760625152.0,-2.974714517593384
6761562624.0,-2.954956293106079
6762500096.0,-2.9366767406463623
6763437568.0,-2.9178338050842285
6764375040.0,-2.897388219833374
6765312512.0,-2.8764312267303467
6766249984.0,-2.8537657260894775
6767187456.0,-2.828364610671997
6768124928.0,-2.803011417388916
6769062400.0,-2.77618145942688
6769999872.0,-2.7460343837738037
6770937344.0,-2.7156317234039307
6771874816.0,-2.6865463256835938
6772812288.0,-2.6563868522644043
6773749760.0,-2.624540090560913
6774687744.0,-2.5934135913848877
6775625216.0,-2.5610032081604004
6776562688.0,-2.528284788131714
6777500160.0,-2.4963607788085938
6778437632.0,-2.467468500137329
6779375104.0,-2.4384496212005615
6780312576.0,-2.40814208984375
6781250048.0,-2.377685308456421
6782187520.0,-2.347923517227173
6783124992.0,-2.3187382221221924
6784062464.0,-2.288832902908325
6784999936.0,-2.2651023864746094
6785937408.0,-2.231611490249634
6786874880.0,-2.1988437175750732
6787812352.0,-2.1677122116088867
6788749824.0,-2.137576103210449
6789687296.0,-2.1090750694274902
6790624768.0,-2.080277681350708
6791562752.0,-2.0556387901306152
6792500224.0,-2.02956223487854
6793437696.0,-2.006279945373535
6794375168.0,-1.9833489656448364
6795312640.0,-1.961262583732605
6796250112.0,-1.9392223358154297
6797187584.0,-1.9193214178085327
6798125056.0,-1.9005807638168335
6799062528.0,-1.8826038837432861
6800000000.0,-1.8661080598831177
6800937472.0,-1.8496872186660767
6801874944.0,-1.8347561359405518
6802812416.0,-1.820852518081665
6803749888.0,-1.8083797693252563
6804687360.0,-1.7975319623947144
6805624832.0,-1.7857846021652222
6806562304.0,-1.7739700078964233
6807499776.0,-1.7617460489273071
6808437248.0,-1.7494853734970093
6809375232.0,-1.738453984260559
6810312704.0,-1.725513219833374
6811250176.0,-1.7138806581497192
6812187648.0,-1.701839566230774
6813125120.0,-1.6897112131118774
6814062592.0,-1.677782416343689
6815000064.0,-1.6662774085998535
6815937536.0,-1.653380036354065
6816875008.0,-1.6415815353393555
6817812480.0,-1.6266040802001953
6818749952.0,-1.613175392150879
6819687424.0,-1.5980615615844727
6820624896.0,-1.582986831665039
6821562368.0,-1.5669782161712646
6822499840.0,-1.5479074716567993
6823437312.0,-1.5285634994506836
6824374784.0,-1.5088427066802979
6825312256.0,-1.4876474142074585
6826250240.0,-1.4662591218948364
6827187712.0,-1.4439913034439087
6828125184.0,-1.4226999282836914
6829062656.0,-1.4013034105300903
6830000128.0,-1.3792256116867065
6830937600.0,-1.3553552627563477
6831875072.0,-1.3331897258758545
6832812544.0,-1.3111523389816284
6833750016.0,-1.2905975580215454
6834687488.0,-1.2681764364242554
6835624960.0,-1.2472331523895264
6836562432.0,-1.2256786823272705
6837499904.0,-1.2070527076721191
6838437376.0,-1.1877237558364868
6839374848.0,-1.1683423519134521
6840312320.0,-1.1511235237121582
6841249792.0,-1.1364092826843262
6842187264.0,-1.1208864450454712
6843125248.0,-1.1067767143249512
6844062720.0,-1.0957087278366089
6845000192.0,-1.058498501777649
6845937664.0,-1.049938678741455
6846875136.0,-1.0427860021591187
6847812608.0,-1.0366634130477905
6848750080.0,-1.0324090719223022
6849687552.0,-1.0290875434875488
6850625024.0,-1.0274473428726196
6851562496.0,-1.026491641998291
6852499968.0,-1.0272794961929321
6853437440.0,-1.0276933908462524
6854374912.0,-1.029618263244629
6855312384.0,-1.030804991722107
6856249856.0,-1.0345057249069214
6857187328.0,-1.03921377658844
6858124800.0,-1.0440647602081299
6859062272.0,-1.05130934715271
6860000256.0,-1.0584487915039062
6860937728.0,-1.0681473016738892
6861875200.0,-1.078974962234497
6862812672.0,-1.0898032188415527
6863750144.0,-1.1019221544265747
6864687616.0,-1.1138259172439575
6865625088.0,-1.126538634300232
6866562560.0,-1.1389803886413574
6867500032.0,-1.1493703126907349
6868437504.0,-1.1603078842163086
6869374976.0,-1.1695770025253296
6870312448.0,-1.178613543510437
6871249920.0,-1.1866331100463867
6872187392.0,-1.1938152313232422
6873124864.0,-1.1991539001464844
6874062336.0,-1.2033320665359497
6874999808.0,-1.2047673463821411
6875937280.0,-1.2057318687438965
6876874752.0,-1.2036256790161133
6877812736.0,-1.1998047828674316
6878750208.0,-1.1951817274093628
6879687680.0,-1.1869817972183228
6880625152.0,-1.1745420694351196
6881562624.0,-1.1606717109680176
6882500096.0,-1.144758701324463
6883437568.0,-1.126785159111023
6884375040.0,-1.1066163778305054
6885312512.0,-1.0852832794189453
6886249984.0,-1.0632822513580322
6887187456.0,-1.0387413501739502
6888124928.0,-1.0131210088729858
6889062400.0,-0.9854722619056702
6889999872.0,-0.9564369916915894
6890937344.0,-0.9287533760070801
6891874816.0,-0.8995086550712585
6892812288.0,-0.8694865107536316
6893749760.0,-0.8387858867645264
6894687744.0,-0.8088942766189575
6895625216.0,-0.7789810299873352
6896562688.0,-0.7482845783233643
6897500160.0,-0.7189936637878418
6898437632.0,-0.6890998482704163
6899375104.0,-0.6620485782623291
6900312576.0,-0.6347597241401672
6901250048.0,-0.6071006059646606
6902187520.0,-0.5817446112632751
6903124992.0,-0.5566344261169434
6904062464.0,-0.5334803462028503
6904999936.0,-0.4897858202457428
6905937408.0,-0.4842563271522522
6906874880.0,-0.4803631901741028
6907812352.0,-0.4772361218929291
6908749824.0,-0.47655829787254333
6909687296.0,-0.4768558442592621
6910624768.0,-0.4783128798007965
6911562752.0,-0.4811165928840637
6912500224.0,-0.4844077527523041
6913437696.0,-0.48942452669143677
6914375168.0,-0.4959852695465088
6915312640.0,-0.501192569732666
6916250112.0,-0.5088903307914734
6917187584.0,-0.5161858201026917
6918125056.0,-0.5237231254577637
6919062528.0,-0.5326861143112183
6920000000.0,-0.5424366593360901
6920937472.0,-0.5508561730384827
6921874944.0,-0.5613074898719788
6922812416.0,-0.5708420276641846
6923749888.0,-0.5808349251747131
6924687360.0,-0.5894259214401245
6925624832.0,-0.5996480584144592
6926562304.0,-0.6095178723335266
6927499776.0,-0.6176705956459045
6928437248.0,-0.6257890462875366
6929375232.0,-0.6328318119049072
6930312704.0,-0.6403063535690308
6931250176.0,-0.6499630808830261
6932187648.0,-0.6604295969009399
6933125120.0,-0.6677761673927307
6934062592.0,-0.6757702231407166
6935000064.0,-0.6820892095565796
6935937536.0,-0.6892833113670349
6936875008.0,-0.6947142481803894
6937812480.0,-0.6982735991477966
6938749952.0,-0.7017368674278259
6939687424.0,-0.704380214214325
6940624896.0,-0.707304060459137
6941562368.0,-0.7077539563179016
6942499840.0,-0.7079044580459595
6943437312.0,-0.7063645124435425
6944374784.0,-0.7055050730705261
6945312256.0,-0.7024087309837341
6946250240.0,-0.699604332447052
6947187712.0,-0.6946161389350891
6948125184.0,-0.6893736720085144
6949062656.0,-0.6835562586784363
6950000128.0,-0.6764814257621765
6950937600.0,-0.6686622500419617
6951875072.0,-0.6603490710258484
6952812544.0,-0.6500470042228699
6953750016.0,-0.6389666795730591
6954687488.0,-0.6276094317436218
6955624960.0,-0.6158050894737244
6956562432.0,-0.6038749814033508
6957499904.0,-0.5919608473777771
6958437376.0,-0.5796959400177002
6959374848.0,-0.5659658908843994
6960312320.0,-0.5532759428024292
6961249792.0,-0.5378467440605164
6962187264.0,-0.5228959918022156
6963125248.0,-0.5064449310302734
6964062720.0,-0.49082663655281067
6965000192.0,-0.4119015634059906
6965937664.0,-0.40356215834617615
6966875136.0,-0.3952084183692932
6967812608.0,-0.3866463303565979
6968750080.0,-0.3791133761405945
6969687552.0,-0.3715967535972595
6970625024.0,-0.3645685017108917
6971562496.0,-0.35747432708740234
6972499968.0,-0.3519755005836487
6973437440.0,-0.34696921706199646
6974374912.0,-0.34259071946144104
6975312384.0,-0.33762478828430176
6976249856.0,-0.3345271646976471
6977187328.0,-0.3320252001285553
6978124800.0,-0.33121028542518616
6979062272.0,-0.33032381534576416
6979999744.0,-0.3318471610546112
6980937728.0,-0.3332684636116028
6981875200.0,-0.33454838395118713
6982812672.0,-0.33774909377098083
6983750144.0,-0.34168681502342224
6984687616.0,-0.34653961658477783
6985625088.0,-0.3534466624259949
6986562560.0,-0.3602823317050934
6987500032.0,-0.3681449890136719
6988437504.0,-0.37852752208709717
6989374976.0,-0.38995376229286194
6990312448.0,-0.4002099931240082
6991249920.0,-0.41234609484672546
6992187392.0,-0.42444756627082825
6993124864.0,-0.43759047985076904
6994062336.0,-0.4500347375869751
6994999808.0,-0.4633703827857971
6995937280.0,-0.47506335377693176
6996874752.0,-0.48734956979751587
6997812736.0,-0.5002951622009277
6998750208.0,-0.5119014978408813
6999687680.0,-0.5227472186088562
7000625152.0,-0.5341658592224121
7001562624.0,-0.5425541996955872
7002500096.0,-0.5519985556602478
7003437568.0,-0.5600333213806152
7004375040.0,-0.5670482516288757
7005312512.0,-0.5716983675956726
7006249984.0,-0.5767502188682556
7007187456.0,-0.5785028338432312
7008124928.0,-0.5801242589950562
7009062400.0,-0.5803773403167725
7009999872.0,-0.5775815844535828
7010937344.0,-0.574245274066925
7011874816.0,-0.5703305006027222
7012812288.0,-0.5648887753486633
7013749760.0,-0.5587923526763916
7014687744.0,-0.5516824126243591
7015625216.0,-0.5437449812889099
7016562688.0,-0.5354416966438293
7017500160.0,-0.5274597406387329
7018437632.0,-0.517578125
7019375104.0,-0.5088276863098145
7020312576.0,-0.49826890230178833
7021250048.0,-0.48855963349342346
7022187520.0,-0.47925692796707153
7023124992.0,-0.46966904401779175
7024062464.0,-0.4609723687171936
7024999936.0,-0.4337482452392578
7025937408.0,-0.4269214868545532
7026874880.0,-0.41833987832069397
7027812352.0,-0.4138473868370056
7028749824.0,-0.40790456533432007
7029687296.0,-0.4045792520046234
7030624768.0,-0.4014439284801483
7031562752.0,-0.39946937561035156
7032500224.0,-0.39979156851768494
7033437696.0,-0.4012953042984009
7034375168.0,-0.40411317348480225
7035312640.0,-0.40870314836502075
7036250112.0,-0.41467171907424927
7037187584.0,-0.42150071263313293
7038125056.0,-0.42855221033096313
7039062528.0,-0.43772760033607483
7040000000.0,-0.4462759494781494
7040937472.0,-0.4559285640716553
7041874944.0,-0.46677252650260925
7042812416.0,-0.4762210249900818
7043749888.0,-0.48569124937057495
7044687360.0,-0.49523991346359253
7045624832.0,-0.5041660070419312
7046562304.0,-0.5104994773864746
7047499776.0,-0.5178856253623962
7048437248.0,-0.5233792662620544
7049375232.0,-0.5275784134864807
7050312704.0,-0.529746949672699
7051250176.0,-0.5318377614021301
7052187648.0,-0.5308138728141785
7053125120.0,-0.5286902189254761
7054062592.0,-0.5251604914665222
7055000064.0,-0.5190238356590271
7055937536.0,-0.51021808385849
7056875008.0,-0.500505805015564
7057812480.0,-0.4885292649269104
7058749952.0,-0.4738224446773529
7059687424.0,-0.4571979343891144
7060624896.0,-0.4390474557876587
7061562368.0,-0.4199151396751404
7062499840.0,-0.4001382291316986
7063437312.0,-0.3790300488471985
7064374784.0,-0.35698121786117554
7065312256.0,-0.335905522108078
7066250240.0,-0.31465739011764526
7067187712.0,-0.2924029529094696
7068125184.0,-0.2718150317668915
7069062656.0,-0.25106316804885864
7070000128.0,-0.2313532680273056
7070937600.0,-0.2112455815076828
7071875072.0,-0.1929454207420349
7072812544.0,-0.1753140240907669
7073750016.0,-0.16027086973190308
7074687488.0,-0.1463920772075653
7075624960.0,-0.1340569108724594
7076562432.0,-0.12427542358636856
7077499904.0,-0.11580165475606918
7078437376.0,-0.10997345298528671
7079374848.0,-0.10608544945716858
7080312320.0,-0.10478714853525162
7081249792.0,-0.10653948038816452
7082187264.0,-0.11001749336719513
7083125248.0,-0.1163623258471489
7084062720.0,-0.12393581122159958
7085000192.0,-0.27658623456954956
7085937664.0,-0.28903576731681824
7086875136.0,-0.30247828364372253
7087812608.0,-0.3165108263492584
7088750080.0,-0.33359262347221375
7089687552.0,-0.3532087504863739
7090625024.0,-0.373694509267807
7091562496.0,-0.39678820967674255
7092499968.0,-0.4220767021179199
7093437440.0,-0.44821876287460327
7094374912.0,-0.475320965051651
7095312384.0,-0.505245566368103
7096249856.0,-0.5378073453903198
7097187328.0,-0.5690682530403137
7098124800.0,-0.6030992865562439
7099062272.0,-0.6370492577552795
7100000256.0,-0.6716014742851257
7100937728.0,-0.7059841156005859
7101875200.0,-0.739578902721405
7102812672.0,-0.7721192836761475
7103750144.0,-0.8035284280776978
7104687616.0,-0.8317031860351562
7105625088.0,-0.8589422702789307
7106562560.0,-0.8827409744262695
7107500032.0,-0.9022602438926697
7108437504.0,-0.9199951887130737
7109374976.0,-0.9335815906524658
7110312448.0,-0.9444318413734436
7111249920.0,-0.9510910511016846
7112187392.0,-0.9537376165390015
7113124864.0,-0.9505347013473511
7114062336.0,-0.9449012279510498
7114999808.0,-0.9343950152397156
7115937280.0,-0.920967161655426
7116874752.0,-0.9025986790657043
7117812736.0,-0.882257342338562
7118750208.0,-0.8573763370513916
7119687680.0,-0.8305965065956116
7120625152.0,-0.8004806041717529
7121562624.0,-0.7687241435050964
7122500096.0,-0.7361768484115601
7123437568.0,-0.7007836699485779
7124375040.0,-0.6655938625335693
7125312512.0,-0.628452479839325
7126249984.0,-0.5921715497970581
7127187456.0,-0.5558334589004517
7128124928.0,-0.5187243223190308
7129062400.0,-0.48223504424095154
7129999872.0,-0.4471413195133209
7130937344.0,-0.41389039158821106
7131874816.0,-0.38102832436561584
7132812288.0,-0.3494758605957031
7133749760.0,-0.3185102641582489
7134687744.0,-0.2906246781349182
7135625216.0,-0.2649616301059723
7136562688.0,-0.2406972497701645
7137500160.0,-0.21726982295513153
7138437632.0,-0.19850897789001465
7139375104.0,-0.1810397207736969
7140312576.0,-0.16484509408473969
7141250048.0,-0.15105070173740387
7142187520.0,-0.13803821802139282
7143124992.0,-0.12894447147846222
7144062464.0,-0.21772341430187225
7144999936.0,-0.21752694249153137
7145937408.0,-0.21869149804115295
7146874880.0,-0.21933503448963165
7147812352.0,-0.22188253700733185
7148749824.0,-0.22396141290664673
7149687296.0,-0.22913509607315063
7150624768.0,-0.23425953090190887
7151562752.0,-0.24037198722362518
7152500224.0,-0.24817898869514465
7153437696.0,-0.25845491886138916
7154375168.0,-0.2705729305744171
7155312640.0,-0.2853872776031494
7156250112.0,-0.3016900420188904
7157187584.0,-0.3216135799884796
7158125056.0,-0.3435491919517517
7159062528.0,-0.36898282170295715
7160000000.0,-0.39616692066192627
7160937472.0,-0.423488974571228
7161874944.0,-0.4479697346687317
7162812416.0,-0.46901509165763855
7163749888.0,-0.4857698082923889
7164687360.0,-0.5005946755409241
7165624832.0,-0.5123662352561951
7166562304.0,-0.5209786295890808
7167499776.0,-0.5274307727813721
7168437248.0,-0.5313078165054321
7169375232.0,-0.5350638628005981
7170312704.0,-0.5372481942176819
7171250176.0,-0.5406716465950012
7172187648.0,-0.5424648523330688
7173125120.0,-0.5458476543426514
7174062592.0,-0.5511915683746338
7175000064.0,-0.55867600440979
7175937536.0,-0.5675864815711975
7176875008.0,-0.579342246055603
7177812480.0,-0.5938647389411926
7178749952.0,-0.6105417013168335
7179687424.0,-0.6299431324005127
7180624896.0,-0.6508782505989075
7181562368.0,-0.6708098649978638
7182499840.0,-0.6955912709236145
7183437312.0,-0.7173563241958618
7184374784.0,-0.7385455369949341
7185312256.0,-0.7571890354156494
7186250240.0,-0.773365318775177
7187187712.0,-0.7869988083839417
7188125184.0,-0.7971895933151245
7189062656.0,-0.8037187457084656
7190000128.0,-0.8067885041236877
7190937600.0,-0.8059675097465515
7191875072.0,-0.8034606575965881
7192812544.0,-0.7948083281517029
7193750016.0,-0.7836427688598633
7194687488.0,-0.769195556640625
7195624960.0,-0.7515355944633484
7196562432.0,-0.731536328792572
7197499904.0,-0.708216667175293
7198437376.0,-0.6840739846229553
7199374848.0,-0.6577789783477783
7200312320.0,-0.6304752826690674
7201249792.0,-0.6027544736862183
7202187264.0,-0.575443685054779
7203125248.0,-0.54859858751297
7204062720.0,-0.670515775680542
7205000192.0,-0.6616339683532715
7205937664.0,-0.654498279094696
7206875136.0,-0.6511641144752502
7207812608.0,-0.6500392556190491
7208750080.0,-0.6496180295944214
7209687552.0,-0.6523330807685852
7210625024.0,-0.6564332842826843
7211562496.0,-0.6687001585960388
7212499968.0,-0.681205153465271
7213437440.0,-0.6956662535667419
7214374912.0,-0.7124720811843872
7215312384.0,-0.730419397354126
7216249856.0,-0.7496033906936646
7217187328.0,-0.7698683142662048
7218124800.0,-0.789901077747345
7219062272.0,-0.8099115490913391
7219999744.0,-0.8301558494567871
7220937728.0,-0.8502989411354065
7221875200.0,-0.8687178492546082
7222812672.0,-0.8862692713737488
7223750144.0,-0.9035265445709229
7224687616.0,-0.9188018441200256
7225625088.0,-0.9325434565544128
7226562560.0,-0.9418509602546692
7227500032.0,-0.95172518491745
7228437504.0,-0.9591104984283447
7229374976.0,-0.9640331864356995
7230312448.0,-0.9677535891532898
7231249920.0,-0.9686598181724548
7232187392.0,-0.9673619270324707
7233124864.0,-0.9668631553649902
7234062336.0,-0.9633711576461792
7234999808.0,-0.960351824760437
7235937280.0,-0.9552581310272217
7236874752.0,-0.9512683749198914
7237812736.0,-0.9461691379547119
7238750208.0,-0.9419941306114197
7239687680.0,-0.9375559091567993
7240625152.0,-0.9328698515892029
7241562624.0,-0.9293007850646973
7242500096.0,-0.9247702360153198
7243437568.0,-0.9225145578384399
7244375040.0,-0.9210240840911865
7245312512.0,-0.921179473400116
7246249984.0,-0.9231080412864685
7247187456.0,-0.9269689321517944
7248124928.0,-0.9328843951225281
7249062400.0,-0.9400588870048523
7249999872.0,-0.9487707614898682
7250937344.0,-0.9577599167823792
7251874816.0,-0.9695062637329102
7252812288.0,-0.9820524454116821
7253749760.0,-0.9948534965515137
7254687744.0,-1.009783387184143
7255625216.0,-1.024753451347351
7256562688.0,-1.0410517454147339
7257500160.0,-1.0568019151687622
7258437632.0,-1.0736274719238281
7259375104.0,-1.091049313545227
7260312576.0,-1.1091758012771606
7261250048.0,-1.1261011362075806
7262187520.0,-1.1425405740737915
7263124992.0,-1.1567100286483765
7264062464.0,-1.1877295970916748
7264999936.0,-1.2012909650802612
7265937408.0,-1.2170065641403198
7266874880.0,-1.2307356595993042
7267812352.0,-1.2452086210250854
7268749824.0,-1.2579493522644043
7269687296.0,-1.2710994482040405
7270624768.0,-1.283436894416809
7271562752.0,-1.293221354484558
7272500224.0,-1.3038403987884521
7273437696.0,-1.312530279159546
7274375168.0,-1.3207283020019531
7275312640.0,-1.3274589776992798
7276250112.0,-1.33155357837677
7277187584.0,-1.3352956771850586
7278125056.0,-1.3361471891403198
7279062528.0,-1.3343288898468018
7280000000.0,-1.3316439390182495
7280937472.0,-1.3238683938980103
7281874944.0,-1.3162930011749268
7282812416.0,-1.3043628931045532
7283749888.0,-1.2925620079040527
7284687360.0,-1.2773038148880005
7285624832.0,-1.2591246366500854
7286562304.0,-1.240612506866455
7287499776.0,-1.219002366065979
7288437248.0,-1.1961498260498047
7289375232.0,-1.1712720394134521
7290312704.0,-1.1443923711776733
7291250176.0,-1.116014003753662
7292187648.0,-1.0859434604644775
7293125120.0,-1.0541651248931885
7294062592.0,-1.01992666721344
7295000064.0,-0.9871174097061157
7295937536.0,-0.9521968960762024
7296875008.0,-0.9157007932662964
7297812480.0,-0.8799600005149841
7298749952.0,-0.8437358736991882
7299687424.0,-0.805955708026886
7300624896.0,-0.7700178027153015
7301562368.0,-0.7332566976547241
7302499840.0,-0.69701087474823
7303437312.0,-0.6616569757461548
7304374784.0,-0.6270666122436523
7305312256.0,-0.5922536253929138
7306250240.0,-0.5589739680290222
7307187712.0,-0.5265048742294312
7308125184.0,-0.4948450028896332
7309062656.0,-0.46538200974464417
7310000128.0,-0.4357445240020752
7310937600.0,-0.40884673595428467
7311875072.0,-0.3829222619533539
7312812544.0,-0.3597623407840729
7313750016.0,-0.34129440784454346
7314687488.0,-0.32336315512657166
7315624960.0,-0.30745038390159607
7316562432.0,-0.29322168231010437
7317499904.0,-0.2796839773654938
7318437376.0,-0.26948148012161255
7319374848.0,-0.26145994663238525
7320312320.0,-0.2543107271194458
7321249792.0,-0.2511404752731323
7322187264.0,-0.2475808709859848
7323125248.0,-0.24723514914512634
7324062720.0,-0.40858253836631775
7325000192.0,-0.4064614176750183
7325937664.0,-0.40601983666419983
7326875136.0,-0.4073604643344879
7327812608.0,-0.41057994961738586
7328750080.0,-0.41473689675331116
7329687552.0,-0.4197250008583069
7330625024.0,-0.4274683892726898
7331562496.0,-0.4359792172908783
7332499968.0,-0.4450596272945404
7333437440.0,-0.4547850489616394
7334374912.0,-0.46444210410118103
7335312384.0,-0.4755631983280182
7336249856.0,-0.486780047416687
7337187328.0,-0.4986167848110199
7338124800.0,-0.5104314684867859
7339062272.0,-0.5196022391319275
7340000256.0,-0.5292520523071289
7340937728.0,-0.5381146669387817
7341875200.0,-0.5462896227836609
7342812672.0,-0.5543910264968872
7343750144.0,-0.5599110126495361
7344687616.0,-0.5649329423904419
7345625088.0,-0.5679891705513
7346562560.0,-0.5703815817832947
7347500032.0,-0.5711334943771362
7348437504.0,-0.5702438354492188
7349374976.0,-0.5687262415885925
7350312448.0,-0.564130425453186
7351249920.0,-0.5585999488830566
7352187392.0,-0.5515080690383911
7353124864.0,-0.5437838435173035
7354062336.0,-0.5342658758163452
7354999808.0,-0.5247750878334045
7355937280.0,-0.5145553350448608
7356874752.0,-0.5024266242980957
7357812736.0,-0.49017560482025146
7358750208.0,-0.4771638512611389
7359687680.0,-0.4644239544868469
7360625152.0,-0.4506562352180481
7361562624.0,-0.43681126832962036
7362500096.0,-0.4228854179382324
7363437568.0,-0.4069659411907196
7364375040.0,-0.38793307542800903
7365312512.0,-0.3694293797016144
7366249984.0,-0.35198071599006653
7367187456.0,-0.33301711082458496
7368124928.0,-0.3143504858016968
7369062400.0,-0.29526767134666443
7369999872.0,-0.276042640209198
7370937344.0,-0.25811854004859924
7371874816.0,-0.23805604875087738
7372812288.0,-0.21991798281669617
7373749760.0,-0.19991564750671387
7374687744.0,-0.18045875430107117
7375625216.0,-0.1593947410583496
7376562688.0,-0.13986723124980927
7377500160.0,-0.11831594258546829
7378437632.0,-0.09881667792797089
7379375104.0,-0.07519955933094025
7380312576.0,-0.05524666607379913
7381250048.0,-0.03287183493375778
7382187520.0,-0.011036832816898823
7383124992.0,0.011295423842966557
7384062464.0,0.026897156611084938
7384999936.0,0.03528093174099922
7385937408.0,0.04150895029306412
7386874880.0,0.04834429919719696
7387812352.0,0.053198084235191345
7388749824.0,0.05903230234980583
7389687296.0,0.06494533270597458
7390624768.0,0.06947919726371765
7391562752.0,0.07443475723266602
7392500224.0,0.07981966435909271
7393437696.0,0.08500074595212936
7394375168.0,0.0906226634979248
7395312640.0,0.09678620100021362
7396250112.0,0.10292040556669235
7397187584.0,0.10880530625581741
7398125056.0,0.11543670296669006
7399062528.0,0.12232556194067001
7400000000.0,0.1300242841243744
7400937472.0,0.13702724874019623
7401874944.0,0.14534570276737213
7402812416.0,0.1518172323703766
7403749888.0,0.1595631092786789
7404687360.0,0.16570071876049042
7405624832.0,0.17102384567260742
7406562304.0,0.17479737102985382
7407499776.0,0.17788584530353546
7408437248.0,0.17878182232379913
7409375232.0,0.1764127016067505
7410312704.0,0.17327545583248138
7411250176.0,0.1673746407032013
7412187648.0,0.15951481461524963
7413125120.0,0.14956602454185486
7414062592.0,0.13562826812267303
7415000064.0,0.11955751478672028
7415937536.0,0.10209981352090836
7416875008.0,0.08220001310110092
7417812480.0,0.060593221336603165
7418749952.0,0.037662066519260406
7419687424.0,0.014057920314371586
7420624896.0,-0.012541317380964756
7421562368.0,-0.03655485063791275
7422499840.0,-0.062350738793611526
7423437312.0,-0.08812498301267624
7424374784.0,-0.11353925615549088
7425312256.0,-0.13760808110237122
7426250240.0,-0.16126087307929993
7427187712.0,-0.1835482269525528
7428125184.0,-0.20501857995986938
7429062656.0,-0.22464095056056976
7430000128.0,-0.24198876321315765
7430937600.0,-0.26012107729911804
7431875072.0,-0.2744215428829193
7432812544.0,-0.28725096583366394
7433750016.0,-0.30038538575172424
7434687488.0,-0.31131699681282043
7435624960.0,-0.32147061824798584
7436562432.0,-0.32954323291778564
7437499904.0,-0.3375682234764099
7438437376.0,-0.343383252620697
7439374848.0,-0.34846869111061096
7440312320.0,-0.35213297605514526
7441249792.0,-0.35447806119918823
7442187264.0,-0.3555186986923218
7443125248.0,-0.3548550605773926
7444062720.0,-0.14206618070602417
7445000192.0,-0.12262263894081116
7445937664.0,-0.10716462880373001
7446875136.0,-0.09455744922161102
7447812608.0,-0.0827978327870369
7448750080.0,-0.07355863600969315
7449687552.0,-0.06701633334159851
7450625024.0,-0.06084930896759033
7451562496.0,-0.05603831633925438
7452499968.0,-0.052779003977775574
7453437440.0,-0.05016753450036049
7454374912.0,-0.04832179844379425
7455312384.0,-0.045180488377809525
7456249856.0,-0.04414966702461243
7457187328.0,-0.041911836713552475
7458124800.0,-0.03866796940565109
7459062272.0,-0.03418606147170067
7459999744.0,-0.029510503634810448
7460937728.0,-0.023897521197795868
7461875200.0,-0.015527733601629734
7462812672.0,-0.008363856002688408
7463750144.0,0.0008841905510053039
7464687616.0,0.010131748393177986
7465625088.0,0.02075221575796604
7466562560.0,0.03050677478313446
7467500032.0,0.04240647703409195
7468437504.0,0.05445105955004692
7469374976.0,0.06645721942186356
7470312448.0,0.08026696741580963
7471249920.0,0.09244367480278015
7472187392.0,0.104225754737854
7473124864.0,0.11676300317049026
7474062336.0,0.1277560591697693
7474999808.0,0.13887561857700348
7475937280.0,0.14947709441184998
7476874752.0,0.1575372964143753
7477812736.0,0.16542384028434753
7478750208.0,0.17215755581855774
7479687680.0,0.1766391098499298
7480625152.0,0.18119284510612488
7481562624.0,0.18301257491111755
7482500096.0,0.18375402688980103
7483437568.0,0.18245697021484375
7484375040.0,0.17993982136249542
7485312512.0,0.17620104551315308
7486249984.0,0.1707364171743393
7487187456.0,0.16364030539989471
7488124928.0,0.1552554965019226
7489062400.0,0.14573514461517334
7489999872.0,0.13522246479988098
7490937344.0,0.12176251411437988
7491874816.0,0.10683544725179672
7492812288.0,0.08934513479471207
7493749760.0,0.0727996677160263
7494687744.0,0.05448157712817192
7495625216.0,0.03591122478246689
7496562688.0,0.017496205866336823
7497500160.0,-0.001415359671227634
7498437632.0,-0.019525574520230293
7499375104.0,-0.03844430670142174
7500312576.0,-0.05599725991487503
7501250048.0,-0.073057159781456
7502187520.0,-0.08950617909431458
7503124992.0,-0.10513795912265778
7504062464.0,-0.09012004733085632
7504999936.0,-0.1012713760137558
7505937408.0,-0.11129359900951385
7506874880.0,-0.12093871086835861
7507812352.0,-0.129841148853302
7508749824.0,-0.1390983760356903
7509687296.0,-0.14927290380001068
7510624768.0,-0.15722408890724182
7511562752.0,-0.16472843289375305
7512500224.0,-0.17254073917865753
7513437696.0,-0.17809352278709412
7514375168.0,-0.18496295809745789
7515312640.0,-0.19021999835968018
7516250112.0,-0.1944015771150589
7517187584.0,-0.19860364496707916
7518125056.0,-0.2020459771156311
7519062528.0,-0.20435018837451935
7520000000.0,-0.2056799679994583
7520937472.0,-0.20615056157112122
7521874944.0,-0.20518465340137482
7522812416.0,-0.20411716401576996
7523749888.0,-0.20139209926128387
7524687360.0,-0.19771645963191986
7525624832.0,-0.19251300394535065
7526562304.0,-0.18711616098880768
7527499776.0,-0.18109939992427826
7528437248.0,-0.17247538268566132
7529375232.0,-0.16312845051288605
7530312704.0,-0.15345661342144012
7531250176.0,-0.14398115873336792
7532187648.0,-0.13102760910987854
7533125120.0,-0.11984467506408691
7534062592.0,-0.10731049627065659
7535000064.0,-0.09348085522651672
7535937536.0,-0.07843982428312302
7536875008.0,-0.06256242841482162
7537812480.0,-0.046461574733257294
7538749952.0,-0.03145579621195793
7539687424.0,-0.014081464149057865
7540624896.0,0.004117624368518591
7541562368.0,0.02187408320605755
7542499840.0,0.04215003177523613
7543437312.0,0.06279754638671875
7544374784.0,0.08312006294727325
7545312256.0,0.10418245196342468
7546250240.0,0.12577064335346222
7547187712.0,0.1469743251800537
7548125184.0,0.16760732233524323
7549062656.0,0.18793492019176483
7550000128.0,0.2080853134393692
7550937600.0,0.22723829746246338
7551875072.0,0.24736160039901733
7552812544.0,0.26656824350357056
7553750016.0,0.28449392318725586
7554687488.0,0.3022977411746979
7555624960.0,0.31884700059890747
7556562432.0,0.3347929120063782
7557499904.0,0.34857478737831116
7558437376.0,0.36163872480392456
7559374848.0,0.3738839328289032
7560312320.0,0.3827848434448242
7561249792.0,0.3920210897922516
7562187264.0,0.3973103165626526
7563125248.0,0.40160220861434937
7564062720.0,0.18277102708816528
7565000192.0,0.18177315592765808
7565937664.0,0.18106886744499207
7566875136.0,0.17948506772518158
7567812608.0,0.17787961661815643
7568750080.0,0.1765073984861374
7569687552.0,0.17236068844795227
7570625024.0,0.16825643181800842
7571562496.0,0.1625106930732727
7572499968.0,0.1566770225763321
7573437440.0,0.1479298323392868
7574374912.0,0.1389700472354889
7575312384.0,0.1292169988155365
7576249856.0,0.11824232339859009
7577187328.0,0.1063520759344101
7578124800.0,0.09265965223312378
7579062272.0,0.07766147702932358
7580000256.0,0.06343144923448563
7580937728.0,0.04620375484228134
7581875200.0,0.030511604622006416
7582812672.0,0.012989702634513378
7583750144.0,-0.006112890318036079
7584687616.0,-0.024990925565361977
7585625088.0,-0.04457579553127289
7586562560.0,-0.06372790783643723
7587500032.0,-0.08418595045804977
7588437504.0,-0.10497454553842545
7589374976.0,-0.12517763674259186
7590312448.0,-0.14619681239128113
7591249920.0,-0.16621382534503937
7592187392.0,-0.18521711230278015
7593124864.0,-0.2038998007774353
7594062336.0,-0.22273248434066772
7594999808.0,-0.23967768251895905
7595937280.0,-0.25655490159988403
7596874752.0,-0.2710232734680176
7597812736.0,-0.2857310473918915
7598750208.0,-0.2977510690689087
7599687680.0,-0.30894574522972107
7600625152.0,-0.3174039125442505
7601562624.0,-0.32522884011268616
7602500096.0,-0.33099880814552307
7603437568.0,-0.33562636375427246
7604375040.0,-0.3376246988773346
7605312512.0,-0.33784520626068115
7606249984.0,-0.33655768632888794
7607187456.0,-0.333186537027359
7608124928.0,-0.32686474919319153
7609062400.0,-0.3191606402397156
7609999872.0,-0.31021618843078613
7610937344.0,-0.29889681935310364
7611874816.0,-0.285049170255661
7612812288.0,-0.2686355710029602
7613749760.0,-0.2519929111003876
7614687744.0,-0.23238502442836761
7615625216.0,-0.21057386696338654
7616562688.0,-0.18806320428848267
7617500160.0,-0.1646929532289505
7618437632.0,-0.1392110288143158
7619375104.0,-0.11302146315574646
7620312576.0,-0.08509059995412827
7621250048.0,-0.057168059051036835
7622187520.0,-0.029287811368703842
7623124992.0,-0.0006680635851807892
7624062464.0,0.026152776554226875
7624999936.0,0.05367564782500267
7625937408.0,0.08140309154987335
7626874880.0,0.10813755542039871
7627812352.0,0.1340104043483734
7628749824.0,0.156895712018013
7629687296.0,0.17936696112155914
7630624768.0,0.2013612687587738
7631562752.0,0.22188054025173187
7632500224.0,0.24050769209861755
7633437696.0,0.2571578621864319
7634375168.0,0.27230504155158997
7635312640.0,0.2851084768772125
7636250112.0,0.2970854938030243
7637187584.0,0.30576464533805847
7638125056.0,0.31328558921813965
7639062528.0,0.3172573447227478
7640000000.0,0.32032445073127747
7640937472.0,0.32061657309532166
7641874944.0,0.3201194405555725
7642812416.0,0.3158209025859833
7643749888.0,0.3107925355434418
7644687360.0,0.3050151467323303
7645624832.0,0.29682424664497375
7646562304.0,0.2875393331050873
7647499776.0,0.27577778697013855
7648437248.0,0.2634931802749634
7649375232.0,0.24862222373485565
7650312704.0,0.2325252890586853
7651250176.0,0.21442972123622894
7652187648.0,0.1962072104215622
7653125120.0,0.17576050758361816
7654062592.0,0.15412548184394836
7655000064.0,0.1317715346813202
7655937536.0,0.10869534313678741
7656875008.0,0.08437217772006989
7657812480.0,0.05893513932824135
7658749952.0,0.033806685358285904
7659687424.0,0.007864592596888542
7660624896.0,-0.019123921170830727
7661562368.0,-0.04570741578936577
7662499840.0,-0.07183869928121567
7663437312.0,-0.09930402040481567
7664374784.0,-0.12471290677785873
7665312256.0,-0.1513158231973648
7666250240.0,-0.1753065586090088
7667187712.0,-0.19841907918453217
7668125184.0,-0.22143682837486267
7669062656.0,-0.24216172099113464
7670000128.0,-0.2624340355396271
7670937600.0,-0.28098660707473755
7671875072.0,-0.2974255681037903
7672812544.0,-0.31289801001548767
7673750016.0,-0.3244970142841339
7674687488.0,-0.3343159854412079
7675624960.0,-0.34194841980934143
7676562432.0,-0.3471201956272125
7677499904.0,-0.35022884607315063
7678437376.0,-0.3503775894641876
7679374848.0,-0.3476753234863281
7680312320.0,-0.3430033326148987
7681249792.0,-0.33579784631729126
7682187264.0,-0.3268320858478546
7683125248.0,-0.3147795796394348
7684062720.0,-0.2923535108566284
7685000192.0,-0.28260454535484314
7685937664.0,-0.27197322249412537
7686875136.0,-0.2591850161552429
7687812608.0,-0.24466188251972198
7688750080.0,-0.2291535884141922
7689687552.0,-0.2118280977010727
7690625024.0,-0.19334985315799713
7691562496.0,-0.17441853880882263
7692499968.0,-0.15562844276428223
7693437440.0,-0.1357792168855667
7694374912.0,-0.11500655114650726
7695312384.0,-0.09645777195692062
7696249856.0,-0.07773825526237488
7697187328.0,-0.05853830650448799
7698124800.0,-0.04079338535666466
7699062272.0,-0.02239079400897026
7699999744.0,-0.004474214743822813
7700937728.0,0.011840010061860085
7701875200.0,0.028011322021484375
7702812672.0,0.04407646134495735
7703750144.0,0.059219714254140854
7704687616.0,0.07240360230207443
7705625088.0,0.08707679808139801
7706562560.0,0.09913018345832825
7707500032.0,0.11042065173387527
7708437504.0,0.12236866354942322
7709374976.0,0.13224062323570251
7710312448.0,0.1425033062696457
7711249920.0,0.1510324627161026
7712187392.0,0.15991689264774323
7713124864.0,0.16754573583602905
7714062336.0,0.17457439005374908
7714999808.0,0.1833297610282898
7715937280.0,0.18908362090587616
7716874752.0,0.19584545493125916
7717812736.0,0.20189903676509857
7718750208.0,0.20778901875019073
7719687680.0,0.21313513815402985
7720625152.0,0.2172570675611496
7721562624.0,0.22053171694278717
7722500096.0,0.22233755886554718
7723437568.0,0.22546273469924927
7724375040.0,0.22594097256660461
7725312512.0,0.22680798172950745
7726249984.0,0.22761677205562592
7727187456.0,0.22652335464954376
7728124928.0,0.22417281568050385
7729062400.0,0.2207038551568985
7729999872.0,0.2160196453332901
7730937344.0,0.21111121773719788
7731874816.0,0.2034744769334793
7732812288.0,0.19589075446128845
7733749760.0,0.18530552089214325
7734687744.0,0.17358843982219696
7735625216.0,0.16079825162887573
7736562688.0,0.1468447744846344
7737500160.0,0.1305328756570816
7738437632.0,0.11370837688446045
7739375104.0,0.09533931314945221
7740312576.0,0.07563378661870956
7741250048.0,0.053340017795562744
7742187520.0,0.03209821507334709
7743124992.0,0.008351659402251244
7744062464.0,-0.040738046169281006
7744999936.0,-0.04427982494235039
7745937408.0,-0.04883216321468353
7746874880.0,-0.05477127805352211
7747812352.0,-0.062047380954027176
7748749824.0,-0.06907957792282104
7749687296.0,-0.07780130207538605
7750624768.0,-0.08895345777273178
7751562752.0,-0.10119536519050598
7752500224.0,-0.11515820771455765
7753437696.0,-0.12932221591472626
7754375168.0,-0.14509429037570953
7755312640.0,-0.16165606677532196
7756250112.0,-0.178811177611351
7757187584.0,-0.1975141316652298
7758125056.0,-0.2175806164741516
7759062528.0,-0.23520582914352417
7760000000.0,-0.25487300753593445
7760937472.0,-0.2734752893447876
7761874944.0,-0.2932581305503845
7762812416.0,-0.31142371892929077
7763749888.0,-0.3303819000720978
7764687360.0,-0.34633317589759827
7765624832.0,-0.36356601119041443
7766562304.0,-0.37769317626953125
7767499776.0,-0.39135709404945374
7768437248.0,-0.40507954359054565
7769375232.0,-0.4138604402542114
7770312704.0,-0.4244478642940521
7771250176.0,-0.432839572429657
7772187648.0,-0.43795982003211975
7773125120.0,-0.4431383013725281
7774062592.0,-0.44376248121261597
7775000064.0,-0.4429652988910675
7775937536.0,-0.4395729601383209
7776875008.0,-0.43415531516075134
7777812480.0,-0.4264463484287262
7778749952.0,-0.4145965576171875
7779687424.0,-0.4018933176994324
7780624896.0,-0.3881532847881317
7781562368.0,-0.3699159324169159
7782499840.0,-0.34880530834198
7783437312.0,-0.32763153314590454
7784374784.0,-0.3037978410720825
7785312256.0,-0.27753785252571106
7786250240.0,-0.2500428557395935
7787187712.0,-0.21971726417541504
7788125184.0,-0.18936491012573242
7789062656.0,-0.15787120163440704
7790000128.0,-0.12469984591007233
7790937600.0,-0.09117530286312103
7791875072.0,-0.058093346655368805
7792812544.0,-0.023191161453723907
7793750016.0,0.010989409871399403
7794687488.0,0.04533515125513077
7795624960.0,0.07816825062036514
7796562432.0,0.11147602647542953
7797499904.0,0.14298434555530548
7798437376.0,0.1722555309534073
7799374848.0,0.20166566967964172
7800312320.0,0.2286621779203415
7801249792.0,0.2537103295326233
7802187264.0,0.27646604180336
7803125248.0,0.2973804771900177
7804062720.0,0.12994925677776337
7805000192.0,0.1437506079673767
7805937664.0,0.15506881475448608
7806875136.0,0.16554734110832214
7807812608.0,0.17270058393478394
7808750080.0,0.17923970520496368
7809687552.0,0.18327879905700684
7810625024.0,0.18609508872032166
7811562496.0,0.18692362308502197
7812499968.0,0.18440833687782288
7813437440.0,0.17965847253799438
7814374912.0,0.17285330593585968
7815312384.0,0.16432958841323853
7816249856.0,0.1524772197008133
7817187328.0,0.138406902551651
7818124800.0,0.12237198650836945
7819062272.0,0.10526730865240097
7820000256.0,0.08481465280056
7820937728.0,0.06237660348415375
7821875200.0,0.04041881486773491
7822812672.0,0.015418898314237595
7823750144.0,-0.008553698658943176
7824687616.0,-0.03400038555264473
7825625088.0,-0.06023848056793213
7826562560.0,-0.08872231841087341
7827500032.0,-0.11736149340867996
7828437504.0,-0.14432713389396667
7829374976.0,-0.17297148704528809
7830312448.0,-0.20074667036533356
7831249920.0,-0.22997470200061798
7832187392.0,-0.256928026676178
7833124864.0,-0.2842775881290436
7834062336.0,-0.31094253063201904
7834999808.0,-0.3355799913406372
7835937280.0,-0.35934799909591675
7836874752.0,-0.3817684054374695
7837812736.0,-0.4018242061138153
7838750208.0,-0.421424925327301
7839687680.0,-0.4385913610458374
7840625152.0,-0.4532786011695862
7841562624.0,-0.46775633096694946
7842500096.0,-0.47876179218292236
7843437568.0,-0.4877832531929016
7844375040.0,-0.49438124895095825
7845312512.0,-0.4997861087322235
7846249984.0,-0.5030836462974548
7847187456.0,-0.5050283074378967
7848124928.0,-0.5003927946090698
7849062400.0,-0.49350231885910034
7849999872.0,-0.48616838455200195
7850937344.0,-0.47650381922721863
7851874816.0,-0.4667343497276306
7852812288.0,-0.4554874002933502
7853749760.0,-0.4432637095451355
7854687744.0,-0.42860424518585205
7855625216.0,-0.4134311378002167
7856562688.0,-0.39769479632377625
7857500160.0,-0.3802262246608734
7858437632.0,-0.3635120987892151
7859375104.0,-0.3458375334739685
7860312576.0,-0.3271937668323517
7861250048.0,-0.3089997172355652
7862187520.0,-0.28951117396354675
7863124992.0,-0.27172935009002686
7864062464.0,-0.25362730026245117
7864999936.0,-0.23527422547340393
7865937408.0,-0.21753226220607758
7866874880.0,-0.1996239274740219
7867812352.0,-0.1821114867925644
7868749824.0,-0.16370898485183716
7869687296.0,-0.14518508315086365
7870624768.0,-0.12746523320674896
7871562752.0,-0.10894545912742615
7872500224.0,-0.09229347109794617
7873437696.0,-0.0739869773387909
7874375168.0,-0.056576017290353775
7875312640.0,-0.04017803445458412
7876250112.0,-0.0254457276314497
7877187584.0,-0.011302750557661057
7878125056.0,0.001238387543708086
7879062528.0,0.011439899913966656
7880000000.0,0.02147391065955162
7880937472.0,0.0295873936265707
7881874944.0,0.03354398161172867
7882812416.0,0.03710446506738663
7883749888.0,0.03532359004020691
7884687360.0,0.03406335413455963
7885624832.0,0.02913667820394039
7886562304.0,0.020934611558914185
7887499776.0,0.01013530045747757
7888437248.0,-0.0020701317116618156
7889375232.0,-0.018023822456598282
7890312704.0,-0.03571239486336708
7891250176.0,-0.0549686923623085
7892187648.0,-0.07808953523635864
7893125120.0,-0.10159389674663544
7894062592.0,-0.12594428658485413
7895000064.0,-0.151707261800766
7895937536.0,-0.1787724643945694
7896875008.0,-0.2049769014120102
7897812480.0,-0.2324078232049942
7898749952.0,-0.26024889945983887
7899687424.0,-0.2903422713279724
7900624896.0,-0.3190242648124695
7901562368.0,-0.34660154581069946
7902499840.0,-0.37302061915397644
7903437312.0,-0.3993152976036072
7904374784.0,-0.4244058430194855
7905312256.0,-0.44805240631103516
7906250240.0,-0.4705505073070526
7907187712.0,-0.49195948243141174
7908125184.0,-0.5126897692680359
7909062656.0,-0.5311453342437744
7910000128.0,-0.5516586303710938
7910937600.0,-0.5689525604248047
7911875072.0,-0.58718341588974
7912812544.0,-0.6043257117271423
7913750016.0,-0.6225139498710632
7914687488.0,-0.6409758925437927
7915624960.0,-0.6580162048339844
7916562432.0,-0.6753700375556946
7917499904.0,-0.6943833231925964
7918437376.0,-0.7127543091773987
7919374848.0,-0.7326734066009521
7920312320.0,-0.7510620355606079
7921249792.0,-0.7716497182846069
7922187264.0,-0.7931795120239258
7923125248.0,-0.8149892687797546
7924062720.0,-0.8608416318893433
7925000192.0,-0.8661751747131348
7925937664.0,-0.871446967124939
7926875136.0,-0.8753499984741211
7927812608.0,-0.879626452922821
7928750080.0,-0.8828145265579224
7929687552.0,-0.8866099715232849
7930625024.0,-0.8906038403511047
7931562496.0,-0.8936939835548401
7932499968.0,-0.8963890075683594
7933437440.0,-0.8996577262878418
7934374912.0,-0.9007430672645569
7935312384.0,-0.9010385274887085
7936249856.0,-0.9011169075965881
7937187328.0,-0.8995846509933472
7938124800.0,-0.8985933065414429
7939062272.0,-0.8936259746551514
7939999744.0,-0.8898597955703735
7940937728.0,-0.8852224946022034
7941875200.0,-0.8774977326393127
7942812672.0,-0.869077742099762
7943750144.0,-0.8589324355125427
7944687616.0,-0.8460102081298828
7945625088.0,-0.8326534628868103
7946562560.0,-0.8170324563980103
7947500032.0,-0.8004382848739624
7948437504.0,-0.7813920378684998
7949374976.0,-0.7609547972679138
7950312448.0,-0.740414559841156
7951249920.0,-0.718165397644043
7952187392.0,-0.6957998871803284
7953124864.0,-0.6712176203727722
7954062336.0,-0.6455942988395691
7954999808.0,-0.6182460188865662
7955937280.0,-0.5928765535354614
7956874752.0,-0.5649779438972473
7957812736.0,-0.5374671816825867
7958750208.0,-0.5090110301971436
7959687680.0,-0.48018521070480347
7960625152.0,-0.4529881775379181
7961562624.0,-0.42523738741874695
7962500096.0,-0.3969799876213074
7963437568.0,-0.3700149655342102
7964375040.0,-0.34273087978363037
7965312512.0,-0.31728091835975647
7966249984.0,-0.2935384213924408
7967187456.0,-0.2690905034542084
7968124928.0,-0.2468416541814804
7969062400.0,-0.22540369629859924
7969999872.0,-0.20608988404273987
7970937344.0,-0.18845492601394653
7971874816.0,-0.17194275557994843
7972812288.0,-0.1578071266412735
7973749760.0,-0.14530643820762634
7974687744.0,-0.13446004688739777
7975625216.0,-0.12673582136631012
7976562688.0,-0.1206895038485527
7977500160.0,-0.11659440398216248
7978437632.0,-0.1152178943157196
7979375104.0,-0.11413369327783585
7980312576.0,-0.1158025860786438
7981250048.0,-0.11875923722982407
7982187520.0,-0.12410791963338852
7983124992.0,-0.1309979110956192
7984062464.0,-0.257087379693985
7984999936.0,-0.25811368227005005
7985937408.0,-0.2595798671245575
7986874880.0,-0.2634015381336212
7987812352.0,-0.26758331060409546
7988749824.0,-0.27198097109794617
7989687296.0,-0.2769114077091217
7990624768.0,-0.28299975395202637
7991562752.0,-0.2885725498199463
7992500224.0,-0.296030193567276
7993437696.0,-0.3043472468852997
7994375168.0,-0.31187549233436584
7995312640.0,-0.32081499695777893
7996250112.0,-0.32970649003982544
7997187584.0,-0.3398032486438751
7998125056.0,-0.34993430972099304
7999062528.0,-0.3612758219242096
8000000000.0,-0.36987119913101196
