Frequency (Hz),Measurement
2000000000.0,0.19585426151752472
2000937472.0,0.187501460313797
2001874944.0,0.18001671135425568
2002812544.0,0.17043672502040863
2003750016.0,0.1613038331270218
2004687488.0,0.15004467964172363
2005624960.0,0.14005261659622192
2006562560.0,0.12820589542388916
2007500032.0,0.1166125163435936
2008437504.0,0.10374361276626587
2009374976.0,0.09068919718265533
2010312448.0,0.0761285200715065
2011250048.0,0.06295330822467804
2012187520.0,0.048285111784935
2013124992.0,0.03394438326358795
2014062464.0,0.0196573156863451
2015000064.0,0.005242704413831234
2015937536.0,-0.008379711769521236
2016875008.0,-0.02104976400732994
2017812480.0,-0.034347131848335266
2018749952.0,-0.04703190550208092
2019687552.0,-0.0584784559905529
2020625024.0,-0.06968608498573303
2021562496.0,-0.07935469597578049
2022499968.0,-0.08824019134044647
2023437440.0,-0.09565287828445435
2024375040.0,-0.10103242844343185
2025312512.0,-0.10554959625005722
2026249984.0,-0.10891558229923248
2027187456.0,-0.11138153821229935
2028125056.0,-0.1107671782374382
2029062528.0,-0.10941524803638458
2030000000.0,-0.1066964864730835
2030937472.0,-0.10242181271314621
2031874944.0,-0.09551719576120377
2032812544.0,-0.08807431161403656
2033750016.0,-0.07916814833879471
2034687488.0,-0.06936708837747574
2035624960.0,-0.0593329481780529
2036562560.0,-0.04746720567345619
2037500032.0,-0.03444407135248184
2038437504.0,-0.020950399339199066
2039374976.0,-0.007527691312134266
2040312448.0,0.006852359510958195
2041250048.0,0.021165259182453156
2042187520.0,0.03517625480890274
2043124992.0,0.048975296318531036
2044062464.0,0.06312891095876694
2044999936.0,0.07493758201599121
2045937536.0,0.08747775852680206
2046875008.0,0.0989474505186081
2047812480.0,0.11002248525619507
2048749952.0,0.10807555913925171
2049687552.0,0.11614219099283218
2050625024.0,0.12343373894691467
2051562496.0,0.12978236377239227
2052499968.0,0.13312958180904388
2053437440.0,0.13514015078544617
2054375040.0,0.1356029212474823
2055312512.0,0.13474324345588684
2056249984.0,0.12985654175281525
2057187456.0,0.12379226833581924
2058125056.0,0.11598684638738632
2059062528.0,0.10564723610877991
2060000000.0,0.09410876035690308
2060937472.0,0.0795750841498375
2061874944.0,0.06581206619739532
2062812544.0,0.05016464367508888
2063750016.0,0.032717544585466385
2064687488.0,0.01564808562397957
2065624960.0,-0.0018184833461418748
2066562560.0,-0.01931941881775856
2067500032.0,-0.03622880578041077
2068437504.0,-0.05337139219045639
2069374976.0,-0.06764978915452957
2070312448.0,-0.08324968069791794
2071250048.0,-0.09596364200115204
2072187520.0,-0.10702701658010483
2073124992.0,-0.1172107681632042
2074062464.0,-0.12421230226755142
2075000064.0,-0.12926329672336578
2075937536.0,-0.13442102074623108
2076875008.0,-0.1349044293165207
2077812480.0,-0.13421057164669037
2078749952.0,-0.13123025000095367
2079687552.0,-0.12803582847118378
2080625024.0,-0.12103406339883804
2081562496.0,-0.1126289963722229
2082499968.0,-0.10483095049858093
2083437440.0,-0.09468904137611389
2084375040.0,-0.08396728336811066
2085312512.0,-0.07064560055732727
2086249984.0,-0.05961092934012413
2087187456.0,-0.04651642590761185
2088125056.0,-0.03445820137858391
2089062528.0,-0.022283725440502167
2090000000.0,-0.010172081179916859
2090937472.0,0.00041628850158303976
2091874944.0,0.011562788859009743
2092812544.0,0.021139411255717278
2093750016.0,0.03056785650551319
2094687488.0,0.03833790495991707
2095624960.0,0.04549397900700569
2096562560.0,0.0527011938393116
2097500032.0,0.0589662566781044
2098437504.0,0.0630837082862854
2099374976.0,0.06818132847547531
2100312448.0,0.07311687618494034
2101250048.0,0.07696744054555893
2102187520.0,0.08162348717451096
2103124992.0,0.08511140942573547
2104062464.0,0.08973768353462219
2104999936.0,0.09380463510751724
2105937536.0,0.0987268015742302
2106875008.0,0.10337712615728378
2107812480.0,0.10795171558856964
2108749952.0,0.13892821967601776
2109687552.0,0.14505667984485626
2110625024.0,0.15040181577205658
2111562496.0,0.15537144243717194
2112499968.0,0.15947362780570984
2113437440.0,0.1624281406402588
2114375040.0,0.16389361023902893
2115312512.0,0.16431733965873718
2116249984.0,0.1636008322238922
2117187456.0,0.1620919555425644
2118125056.0,0.15811383724212646
2119062528.0,0.15363720059394836
2120000000.0,0.14761416614055634
2120937472.0,0.14086921513080597
2121874944.0,0.1326349526643753
2122812544.0,0.12216092646121979
2123750016.0,0.11230649799108505
2124687488.0,0.10105737298727036
2125624960.0,0.08915669471025467
2126562560.0,0.07561100274324417
2127500032.0,0.061318233609199524
2128437504.0,0.04823088273406029
2129374976.0,0.03596160560846329
2130312448.0,0.022109128534793854
2131250048.0,0.00896699819713831
2132187520.0,-0.0041703167371451855
2133124992.0,-0.01634937711060047
2134062464.0,-0.02894280105829239
2135000064.0,-0.03850974142551422
2135937536.0,-0.04764214903116226
2136875008.0,-0.05568316951394081
2137812480.0,-0.06282895058393478
2138749952.0,-0.06909792870283127
2139687552.0,-0.07308584451675415
2140625024.0,-0.07530375570058823
2141562496.0,-0.07628938555717468
2142499968.0,-0.07681520283222198
2143437440.0,-0.07484455406665802
2144375040.0,-0.07234779000282288
2145312512.0,-0.06828892976045609
2146249984.0,-0.06243381276726723
2147187456.0,-0.05612349510192871
2148124928.0,-0.04899991303682327
2149062400.0,-0.041018545627593994
2150000128.0,-0.03217191621661186
2150937600.0,-0.023315027356147766
2151875072.0,-0.014064978808164597
2152812544.0,-0.00391410430893302
2153750016.0,0.004870570730417967
2154687488.0,0.014084448106586933
2155624960.0,0.023168839514255524
2156562432.0,0.031668130308389664
2157499904.0,0.04045329615473747
2158437376.0,0.04880629479885101
2159375104.0,0.05454184114933014
2160312576.0,0.06127144768834114
2161250048.0,0.06662867963314056
2162187520.0,0.07102751731872559
2163124992.0,0.07544727623462677
2164062464.0,0.0790986493229866
2164999936.0,0.08218248933553696
2165937408.0,0.08444682508707047
2166874880.0,0.08634757995605469
2167812608.0,0.0883050411939621
2168750080.0,0.16129250824451447
2169687552.0,0.16325202584266663
2170625024.0,0.1627868413925171
2171562496.0,0.15967242419719696
2172499968.0,0.15608255565166473
2173437440.0,0.1510249823331833
2174374912.0,0.14477889239788055
2175312384.0,0.13623256981372833
2176250112.0,0.12721841037273407
2177187584.0,0.11647601425647736
2178125056.0,0.10533364862203598
2179062528.0,0.09333482384681702
2180000000.0,0.08063323050737381
2180937472.0,0.06763079762458801
2181874944.0,0.053860653191804886
2182812416.0,0.03970557451248169
2183749888.0,0.026975516229867935
2184687616.0,0.013964441604912281
2185625088.0,-0.0005460423999466002
2186562560.0,-0.013530699536204338
2187500032.0,-0.025717109441757202
2188437504.0,-0.0378699004650116
2189374976.0,-0.048983365297317505
2190312448.0,-0.060392316430807114
2191249920.0,-0.0696021020412445
2192187392.0,-0.078656867146492
2193125120.0,-0.08680253475904465
2194062592.0,-0.0933171808719635
2195000064.0,-0.09961340576410294
2195937536.0,-0.10490085929632187
2196875008.0,-0.10885876417160034
2197812480.0,-0.11255249381065369
2198749952.0,-0.11586534976959229
2199687424.0,-0.11680448055267334
2200624896.0,-0.11755286157131195
2201562624.0,-0.11782988905906677
2202500096.0,-0.11726202815771103
2203437568.0,-0.11617973446846008
2204375040.0,-0.11448432505130768
2205312512.0,-0.11147484183311462
2206249984.0,-0.1078784167766571
2207187456.0,-0.10419538617134094
2208124928.0,-0.10015248507261276
2209062400.0,-0.09537950903177261
2209999872.0,-0.09055884182453156
2210937600.0,-0.0849023088812828
2211875072.0,-0.07937537878751755
2212812544.0,-0.07163846492767334
2213750016.0,-0.06550120562314987
2214687488.0,-0.05761631578207016
2215624960.0,-0.05019373074173927
2216562432.0,-0.042090822011232376
2217499904.0,-0.033555641770362854
2218437376.0,-0.02607184834778309
2219375104.0,-0.01688847690820694
2220312576.0,-0.0074888430535793304
2221250048.0,0.0019123262027278543
2222187520.0,0.010988818481564522
2223124992.0,0.020628703758120537
2224062464.0,0.03013734333217144
2224999936.0,0.04086422175168991
2225937408.0,0.050614457577466965
2226874880.0,0.06127991899847984
2227812608.0,0.07009260356426239
2228750080.0,0.07710781693458557
2229687552.0,0.08508458733558655
2230625024.0,0.09282997995615005
2231562496.0,0.10212605446577072
2232499968.0,0.10851496458053589
2233437440.0,0.11449483036994934
2234374912.0,0.11958731710910797
2235312384.0,0.122673898935318
2236250112.0,0.1257781833410263
2237187584.0,0.12499337643384933
2238125056.0,0.12440454959869385
2239062528.0,0.11986953765153885
2240000000.0,0.11499738693237305
2240937472.0,0.10869158804416656
2241874944.0,0.10118429362773895
2242812416.0,0.091702900826931
2243749888.0,0.08157894015312195
2244687616.0,0.0708707720041275
2245625088.0,0.05851726979017258
2246562560.0,0.04673226177692413
2247500032.0,0.03262457251548767
2248437504.0,0.018448589369654655
2249374976.0,0.002910047071054578
2250312448.0,-0.013413948006927967
2251249920.0,-0.03070436790585518
2252187392.0,-0.04828766733407974
2253125120.0,-0.06695570051670074
2254062592.0,-0.08473090082406998
2255000064.0,-0.103764608502388
2255937536.0,-0.12374871969223022
2256875008.0,-0.14398270845413208
2257812480.0,-0.1632537543773651
2258749952.0,-0.18249456584453583
2259687424.0,-0.20127682387828827
2260624896.0,-0.21921223402023315
2261562624.0,-0.23795722424983978
2262500096.0,-0.2549964189529419
2263437568.0,-0.2722775340080261
2264375040.0,-0.287780225276947
2265312512.0,-0.3025268316268921
2266249984.0,-0.31516027450561523
2267187456.0,-0.32770663499832153
2268124928.0,-0.3387884199619293
2269062400.0,-0.34726110100746155
2270000128.0,-0.356029748916626
2270937600.0,-0.3613588809967041
2271875072.0,-0.3661901354789734
2272812544.0,-0.3700711131095886
2273750016.0,-0.37252077460289
2274687488.0,-0.3721280097961426
2275624960.0,-0.3706974685192108
2276562432.0,-0.3684689700603485
2277499904.0,-0.3649762272834778
2278437376.0,-0.35916751623153687
2279375104.0,-0.35358911752700806
2280312576.0,-0.3461282551288605
2281250048.0,-0.3371752202510834
2282187520.0,-0.3281562924385071
2283124992.0,-0.3181885778903961
2284062464.0,-0.3070579767227173
2284999936.0,-0.2968343198299408
2285937408.0,-0.28695836663246155
2286874880.0,-0.27635011076927185
2287812608.0,-0.2668401896953583
2288750080.0,-0.2797744572162628
2289687552.0,-0.2823540270328522
2290625024.0,-0.2854422926902771
2291562496.0,-0.28784269094467163
2292499968.0,-0.29210129380226135
2293437440.0,-0.2953941524028778
2294374912.0,-0.2995230257511139
2295312384.0,-0.3044542372226715
2296250112.0,-0.3103131055831909
2297187584.0,-0.3176191449165344
2298125056.0,-0.326555073261261
2299062528.0,-0.33609819412231445
2300000000.0,-0.34888991713523865
2300937472.0,-0.36111342906951904
2301874944.0,-0.37655526399612427
2302812416.0,-0.39433392882347107
2303749888.0,-0.41342222690582275
2304687616.0,-0.4364732801914215
2305625088.0,-0.46029549837112427
2306562560.0,-0.4879307150840759
2307500032.0,-0.5181819200515747
2308437504.0,-0.5509421229362488
2309374976.0,-0.5819573402404785
2310312448.0,-0.6077927350997925
2311249920.0,-0.6357595920562744
2312187392.0,-0.6644309163093567
2313125120.0,-0.6954451203346252
2314062592.0,-0.7267279624938965
2315000064.0,-0.7593384385108948
2315937536.0,-0.7925675511360168
2316875008.0,-0.8280950784683228
2317812480.0,-0.8633953928947449
2318749952.0,-0.8992538452148438
2319687424.0,-0.9333891272544861
2320624896.0,-0.9668492078781128
2321562624.0,-0.9997417330741882
2322500096.0,-1.0308510065078735
2323437568.0,-1.061236023902893
2324375040.0,-1.0900801420211792
2325312512.0,-1.1165958642959595
2326249984.0,-1.1411573886871338
2327187456.0,-1.164889931678772
2328124928.0,-1.1848033666610718
2329062400.0,-1.202072262763977
2329999872.0,-1.218137264251709
2330937600.0,-1.232141137123108
2331875072.0,-1.24270498752594
2332812544.0,-1.250596284866333
2333750016.0,-1.2561835050582886
2334687488.0,-1.2583585977554321
2335624960.0,-1.2595950365066528
2336562432.0,-1.2565903663635254
2337499904.0,-1.252415418624878
2338437376.0,-1.2469443082809448
2339375104.0,-1.2397971153259277
2340312576.0,-1.2283947467803955
2341250048.0,-1.2179754972457886
2342187520.0,-1.2050608396530151
2343124992.0,-1.1909655332565308
2344062464.0,-1.1765214204788208
2344999936.0,-1.1621605157852173
2345937408.0,-1.1464810371398926
2346874880.0,-1.1317403316497803
2347812608.0,-1.1168440580368042
2348750080.0,-1.0870946645736694
2349687552.0,-1.0770671367645264
2350625024.0,-1.066907525062561
2351562496.0,-1.0566197633743286
2352499968.0,-1.0473095178604126
2353437440.0,-1.0386146306991577
2354374912.0,-1.0305320024490356
2355312384.0,-1.0227456092834473
2356250112.0,-1.015410304069519
2357187584.0,-1.0097990036010742
2358125056.0,-1.0050276517868042
2359062528.0,-1.001224398612976
2360000000.0,-0.9979587197303772
2360937472.0,-0.9971020817756653
2361874944.0,-0.997373640537262
2362812416.0,-0.9996303915977478
2363749888.0,-1.002551555633545
2364687616.0,-1.0074843168258667
2365625088.0,-1.0139483213424683
2366562560.0,-1.0215734243392944
2367500032.0,-1.0309100151062012
2368437504.0,-1.0391697883605957
2369374976.0,-1.0489758253097534
2370312448.0,-1.0580838918685913
2371249920.0,-1.0685186386108398
2372187392.0,-1.0766812562942505
2373125120.0,-1.0845532417297363
2374062592.0,-1.0900088548660278
2375000064.0,-1.094240665435791
2375937536.0,-1.095461130142212
2376875008.0,-1.0940346717834473
2377812480.0,-1.0896472930908203
2378749952.0,-1.0826257467269897
2379687424.0,-1.071925163269043
2380624896.0,-1.0590275526046753
2381562624.0,-1.0417112112045288
2382500096.0,-1.0208122730255127
2383437568.0,-0.9971688985824585
2384375040.0,-0.9702651500701904
2385312512.0,-0.9417827129364014
2386249984.0,-0.9111565351486206
2387187456.0,-0.8786484003067017
2388124928.0,-0.8444551825523376
2389062400.0,-0.8081074953079224
2390000128.0,-0.7724871039390564
2390937600.0,-0.7375707626342773
2391875072.0,-0.7010414004325867
2392812544.0,-0.6662940979003906
2393750016.0,-0.6310385465621948
2394687488.0,-0.5959558486938477
2395624960.0,-0.5633518099784851
2396562432.0,-0.5307796597480774
2397499904.0,-0.4989374876022339
2398437376.0,-0.4678882658481598
2399375104.0,-0.43936026096343994
2400312576.0,-0.4101432263851166
2401250048.0,-0.38202592730522156
2402187520.0,-0.35574257373809814
2403124992.0,-0.3299013078212738
2404062464.0,-0.30380332469940186
2404999936.0,-0.2778993844985962
2405937408.0,-0.25402188301086426
2406874880.0,-0.22971045970916748
2407812608.0,-0.20712874829769135
2408750080.0,-0.1325952410697937
2409687552.0,-0.11067110300064087
2410625024.0,-0.08927115797996521
2411562496.0,-0.06900627166032791
2412499968.0,-0.050550226122140884
2413437440.0,-0.034061577171087265
2414374912.0,-0.0200810469686985
2415312384.0,-0.008723408915102482
2416250112.0,-0.0001335166161879897
2417187584.0,0.0061223385855555534
2418125056.0,0.008040573447942734
2419062528.0,0.006608264986425638
2420000000.0,0.002460690215229988
2420937472.0,-0.005417625419795513
2421874944.0,-0.016049817204475403
2422812416.0,-0.03010650724172592
2423749888.0,-0.04730143025517464
2424687616.0,-0.06746245920658112
2425625088.0,-0.09024979919195175
2426562560.0,-0.11388616263866425
2427500032.0,-0.14171811938285828
2428437504.0,-0.17104379832744598
2429374976.0,-0.19932977855205536
2430312448.0,-0.22984084486961365
2431249920.0,-0.25945812463760376
2432187392.0,-0.28943878412246704
2433125120.0,-0.31792744994163513
2434062592.0,-0.34426620602607727
2435000064.0,-0.36900895833969116
2435937536.0,-0.39355015754699707
2436875008.0,-0.41373732686042786
2437812480.0,-0.4304957091808319
2438749952.0,-0.44485294818878174
2439687424.0,-0.4551618695259094
2440624896.0,-0.46244803071022034
2441562624.0,-0.4667806029319763
2442500096.0,-0.46597978472709656
2443437568.0,-0.46206560730934143
2444375040.0,-0.4543492794036865
2445312512.0,-0.44435304403305054
2446249984.0,-0.4297036826610565
2447187456.0,-0.4121323823928833
2448124928.0,-0.39208871126174927
2449062400.0,-0.36890918016433716
2449999872.0,-0.3439938724040985
2450937600.0,-0.3166804015636444
2451875072.0,-0.28776511549949646
2452812544.0,-0.2570819854736328
2453750016.0,-0.22504429519176483
2454687488.0,-0.19227513670921326
2455624960.0,-0.1595616489648819
2456562432.0,-0.12615658342838287
2457499904.0,-0.09307672083377838
2458437376.0,-0.06038396432995796
2459375104.0,-0.027689266949892044
2460312576.0,0.003772335359826684
2461250048.0,0.034764353185892105
2462187520.0,0.06440770626068115
2463124992.0,0.09329147636890411
2464062464.0,0.12021873891353607
2464999936.0,0.14637821912765503
2465937408.0,0.17097418010234833
2466874880.0,0.19385962188243866
2467812608.0,0.21603579819202423
2468750080.0,0.12948569655418396
2469687552.0,0.14356067776679993
2470625024.0,0.16002465784549713
2471562496.0,0.17295098304748535
2472499968.0,0.18469202518463135
2473437440.0,0.19446328282356262
2474374912.0,0.20308144390583038
2475312384.0,0.20877742767333984
2476250112.0,0.21329012513160706
2477187584.0,0.2164251208305359
2478125056.0,0.21691182255744934
2479062528.0,0.21522846817970276
2480000000.0,0.2118104249238968
2480937472.0,0.2065090835094452
2481874944.0,0.19886520504951477
2482812416.0,0.18998600542545319
2483749888.0,0.17828960716724396
2484687616.0,0.16584429144859314
2485625088.0,0.15187174081802368
2486562560.0,0.13518404960632324
2487500032.0,0.11823853105306625
2488437504.0,0.09977485239505768
2489374976.0,0.08127253502607346
2490312448.0,0.06001819297671318
2491249920.0,0.03987836465239525
2492187392.0,0.018878232687711716
2493125120.0,-0.0021799379028379917
2494062592.0,-0.022526435554027557
2495000064.0,-0.04286416620016098
2495937536.0,-0.06287826597690582
2496875008.0,-0.08190590143203735
2497812480.0,-0.09968819469213486
2498749952.0,-0.11595519632101059
2499687424.0,-0.13139547407627106
2500624896.0,-0.1455223709344864
2501562624.0,-0.15861733257770538
2502500096.0,-0.16939660906791687
2503437568.0,-0.17854470014572144
2504375040.0,-0.18479685485363007
2505312512.0,-0.189702570438385
2506249984.0,-0.19215741753578186
2507187456.0,-0.19314292073249817
2508124928.0,-0.19111600518226624
2509062400.0,-0.18832112848758698
2510000128.0,-0.18302568793296814
2510937600.0,-0.17618374526500702
2511875072.0,-0.16708312928676605
2512812544.0,-0.1564880609512329
2513750016.0,-0.14475002884864807
2514687488.0,-0.13024567067623138
2515624960.0,-0.11562083661556244
2516562432.0,-0.09914861619472504
2517499904.0,-0.08215808868408203
2518437376.0,-0.06461641937494278
2519375104.0,-0.04641694948077202
2520312576.0,-0.026344100013375282
2521250048.0,-0.007514556869864464
2522187520.0,0.01186260487884283
2523124992.0,0.030696848407387733
2524062464.0,0.048715244978666306
2524999936.0,0.0670861303806305
2525937408.0,0.08488292247056961
2526874880.0,0.10230565816164017
2527812608.0,0.11735492944717407
2528750080.0,0.17156851291656494
2529687552.0,0.17697449028491974
2530625024.0,0.181549072265625
2531562496.0,0.1861722469329834
2532499968.0,0.18965204060077667
2533437440.0,0.19321686029434204
2534374912.0,0.19304929673671722
2535312384.0,0.19371947646141052
2536250112.0,0.1934671849012375
2537187584.0,0.19241023063659668
2538125056.0,0.1900971382856369
2539062528.0,0.18729451298713684
2540000000.0,0.18208681046962738
2540937472.0,0.17754164338111877
2541874944.0,0.17072053253650665
2542812416.0,0.16227176785469055
2543749888.0,0.1534838080406189
2544687616.0,0.14308659732341766
2545625088.0,0.1322695016860962
2546562560.0,0.12012205272912979
2547500032.0,0.10745947062969208
2548437504.0,0.0929267629981041
2549374976.0,0.07900435477495193
2550312448.0,0.06327250599861145
2551249920.0,0.04776168242096901
2552187392.0,0.0316740907728672
2553125120.0,0.015384996309876442
2554062592.0,0.00011476005602162331
2555000064.0,-0.01647208258509636
2555937536.0,-0.03280133381485939
2556875008.0,-0.048556242138147354
2557812480.0,-0.06320623308420181
2558749952.0,-0.07689328491687775
2559687424.0,-0.08869747072458267
2560624896.0,-0.10089332610368729
2561562624.0,-0.11021747440099716
2562500096.0,-0.11946798861026764
2563437568.0,-0.12617520987987518
2564375040.0,-0.13135363161563873
2565312512.0,-0.13400843739509583
2566249984.0,-0.13634420931339264
2567187456.0,-0.13498926162719727
2568124928.0,-0.1339302808046341
2569062400.0,-0.12948350608348846
2569999872.0,-0.12209741771221161
2570937600.0,-0.1140504851937294
2571875072.0,-0.10442093014717102
2572812544.0,-0.09261879324913025
2573750016.0,-0.0783425122499466
2574687488.0,-0.06345275044441223
2575624960.0,-0.04727819934487343
2576562432.0,-0.030512679368257523
2577499904.0,-0.011868403293192387
2578437376.0,0.007577287033200264
2579375104.0,0.02701563760638237
2580312576.0,0.04763711988925934
2581250048.0,0.06770416349172592
2582187520.0,0.08799143880605698
2583124992.0,0.1076386570930481
2584062464.0,0.12668010592460632
2584999936.0,0.14475788176059723
2585937408.0,0.16247107088565826
2586874880.0,0.17734898626804352
2587812608.0,0.19145916402339935
2588750080.0,0.21561352908611298
2589687552.0,0.22453759610652924
2590625024.0,0.23025482892990112
2591562496.0,0.2337883859872818
2592499968.0,0.2351311296224594
2593437440.0,0.23357851803302765
2594374912.0,0.2303294837474823
2595312384.0,0.22582024335861206
2596250112.0,0.21748921275138855
2597187584.0,0.20733201503753662
2598125056.0,0.19602707028388977
2599062528.0,0.1823960542678833
2600000000.0,0.16876006126403809
2600937472.0,0.15361618995666504
2601874944.0,0.1380220502614975
2602812416.0,0.11994042247533798
2603749888.0,0.10300712287425995
2604687616.0,0.0860743299126625
2605625088.0,0.06830587238073349
2606562560.0,0.05170474573969841
2607500032.0,0.03430422022938728
2608437504.0,0.01878170110285282
2609374976.0,0.0027050466742366552
2610312448.0,-0.01160390954464674
2611249920.0,-0.026064373552799225
2612187392.0,-0.03760894760489464
2613125120.0,-0.049093883484601974
2614062592.0,-0.059095803648233414
2615000064.0,-0.06783929467201233
2615937536.0,-0.07566722482442856
2616875008.0,-0.08276594430208206
2617812480.0,-0.08783629536628723
2618749952.0,-0.09109892696142197
2619687424.0,-0.0949428528547287
2620624896.0,-0.0967797264456749
2621562624.0,-0.09753704816102982
2622500096.0,-0.09808095544576645
2623437568.0,-0.09808225929737091
2624375040.0,-0.09592821449041367
2625312512.0,-0.09387750923633575
2626249984.0,-0.09031300991773605
2627187456.0,-0.08636388182640076
2628124928.0,-0.08205395936965942
2629062400.0,-0.0767165794968605
2630000128.0,-0.07109665125608444
2630937600.0,-0.06467738002538681
2631875072.0,-0.057568371295928955
2632812544.0,-0.04911741241812706
2633750016.0,-0.04136881232261658
2634687488.0,-0.032503701746463776
2635624960.0,-0.02266838029026985
2636562432.0,-0.012502280995249748
2637499904.0,-0.00033246693783439696
2638437376.0,0.011725454591214657
2639375104.0,0.023762468248605728
2640312576.0,0.03751957416534424
2641250048.0,0.05165082588791847
2642187520.0,0.06739348918199539
2643124992.0,0.08333257585763931
2644062464.0,0.09956495463848114
2644999936.0,0.11683537065982819
2645937408.0,0.13400374352931976
2646874880.0,0.15045341849327087
2647812608.0,0.22694075107574463
2648750080.0,0.23868896067142487
2649687552.0,0.24846722185611725
2650625024.0,0.25683701038360596
2651562496.0,0.2619580030441284
2652499968.0,0.26615795493125916
2653437440.0,0.26780083775520325
2654374912.0,0.2654305100440979
2655312384.0,0.2607865631580353
2656250112.0,0.25315403938293457
2657187584.0,0.2167215645313263
2658125056.0,0.20066775381565094
2659062528.0,0.18021760880947113
2660000000.0,0.15839974582195282
2660937472.0,0.1341407746076584
2661874944.0,0.10735262930393219
2662812416.0,0.0802815705537796
2663749888.0,0.05129757523536682
2664687616.0,0.02209908701479435
2665625088.0,-0.008353856392204762
2666562560.0,-0.03720974177122116
2667500032.0,-0.06653475016355515
2668437504.0,-0.09434302896261215
2669374976.0,-0.12044025957584381
2670312448.0,-0.14498601853847504
2671249920.0,-0.16811345517635345
2672187392.0,-0.1879633069038391
2673125120.0,-0.20608800649642944
2674062592.0,-0.22071067988872528
2675000064.0,-0.2333037108182907
2675937536.0,-0.24193616211414337
2676875008.0,-0.24705438315868378
2677812480.0,-0.2508845329284668
2678749952.0,-0.251030296087265
2679687424.0,-0.24783776700496674
2680624896.0,-0.24328026175498962
2681562624.0,-0.23521310091018677
2682500096.0,-0.2241041511297226
2683437568.0,-0.21168622374534607
2684375040.0,-0.1976100206375122
2685312512.0,-0.18093688786029816
2686249984.0,-0.16449573636054993
2687187456.0,-0.1463639885187149
2688124928.0,-0.12715770304203033
2689062400.0,-0.1074424609541893
2689999872.0,-0.0871751680970192
2690937600.0,-0.0671064555644989
2691875072.0,-0.0481703020632267
2692812544.0,-0.028071558102965355
2693750016.0,-0.009064278565347195
2694687488.0,0.010200397111475468
2695624960.0,0.028484035283327103
2696562432.0,0.047956954687833786
2697499904.0,0.06578299403190613
2698437376.0,0.08368618786334991
2699375104.0,0.10097778588533401
2700312576.0,0.11805281043052673
2701250048.0,0.13504813611507416
2702187520.0,0.15094785392284393
2703124992.0,0.16689209640026093
2704062464.0,0.18200333416461945
2704999936.0,0.19636771082878113
2705937408.0,0.21088512241840363
2706874880.0,0.22469806671142578
2707812608.0,0.19827789068222046
2708750080.0,0.20506124198436737
2709687552.0,0.21061477065086365
2710625024.0,0.2147742211818695
2711562496.0,0.21805761754512787
2712499968.0,0.21898822486400604
2713437440.0,0.21995475888252258
2714374912.0,0.21936944127082825
2715312384.0,0.21603325009346008
2716250112.0,0.21208588778972626
2717187584.0,0.20685814321041107
2718125056.0,0.200182244181633
2719062528.0,0.1929110735654831
2720000000.0,0.1830277144908905
2720937472.0,0.1713559329509735
2721874944.0,0.1597331166267395
2722812416.0,0.1465822011232376
2723749888.0,0.1316530406475067
2724687616.0,0.11593117564916611
2725625088.0,0.0987699031829834
2726562560.0,0.081757090985775
2727500032.0,0.06354895234107971
2728437504.0,0.045668646693229675
2729374976.0,0.026861583814024925
2730312448.0,0.008575055748224258
2731249920.0,-0.01030752994120121
2732187392.0,-0.029548753052949905
2733125120.0,-0.046836480498313904
2734062592.0,-0.06429097801446915
2735000064.0,-0.08161867409944534
2735937536.0,-0.09737664461135864
2736875008.0,-0.11293358355760574
2737812480.0,-0.12640808522701263
2738749952.0,-0.1388784945011139
2739687424.0,-0.15097634494304657
2740624896.0,-0.16041769087314606
2741562624.0,-0.16813422739505768
2742500096.0,-0.17442810535430908
2743437568.0,-0.17924560606479645
2744375040.0,-0.1818224936723709
2745312512.0,-0.18309293687343597
2746249984.0,-0.18247240781784058
2747187456.0,-0.17918647825717926
2748124928.0,-0.17478924989700317
2749062400.0,-0.1685227006673813
2750000128.0,-0.1609886884689331
2750937600.0,-0.15178267657756805
2751875072.0,-0.14060740172863007
2752812544.0,-0.12818686664104462
2753750016.0,-0.1136450543999672
2754687488.0,-0.09816442430019379
2755624960.0,-0.08190422505140305
2756562432.0,-0.064813993871212
2757499904.0,-0.04743785783648491
2758437376.0,-0.02912461757659912
2759375104.0,-0.009294002316892147
2760312576.0,0.009378980845212936
2761250048.0,0.027156414464116096
2762187520.0,0.04713725298643112
2763124992.0,0.06504202634096146
2764062464.0,0.0828193947672844
2764999936.0,0.1003217101097107
2765937408.0,0.1154768243432045
2766874880.0,0.13060247898101807
2767812608.0,0.18901118636131287
2768750080.0,0.18851789832115173
2769687552.0,0.18705207109451294
2770625024.0,0.1844540238380432
2771562496.0,0.1818190962076187
2772499968.0,0.17675404250621796
2773437440.0,0.17178276181221008
2774374912.0,0.16589276492595673
2775312384.0,0.1593911051750183
2776250112.0,0.151144877076149
2777187584.0,0.14208802580833435
2778125056.0,0.13399571180343628
2779062528.0,0.12351946532726288
2780000000.0,0.11323898285627365
2780937472.0,0.10215095430612564
2781874944.0,0.09131066501140594
2782812416.0,0.08000556379556656
2783749888.0,0.0680326446890831
2784687616.0,0.05523295700550079
2785625088.0,0.042932864278554916
2786562560.0,0.030323514714837074
2787500032.0,0.017402350902557373
2788437504.0,0.003205379005521536
2789374976.0,-0.008061348460614681
2790312448.0,-0.021208683028817177
2791249920.0,-0.03286095708608627
2792187392.0,-0.04470539838075638
2793125120.0,-0.05518168583512306
2794062592.0,-0.06542728841304779
2795000064.0,-0.0753169059753418
2795937536.0,-0.08302649110555649
2796875008.0,-0.09124425053596497
2797812480.0,-0.09738513827323914
2798749952.0,-0.10304154455661774
2799687424.0,-0.10642031580209732
2800624896.0,-0.1092904731631279
2801562624.0,-0.11040350794792175
2802500096.0,-0.11028190702199936
2803437568.0,-0.10751797258853912
2804375040.0,-0.10442358255386353
2805312512.0,-0.09942792356014252
2806249984.0,-0.09311719983816147
2807187456.0,-0.08473662286996841
2808124928.0,-0.0752469077706337
2809062400.0,-0.06483606994152069
2809999872.0,-0.053959235548973083
2810937600.0,-0.04077210649847984
2811875072.0,-0.02554735355079174
2812812544.0,-0.010748262517154217
2813750016.0,0.004526786971837282
2814687488.0,0.022200066596269608
2815624960.0,0.03874288499355316
2816562432.0,0.05569244176149368
2817499904.0,0.07289516180753708
2818437376.0,0.09012948721647263
2819375104.0,0.10719641298055649
2820312576.0,0.12333866953849792
2821250048.0,0.13865028321743011
2822187520.0,0.1538480520248413
2823124992.0,0.16645821928977966
2824062464.0,0.17845502495765686
2824999936.0,0.19007858633995056
2825937408.0,0.19910992681980133
2826874880.0,0.20572595298290253
2827812608.0,0.21926191449165344
2828750080.0,0.22189858555793762
2829687552.0,0.2213655263185501
2830625024.0,0.21903440356254578
2831562496.0,0.21411894261837006
2832499968.0,0.20695790648460388
2833437440.0,0.1968572437763214
2834374912.0,0.18477050960063934
2835312384.0,0.1703684777021408
2836250112.0,0.15479004383087158
2837187584.0,0.13736791908740997
2838125056.0,0.11926348507404327
2839062528.0,0.0998476967215538
2840000000.0,0.0808238834142685
2840937472.0,0.060805805027484894
2841874944.0,0.040626972913742065
2842812416.0,0.020316997542977333
2843749888.0,0.0015950268134474754
2844687616.0,-0.016900887712836266
2845625088.0,-0.03415365517139435
2846562560.0,-0.05038784071803093
2847500032.0,-0.06443466991186142
2848437504.0,-0.07781782001256943
2849374976.0,-0.08960220217704773
2850312448.0,-0.09931571781635284
2851249920.0,-0.10760413855314255
2852187392.0,-0.11314813047647476
2853125120.0,-0.11778125911951065
2854062592.0,-0.12047762423753738
2855000064.0,-0.12058328837156296
2855937536.0,-0.12034322321414948
2856875008.0,-0.11787161231040955
2857812480.0,-0.11428187787532806
2858749952.0,-0.10883000493049622
2859687424.0,-0.10172402858734131
2860624896.0,-0.09350180625915527
2861562624.0,-0.08431877195835114
2862500096.0,-0.07395097613334656
2863437568.0,-0.06352419406175613
2864375040.0,-0.05280144512653351
2865312512.0,-0.04083222150802612
2866249984.0,-0.028257083147764206
2867187456.0,-0.014980148524045944
2868124928.0,-0.002918427111580968
2869062400.0,0.009569845162332058
2870000128.0,0.02327115833759308
2870937600.0,0.03644445911049843
2871875072.0,0.04967508092522621
2872812544.0,0.061483416706323624
2873750016.0,0.07425130158662796
2874687488.0,0.08598093688488007
2875624960.0,0.09842974692583084
2876562432.0,0.10989689081907272
2877499904.0,0.12182546406984329
2878437376.0,0.1327446550130844
2879375104.0,0.14340275526046753
2880312576.0,0.15282121300697327
2881250048.0,0.16198380291461945
2882187520.0,0.1716172844171524
2883124992.0,0.17924898862838745
2884062464.0,0.18613559007644653
2884999936.0,0.1928318589925766
2885937408.0,0.197776660323143
2886874880.0,0.20087231695652008
2887812608.0,0.20456990599632263
2888750080.0,0.20656950771808624
2889687552.0,0.2080872803926468
2890625024.0,0.2067916989326477
2891562496.0,0.20467476546764374
2892499968.0,0.20067884027957916
2893437440.0,0.1944427341222763
2894374912.0,0.18733371794223785
2895312384.0,0.178702250123024
2896250112.0,0.16745242476463318
2897187584.0,0.15513701736927032
2898125056.0,0.1410210132598877
2899062528.0,0.12466730922460556
2900000000.0,0.10796832293272018
2900937472.0,0.09132096916437149
2901874944.0,0.07286949455738068
2902812416.0,0.05472040921449661
2903749888.0,0.035615473985672
2904687616.0,0.015425906516611576
2905625088.0,-0.004232602193951607
2906562560.0,-0.02294757403433323
2907500032.0,-0.041754499077796936
2908437504.0,-0.059180304408073425
2909374976.0,-0.0763186439871788
2910312448.0,-0.09109021723270416
2911249920.0,-0.10471300035715103
2912187392.0,-0.11786122620105743
2913125120.0,-0.12676946818828583
2914062592.0,-0.13558025658130646
2915000064.0,-0.14183595776557922
2915937536.0,-0.14674562215805054
2916875008.0,-0.14914056658744812
2917812480.0,-0.14942267537117004
2918749952.0,-0.1477683037519455
2919687424.0,-0.14341984689235687
2920624896.0,-0.1377386450767517
2921562624.0,-0.12961871922016144
2922500096.0,-0.11962730437517166
2923437568.0,-0.10955695807933807
2924375040.0,-0.09623299539089203
2925312512.0,-0.08207149803638458
2926249984.0,-0.06750370562076569
2927187456.0,-0.05057471990585327
2928124928.0,-0.03520415723323822
2929062400.0,-0.01796414703130722
2929999872.0,0.0008013852639123797
2930937600.0,0.01861489936709404
2931875072.0,0.03589032590389252
2932812544.0,0.05310899391770363
2933750016.0,0.06983724981546402
2934687488.0,0.08519023656845093
2935624960.0,0.1001705676317215
2936562432.0,0.1139809787273407
2937499904.0,0.1253991574048996
2938437376.0,0.13706481456756592
2939375104.0,0.1467173546552658
2940312576.0,0.15519796311855316
2941250048.0,0.16154175996780396
2942187520.0,0.16641941666603088
2943124992.0,0.17104992270469666
2944062464.0,0.17397987842559814
2944999936.0,0.17573539912700653
2945937408.0,0.175355926156044
2946874880.0,0.17455534636974335
2947812608.0,0.16965539753437042
2948750080.0,0.16759201884269714
2949687552.0,0.16581858694553375
2950625024.0,0.1626710742712021
2951562496.0,0.15924738347530365
2952499968.0,0.1534629762172699
2953437440.0,0.148458793759346
2954374912.0,0.141970694065094
2955312384.0,0.13359656929969788
2956250112.0,0.125534325838089
2957187584.0,0.1177186444401741
2958125056.0,0.10856527090072632
2959062528.0,0.09884455054998398
2960000000.0,0.08854485303163528
2960937472.0,0.07825376838445663
2961874944.0,0.06723953038454056
2962812416.0,0.056538328528404236
2963749888.0,0.04535796493291855
2964687616.0,0.03380720689892769
2965625088.0,0.021885909140110016
2966562560.0,0.01062653586268425
2967500032.0,-0.0006228042184375226
2968437504.0,-0.012220185250043869
2969374976.0,-0.022689130157232285
2970312448.0,-0.033389654010534286
2971249920.0,-0.04287748411297798
2972187392.0,-0.05383288115262985
2973125120.0,-0.06259335577487946
2974062592.0,-0.0693783164024353
2975000064.0,-0.0762234777212143
2975937536.0,-0.08222436904907227
2976875008.0,-0.08757081627845764
2977812480.0,-0.0923534631729126
2978749952.0,-0.09532295912504196
2979687424.0,-0.09699621796607971
2980624896.0,-0.09788233041763306
2981562624.0,-0.09736256301403046
2982500096.0,-0.09727264940738678
2983437568.0,-0.0958000123500824
2984375040.0,-0.09210449457168579
2985312512.0,-0.08804599940776825
2986249984.0,-0.08300844579935074
2987187456.0,-0.07739759981632233
2988124928.0,-0.07101773470640182
2989062400.0,-0.06313830614089966
2990000128.0,-0.05568375810980797
2990937600.0,-0.04696587845683098
2991875072.0,-0.03879772499203682
2992812544.0,-0.029367681592702866
2993750016.0,-0.022493692114949226
2994687488.0,-0.01323290728032589
2995624960.0,-0.005085361190140247
2996562432.0,0.002745754551142454
2997499904.0,0.010583313181996346
2998437376.0,0.017703427001833916
2999375104.0,0.023134486749768257
3000312576.0,0.027510976418852806
3001250048.0,0.03159787505865097
3002187520.0,0.03454569727182388
3003124992.0,0.036786455661058426
3004062464.0,0.03838689252734184
3004999936.0,0.039716217666864395
3005937408.0,0.039576515555381775
3006874880.0,0.03793191909790039
3007812608.0,0.034404341131448746
3008750080.0,0.03031592257320881
3009687552.0,0.026857076212763786
3010625024.0,0.022271763533353806
3011562496.0,0.017208559438586235
3012499968.0,0.013132749125361443
3013437440.0,0.007848910056054592
3014374912.0,0.0038027085829526186
3015312384.0,-0.002127952640876174
3016250112.0,-0.006062792614102364
3017187584.0,-0.012483889237046242
3018125056.0,-0.016882123425602913
3019062528.0,-0.02243223413825035
3020000000.0,-0.02803065814077854
3020937472.0,-0.03389190882444382
3021874944.0,-0.038500040769577026
3022812416.0,-0.04350889474153519
3023749888.0,-0.04734165966510773
3024687616.0,-0.052224185317754745
3025625088.0,-0.056762322783470154
3026562560.0,-0.061303768306970596
3027500032.0,-0.06604185700416565
3028437504.0,-0.07024207711219788
3029374976.0,-0.0743221864104271
3030312448.0,-0.07848500460386276
3031249920.0,-0.08203710615634918
3032187392.0,-0.08548493683338165
3033125120.0,-0.08840051293373108
3034062592.0,-0.09143245965242386
3035000064.0,-0.09362006187438965
3035937536.0,-0.09642187505960464
3036875008.0,-0.09765758365392685
3037812480.0,-0.09846820682287216
3038749952.0,-0.10077961534261703
3039687424.0,-0.1001785397529602
3040624896.0,-0.09976143389940262
3041562624.0,-0.09908224642276764
3042500096.0,-0.09864974766969681
3043437568.0,-0.09684424102306366
3044375040.0,-0.09391934424638748
3045312512.0,-0.09130695462226868
3046249984.0,-0.08809341490268707
3047187456.0,-0.08451561629772186
3048124928.0,-0.08034055680036545
3049062400.0,-0.07573312520980835
3049999872.0,-0.07092960923910141
3050937600.0,-0.06543930619955063
3051875072.0,-0.06005850061774254
3052812544.0,-0.05455213040113449
3053750016.0,-0.04937243461608887
3054687488.0,-0.04309908300638199
3055624960.0,-0.03728112578392029
3056562432.0,-0.03150463476777077
3057499904.0,-0.02594735287129879
3058437376.0,-0.02092958800494671
3059375104.0,-0.016158638522028923
3060312576.0,-0.011274214833974838
3061250048.0,-0.006662435829639435
3062187520.0,-0.0026511261239647865
3063124992.0,0.0005627474165521562
3064062464.0,0.002810664242133498
3064999936.0,0.004700290504842997
3065937408.0,0.004883810877799988
3066874880.0,0.006071182899177074
3067812608.0,0.019577646628022194
3068750080.0,0.013565801084041595
3069687552.0,0.006183006800711155
3070625024.0,-0.0006843558512628078
3071562496.0,-0.008584847673773766
3072499968.0,-0.016958661377429962
3073437440.0,-0.026214441284537315
3074374912.0,-0.03547094762325287
3075312384.0,-0.045140787959098816
3076250112.0,-0.05524502694606781
3077187584.0,-0.06390120834112167
3078125056.0,-0.07372116297483444
3079062528.0,-0.08143656700849533
3080000000.0,-0.08969540894031525
3080937472.0,-0.09747951477766037
3081874944.0,-0.10445783287286758
3082812416.0,-0.11008933931589127
3083749888.0,-0.11414162814617157
3084687616.0,-0.11830713599920273
3085625088.0,-0.12012145668268204
3086562560.0,-0.12124434858560562
3087500032.0,-0.12222499400377274
3088437504.0,-0.12068366259336472
3089374976.0,-0.1180020198225975
3090312448.0,-0.11398806422948837
3091249920.0,-0.10982957482337952
3092187392.0,-0.10386969149112701
3093125120.0,-0.09764142334461212
3094062592.0,-0.0898607149720192
3095000064.0,-0.08197148889303207
3095937536.0,-0.0732167586684227
3096875008.0,-0.06439297646284103
3097812480.0,-0.0549655519425869
3098749952.0,-0.04518580809235573
3099687424.0,-0.034713245928287506
3100624896.0,-0.02474178746342659
3101562624.0,-0.014245567843317986
3102500096.0,-0.004099395591765642
3103437568.0,0.0056783356703817844
3104375040.0,0.01593649573624134
3105312512.0,0.024590443819761276
3106249984.0,0.03416821360588074
3107187456.0,0.0431000217795372
3108124928.0,0.05103136599063873
3109062400.0,0.05821153149008751
3110000128.0,0.06603643298149109
3110937600.0,0.07195435464382172
3111875072.0,0.0780370831489563
3112812544.0,0.08315636217594147
3113750016.0,0.08851888030767441
3114687488.0,0.09396874159574509
3115624960.0,0.09840724617242813
3116562432.0,0.10148175805807114
3117499904.0,0.10571756958961487
3118437376.0,0.10817146301269531
3119375104.0,0.11076892167329788
3120312576.0,0.11318339407444
3121250048.0,0.1154729500412941
3122187520.0,0.11681487411260605
3123124992.0,0.11899957060813904
3124062464.0,0.12000486999750137
3124999936.0,0.121783047914505
3125937408.0,0.12228695303201675
3126874880.0,0.12325592339038849
3127812608.0,0.14314676821231842
3128750080.0,0.1398172676563263
3129687552.0,0.13787201046943665
3130625024.0,0.13604283332824707
3131562496.0,0.13361282646656036
3132499968.0,0.1317797601222992
3133437440.0,0.13050872087478638
3134374912.0,0.1288834661245346
3135312384.0,0.12687326967716217
3136250112.0,0.12585535645484924
3137187584.0,0.1252148151397705
3138125056.0,0.12318001687526703
3139062528.0,0.12234309315681458
3140000000.0,0.1229352280497551
3140937472.0,0.1214241310954094
3141874944.0,0.12065166980028152
3142812416.0,0.11980932950973511
3143749888.0,0.11943183094263077
3144687616.0,0.11770086735486984
3145625088.0,0.11680126190185547
3146562560.0,0.11504056304693222
3147500032.0,0.11301585286855698
3148437504.0,0.11016978323459625
3149374976.0,0.1068926677107811
3150312448.0,0.10329658538103104
3151249920.0,0.09869957715272903
3152187392.0,0.0934891626238823
3153125120.0,0.08839721977710724
3154062592.0,0.08071820437908173
3155000064.0,0.07493990659713745
3155937536.0,0.06749525666236877
3156875008.0,0.05910026654601097
3157812480.0,0.05008934810757637
3158749952.0,0.040303610265254974
3159687424.0,0.03046361170709133
3160624896.0,0.019396163523197174
3161562624.0,0.00781523808836937
3162500096.0,-0.004086375702172518
3163437568.0,-0.015224197879433632
3164375040.0,-0.028212659060955048
3165312512.0,-0.04016831889748573
3166249984.0,-0.05238838493824005
3167187456.0,-0.06393396854400635
3168124928.0,-0.07535968720912933
3169062400.0,-0.08613889664411545
3169999872.0,-0.09652794152498245
3170937600.0,-0.1050528734922409
3171875072.0,-0.1140909343957901
3172812544.0,-0.12241536378860474
3173750016.0,-0.12862476706504822
3174687488.0,-0.1341390162706375
3175624960.0,-0.13765904307365417
3176562432.0,-0.140569269657135
3177499904.0,-0.1410016119480133
3178437376.0,-0.1411965936422348
3179375104.0,-0.13962829113006592
3180312576.0,-0.13543438911437988
3181250048.0,-0.13075850903987885
3182187520.0,-0.12432249635457993
3183124992.0,-0.11541661620140076
3184062464.0,-0.10669367015361786
3184999936.0,-0.09551025182008743
3185937408.0,-0.08351252228021622
3186874880.0,-0.06881881505250931
3187812608.0,0.06187670677900314
3188750080.0,0.059794653207063675
3189687552.0,0.05899331346154213
3190625024.0,0.05966756120324135
3191562496.0,0.06029539927840233
3192499968.0,0.06149381771683693
3193437440.0,0.06503701955080032
3194374912.0,0.06830362975597382
3195312384.0,0.07238680124282837
3196250112.0,0.07700388878583908
3197187584.0,0.08176735788583755
3198125056.0,0.08726418018341064
3199062528.0,0.09175075590610504
3200000000.0,0.09713193029165268
3200937472.0,0.10238088667392731
3201874944.0,0.10684827715158463
3202812416.0,0.10972514748573303
3203749888.0,0.11225508898496628
3204687616.0,0.11357017606496811
3205625088.0,0.11403612792491913
3206562560.0,0.11383215337991714
3207500032.0,0.1120261698961258
3208437504.0,0.10947733372449875
3209374976.0,0.10495837777853012
3210312448.0,0.0998811349272728
3211249920.0,0.0934181660413742
3212187392.0,0.08586808294057846
3213125120.0,0.07710583508014679
3214062592.0,0.06682907789945602
3215000064.0,0.0557730570435524
3215937536.0,0.04380986467003822
3216875008.0,0.03152788057923317
3217812480.0,0.019688770174980164
3218749952.0,0.006934543140232563
3219687424.0,-0.005779573693871498
3220624896.0,-0.01884101890027523
3221562624.0,-0.03095625340938568
3222500096.0,-0.04369530454277992
3223437568.0,-0.05440864339470863
3224375040.0,-0.06513889878988266
3225312512.0,-0.07470433413982391
3226249984.0,-0.08355182409286499
3227187456.0,-0.09159498661756516
3228124928.0,-0.09684540331363678
3229062400.0,-0.10251065343618393
3230000128.0,-0.10595206171274185
3230937600.0,-0.10872709006071091
3231875072.0,-0.11032567918300629
3232812544.0,-0.11048609763383865
3233750016.0,-0.10967916250228882
3234687488.0,-0.1071365624666214
3235624960.0,-0.1036379486322403
3236562432.0,-0.10100670158863068
3237499904.0,-0.09622100740671158
3238437376.0,-0.0915147066116333
3239375104.0,-0.08696405589580536
3240312576.0,-0.08215220272541046
3241250048.0,-0.07719722390174866
3242187520.0,-0.07242145389318466
3243124992.0,-0.06923764199018478
3244062464.0,-0.06555743515491486
3244999936.0,-0.06214321777224541
3245937408.0,-0.06121264025568962
3246874880.0,-0.06041723117232323
3247812608.0,-0.05347464606165886
3248750080.0,-0.056892383843660355
3249687552.0,-0.0612335242331028
3250625024.0,-0.0660937950015068
3251562496.0,-0.06801813840866089
3252499968.0,-0.07152052968740463
3253437440.0,-0.0723542720079422
3254374912.0,-0.07375328987836838
3255312384.0,-0.07455030828714371
3256250112.0,-0.07222485542297363
3257187584.0,-0.07018010318279266
3258125056.0,-0.06676699966192245
3259062528.0,-0.06252575665712357
3260000000.0,-0.05678430199623108
3260937472.0,-0.05035734549164772
3261874944.0,-0.042812686413526535
3262812416.0,-0.03484569489955902
3263749888.0,-0.027109414339065552
3264687616.0,-0.018283512443304062
3265625088.0,-0.01057819277048111
3266562560.0,-0.001674375613220036
3267500032.0,0.005596011411398649
3268437504.0,0.012448765337467194
3269374976.0,0.017964795231819153
3270312448.0,0.022079460322856903
3271249920.0,0.02520628273487091
3272187392.0,0.02737937867641449
3273125120.0,0.028602292761206627
3274062592.0,0.02867240086197853
3275000064.0,0.02691436931490898
3275937536.0,0.026735695078969002
3276875008.0,0.02476458065211773
3277812480.0,0.022056441754102707
3278749952.0,0.02044694870710373
3279687424.0,0.018794072791934013
3280624896.0,0.01715722493827343
3281562624.0,0.016599014401435852
3282500096.0,0.016150183975696564
3283437568.0,0.01585407927632332
3284375040.0,0.01703178696334362
3285312512.0,0.018322357907891273
3286249984.0,0.019691940397024155
3287187456.0,0.021642079576849937
3288124928.0,0.02351001836359501
3289062400.0,0.025148771703243256
3289999872.0,0.025128310546278954
3290937600.0,0.026246264576911926
3291875072.0,0.02494148164987564
3292812544.0,0.022478871047496796
3293750016.0,0.019056886434555054
3294687488.0,0.015881456434726715
3295624960.0,0.01060151495039463
3296562432.0,0.004376045428216457
3297499904.0,-0.0024080087896436453
3298437376.0,-0.010443953797221184
3299375104.0,-0.01880601793527603
3300312576.0,-0.028059005737304688
3301250048.0,-0.03724529221653938
3302187520.0,-0.046799372881650925
3303124992.0,-0.05566270276904106
3304062464.0,-0.06466890126466751
3304999936.0,-0.07428786903619766
3305937408.0,-0.0822046622633934
3306874880.0,-0.08982090651988983
3307812608.0,-0.0596436969935894
3308750080.0,-0.057185616344213486
3309687552.0,-0.05549143999814987
3310625024.0,-0.053365372121334076
3311562496.0,-0.05228535458445549
3312499968.0,-0.05109991878271103
3313437440.0,-0.04957633838057518
3314374912.0,-0.049468014389276505
3315312384.0,-0.049782898277044296
3316250112.0,-0.050551366060972214
3317187584.0,-0.05213366448879242
3318125056.0,-0.05475058779120445
3319062528.0,-0.05753384903073311
3320000000.0,-0.0603337436914444
3320937472.0,-0.06455478072166443
3321874944.0,-0.07004544883966446
3322812416.0,-0.07582119852304459
3323749888.0,-0.08057910203933716
3324687616.0,-0.08732835203409195
3325625088.0,-0.09396390616893768
3326562560.0,-0.10065494477748871
3327500032.0,-0.10748017579317093
3328437504.0,-0.11447425186634064
3329374976.0,-0.12119100987911224
3330312448.0,-0.127970889210701
3331249920.0,-0.13279247283935547
3332187392.0,-0.13788370788097382
3333125120.0,-0.14129287004470825
3334062592.0,-0.14444240927696228
3335000064.0,-0.14704293012619019
3335937536.0,-0.14776191115379333
3336875008.0,-0.14893174171447754
3337812480.0,-0.1475048065185547
3338749952.0,-0.14603263139724731
3339687424.0,-0.14190639555454254
3340624896.0,-0.1382017284631729
3341562624.0,-0.13235151767730713
3342500096.0,-0.12539120018482208
3343437568.0,-0.11915700882673264
3344375040.0,-0.11069218814373016
3345312512.0,-0.10236378759145737
3346249984.0,-0.09269372373819351
3347187456.0,-0.08391111344099045
3348124928.0,-0.0746452808380127
3349062400.0,-0.0648304894566536
3350000128.0,-0.05521970987319946
3350937600.0,-0.04619687795639038
3351875072.0,-0.0368129126727581
3352812544.0,-0.02892562747001648
3353750016.0,-0.019721975550055504
3354687488.0,-0.012121944688260555
3355624960.0,-0.005414347629994154
3356562432.0,0.0012662771623581648
3357499904.0,0.005999462679028511
3358437376.0,0.012005366384983063
3359375104.0,0.016213087365031242
3360312576.0,0.020163197070360184
3361250048.0,0.024334391579031944
3362187520.0,0.02638198621571064
3363124992.0,0.029665926471352577
3364062464.0,0.03189737722277641
3364999936.0,0.03370067477226257
3365937408.0,0.03607575222849846
3366874880.0,0.03798079118132591
3367812608.0,0.047170113772153854
3368750080.0,0.05525454506278038
3369687552.0,0.06376799941062927
3370625024.0,0.07027225941419601
3371562496.0,0.07677459716796875
3372499968.0,0.08195608109235764
3373437440.0,0.08471979945898056
3374374912.0,0.08767349272966385
3375312384.0,0.08868666738271713
3376250112.0,0.08922657370567322
3377187584.0,0.08842986077070236
3378125056.0,0.08616387099027634
3379062528.0,0.08327486366033554
3380000000.0,0.07835330069065094
3380937472.0,0.07272040843963623
3381874944.0,0.06616724282503128
3382812416.0,0.05791456997394562
3383749888.0,0.04971025511622429
3384687616.0,0.04098068177700043
3385625088.0,0.03176435828208923
3386562560.0,0.022375764325261116
3387500032.0,0.010325317271053791
3388437504.0,-0.0003476630663499236
3389374976.0,-0.010448616929352283
3390312448.0,-0.020530445501208305
3391249920.0,-0.02968117594718933
3392187392.0,-0.03912470489740372
3393125120.0,-0.04810447618365288
3394062592.0,-0.055512621998786926
3395000064.0,-0.06352685391902924
3395937536.0,-0.07051989436149597
3396875008.0,-0.07564618438482285
3397812480.0,-0.08221853524446487
3398749952.0,-0.08755205571651459
3399687424.0,-0.08996783941984177
3400624896.0,-0.09291180223226547
3401562624.0,-0.09520305693149567
3402500096.0,-0.09609349071979523
3403437568.0,-0.0967654287815094
3404375040.0,-0.09602457284927368
3405312512.0,-0.09498509019613266
3406249984.0,-0.09393692761659622
3407187456.0,-0.09187660366296768
3408124928.0,-0.0886068269610405
3409062400.0,-0.08633441478013992
3409999872.0,-0.08246518671512604
3410937600.0,-0.07851031422615051
3411875072.0,-0.07507721334695816
3412812544.0,-0.07140184193849564
3413750016.0,-0.06722307205200195
3414687488.0,-0.06284601241350174
3415624960.0,-0.05800290405750275
3416562432.0,-0.053539007902145386
3417499904.0,-0.049556683748960495
3418437376.0,-0.04488762468099594
3419375104.0,-0.04116959497332573
3420312576.0,-0.03858458623290062
3421250048.0,-0.0348161906003952
3422187520.0,-0.030183909460902214
3423124992.0,-0.02606724388897419
3424062464.0,-0.021757822483778
3424999936.0,-0.017304394394159317
3425937408.0,-0.013614928349852562
3426874880.0,-0.009953695349395275
3427812608.0,-0.006422283593565226
3428750080.0,-0.0031957568135112524
3429687552.0,-0.0009073473629541695
3430625024.0,0.001783818588592112
3431562496.0,0.005254145711660385
3432499968.0,0.009071466512978077
3433437440.0,0.013463002629578114
3434374912.0,0.018932053819298744
3435312384.0,0.024818144738674164
3436250112.0,0.03254195302724838
3437187584.0,0.04030555486679077
3438125056.0,0.048798754811286926
3439062528.0,0.05934663861989975
3440000000.0,0.07072573900222778
3440937472.0,0.08322261273860931
3441874944.0,0.09666938334703445
3442812416.0,0.11006820946931839
3443749888.0,0.12403756380081177
3444687616.0,0.13796639442443848
3445625088.0,0.1515703797340393
3446562560.0,0.1643456220626831
3447500032.0,0.17822232842445374
3448437504.0,0.18937624990940094
3449374976.0,0.2005055844783783
3450312448.0,0.20939964056015015
3451249920.0,0.2170807123184204
3452187392.0,0.22259993851184845
3453125120.0,0.22447729110717773
3454062592.0,0.22545696794986725
3455000064.0,0.22270271182060242
3455937536.0,0.21790122985839844
3456875008.0,0.2103365659713745
3457812480.0,0.200242280960083
3458749952.0,0.18819022178649902
3459687424.0,0.17430251836776733
3460624896.0,0.1584632694721222
3461562624.0,0.1407151073217392
3462500096.0,0.12299954891204834
3463437568.0,0.10331251472234726
3464375040.0,0.08459611237049103
3465312512.0,0.06389743089675903
3466249984.0,0.04490597918629646
3467187456.0,0.026218676939606667
3468124928.0,0.008149865083396435
3469062400.0,-0.009038136340677738
3470000128.0,-0.024189310148358345
3470937600.0,-0.037232886999845505
3471875072.0,-0.048771072179079056
3472812544.0,-0.058371420949697495
3473750016.0,-0.06527232378721237
3474687488.0,-0.07163316011428833
3475624960.0,-0.07502441853284836
3476562432.0,-0.07694578170776367
3477499904.0,-0.07705870270729065
3478437376.0,-0.07531392574310303
3479375104.0,-0.07359056919813156
3480312576.0,-0.069180428981781
3481250048.0,-0.06550446152687073
3482187520.0,-0.05985307693481445
3483124992.0,-0.055224426090717316
3484062464.0,-0.05039290338754654
3484999936.0,-0.045904140919446945
3485937408.0,-0.03982073813676834
3486874880.0,-0.03625050559639931
3487812608.0,-0.022032763808965683
3488750080.0,-0.024723464623093605
3489687552.0,-0.029198452830314636
3490625024.0,-0.03388957306742668
3491562496.0,-0.039147261530160904
3492499968.0,-0.04460122808814049
3493437440.0,-0.050477102398872375
3494374912.0,-0.05631797015666962
3495312384.0,-0.06010287627577782
3496250112.0,-0.06629631668329239
3497187584.0,-0.0703907161951065
3498125056.0,-0.07507100701332092
3499062528.0,-0.07831919193267822
3500000000.0,-0.07978705316781998
3500937472.0,-0.08024705946445465
3501874944.0,-0.0799185186624527
3502812416.0,-0.07683725655078888
3503749888.0,-0.07469693571329117
3504687616.0,-0.07050758600234985
3505625088.0,-0.06442320346832275
3506562560.0,-0.05802034214138985
3507500032.0,-0.050962429493665695
3508437504.0,-0.043017152696847916
3509374976.0,-0.03398795425891876
3510312448.0,-0.02467072382569313
3511249920.0,-0.01552955899387598
3512187392.0,-0.006146361120045185
3513125120.0,0.003219288308173418
3514062592.0,0.012286149896681309
3515000064.0,0.02152896486222744
3515937536.0,0.030044259503483772
3516875008.0,0.037324681878089905
3517812480.0,0.04516049474477768
3518749952.0,0.05065659061074257
3519687424.0,0.056071165949106216
3520624896.0,0.060482434928417206
3521562624.0,0.06323180347681046
3522500096.0,0.06443540751934052
3523437568.0,0.06608342379331589
3524375040.0,0.06473219394683838
3525312512.0,0.06310954689979553
3526249984.0,0.06008141487836838
3527187456.0,0.05655946582555771
3528124928.0,0.05285179242491722
3529062400.0,0.047179415822029114
3529999872.0,0.041064321994781494
3530937600.0,0.0364336259663105
3531875072.0,0.0298038050532341
3532812544.0,0.025143546983599663
3533750016.0,0.019173916429281235
3534687488.0,0.013507971540093422
3535624960.0,0.009793614037334919
3536562432.0,0.005219039041548967
3537499904.0,0.002083191182464361
3538437376.0,0.0004885299713350832
3539375104.0,-0.0016471458366140723
3540312576.0,-0.0015535318525508046
3541250048.0,-0.0007108006393536925
3542187520.0,0.0001696162362350151
3543124992.0,0.0022581168450415134
3544062464.0,0.004834477324038744
3544999936.0,0.008600251749157906
3545937408.0,0.012032931670546532
3546874880.0,0.01649630255997181
3547812608.0,0.018765373155474663
3548750080.0,0.017253227531909943
3549687552.0,0.01497803907841444
3550625024.0,0.01182614266872406
3551562496.0,0.010168729349970818
3552499968.0,0.007112534251064062
3553437440.0,0.002460896037518978
3554374912.0,0.00014927262964192778
3555312384.0,-0.0028318811673671007
3556250112.0,-0.006703780498355627
3557187584.0,-0.009427027776837349
3558125056.0,-0.012295597232878208
3559062528.0,-0.016680458560585976
3560000000.0,-0.020564040169119835
3560937472.0,-0.024356957525014877
3561874944.0,-0.02729852870106697
3562812416.0,-0.02980058826506138
3563749888.0,-0.03234294429421425
3564687616.0,-0.034098606556653976
3565625088.0,-0.0361296571791172
3566562560.0,-0.03825043514370918
3567500032.0,-0.0403178445994854
3568437504.0,-0.04057386890053749
3569374976.0,-0.042451854795217514
3570312448.0,-0.041952405124902725
3571249920.0,-0.04206804931163788
3572187392.0,-0.04126027226448059
3573125120.0,-0.04021213948726654
3574062592.0,-0.03848636895418167
3575000064.0,-0.037895567715168
3575937536.0,-0.03595665842294693
3576875008.0,-0.03349509462714195
3577812480.0,-0.03133508935570717
3578749952.0,-0.03018946573138237
3579687424.0,-0.027628056704998016
3580624896.0,-0.02530754543840885
3581562624.0,-0.023290695622563362
3582500096.0,-0.02028844505548477
3583437568.0,-0.017891813069581985
3584375040.0,-0.017994500696659088
3585312512.0,-0.01707618124783039
3586249984.0,-0.01689297892153263
3587187456.0,-0.016734467819333076
3588124928.0,-0.016165854409337044
3589062400.0,-0.01649942807853222
3590000128.0,-0.014936620369553566
3590937600.0,-0.01621226593852043
3591875072.0,-0.017131151631474495
3592812544.0,-0.017139902338385582
3593750016.0,-0.01677468791604042
3594687488.0,-0.01602274551987648
3595624960.0,-0.014776097610592842
3596562432.0,-0.014152956195175648
3597499904.0,-0.012055140919983387
3598437376.0,-0.010663092136383057
3599375104.0,-0.0077938297763466835
3600312576.0,-0.004569293465465307
3601250048.0,-0.0011431118473410606
3602187520.0,0.002992227440699935
3603124992.0,0.008026298135519028
3604062464.0,0.012656288221478462
3604999936.0,0.01834721304476261
3605937408.0,0.023290667682886124
3606874880.0,0.02863887883722782
3607812608.0,0.05158853530883789
3608750080.0,0.06176821142435074
3609687552.0,0.0705401822924614
3610625024.0,0.07916399091482162
3611562496.0,0.08696630597114563
3612499968.0,0.09419945627450943
3613437440.0,0.10058293491601944
3614374912.0,0.10684306174516678
3615312384.0,0.11167333275079727
3616250112.0,0.11594915390014648
3617187584.0,0.11784959584474564
3618125056.0,0.1198652908205986
3619062528.0,0.11927216500043869
3620000000.0,0.12003940343856812
3620937472.0,0.1195097491145134
3621874944.0,0.11703476309776306
3622812416.0,0.11241129040718079
3623749888.0,0.10842354595661163
3624687616.0,0.10219383984804153
3625625088.0,0.09718243032693863
3626562560.0,0.09142772108316422
3627500032.0,0.08423084765672684
3628437504.0,0.07728473842144012
3629374976.0,0.06856724619865417
3630312448.0,0.0600770004093647
3631249920.0,0.05146582052111626
3632187392.0,0.04181535914540291
3633125120.0,0.03141812980175018
3634062592.0,0.022287672385573387
3635000064.0,0.01197974756360054
3635937536.0,0.00315343146212399
3636875008.0,-0.007414111401885748
3637812480.0,-0.017513036727905273
3638749952.0,-0.027025718241930008
3639687424.0,-0.036307696253061295
3640624896.0,-0.04494021087884903
3641562624.0,-0.05365334078669548
3642500096.0,-0.06151936203241348
3643437568.0,-0.06890504062175751
3644375040.0,-0.07627204805612564
3645312512.0,-0.08234959095716476
3646249984.0,-0.08878125995397568
3647187456.0,-0.09368737787008286
3648124928.0,-0.09877108037471771
3649062400.0,-0.10297635197639465
3649999872.0,-0.10602349042892456
3650937600.0,-0.11003618687391281
3651875072.0,-0.11231397837400436
3652812544.0,-0.1141408160328865
3653750016.0,-0.11536763608455658
3654687488.0,-0.117368683218956
3655624960.0,-0.11664499342441559
3656562432.0,-0.11717990785837173
3657499904.0,-0.11593891680240631
3658437376.0,-0.11513198167085648
3659375104.0,-0.11296074092388153
3660312576.0,-0.11050325632095337
3661250048.0,-0.10888177156448364
3662187520.0,-0.10541119426488876
3663124992.0,-0.10161956399679184
3664062464.0,-0.09754761308431625
3664999936.0,-0.09338799118995667
3665937408.0,-0.08875580877065659
3666874880.0,-0.08397036045789719
3667812608.0,-0.06617148220539093
3668750080.0,-0.06650388240814209
3669687552.0,-0.0651715025305748
3670625024.0,-0.06285908818244934
3671562496.0,-0.060427259653806686
3672499968.0,-0.05786828324198723
3673437440.0,-0.0539010688662529
3674374912.0,-0.049873482435941696
3675312384.0,-0.04455674812197685
3676250112.0,-0.03839440271258354
3677187584.0,-0.03228207305073738
3678125056.0,-0.02422717772424221
3679062528.0,-0.01632491499185562
3680000000.0,-0.009107542224228382
3680937472.0,-9.017574484460056e-05
3681874944.0,0.00884895958006382
3682812416.0,0.018089625984430313
3683749888.0,0.027839234098792076
3684687616.0,0.037078287452459335
3685625088.0,0.045556578785181046
3686562560.0,0.0539328008890152
3687500032.0,0.061131514608860016
3688437504.0,0.06882160902023315
3689374976.0,0.07626400142908096
3690312448.0,0.08241735398769379
3691249920.0,0.08758330345153809
3692187392.0,0.09253272414207458
3693125120.0,0.09590430557727814
3694062592.0,0.0994323194026947
3695000064.0,0.10117916017770767
3695937536.0,0.10306315124034882
3696875008.0,0.10273490846157074
3697812480.0,0.10207223892211914
3698749952.0,0.10060848295688629
3699687424.0,0.09751653671264648
3700624896.0,0.09458890557289124
3701562624.0,0.08801621198654175
3702500096.0,0.08285459876060486
3703437568.0,0.07693391293287277
3704375040.0,0.06991612166166306
3705312512.0,0.06227080523967743
3706249984.0,0.05504920333623886
3707187456.0,0.046256452798843384
3708124928.0,0.038252394646406174
3709062400.0,0.029253404587507248
3710000128.0,0.019997630268335342
3710937600.0,0.011062487959861755
3711875072.0,0.0031945568043738604
3712812544.0,-0.004487249068915844
3713750016.0,-0.011115442030131817
3714687488.0,-0.017813581973314285
3715624960.0,-0.022951148450374603
3716562432.0,-0.027056917548179626
3717499904.0,-0.03212275728583336
3718437376.0,-0.03449380770325661
3719375104.0,-0.03708774968981743
3720312576.0,-0.03818563371896744
3721250048.0,-0.03921894729137421
3722187520.0,-0.03942888230085373
3723124992.0,-0.03861922770738602
3724062464.0,-0.03690262511372566
3724999936.0,-0.03566829487681389
3725937408.0,-0.033920496702194214
3726874880.0,-0.031892094761133194
3727812608.0,-0.034134622663259506
3728750080.0,-0.03514713793992996
3729687552.0,-0.03357265889644623
3730625024.0,-0.032963406294584274
3731562496.0,-0.03193775936961174
3732499968.0,-0.030984098091721535
3733437440.0,-0.03101123683154583
3734374912.0,-0.031346071511507034
3735312384.0,-0.03129785507917404
3736250112.0,-0.031991586089134216
3737187584.0,-0.033469680696725845
3738125056.0,-0.03578285500407219
3739062528.0,-0.038307350128889084
3740000000.0,-0.04129725694656372
3740937472.0,-0.04452129825949669
3741874944.0,-0.049395933747291565
3742812416.0,-0.05385386198759079
3743749888.0,-0.05898120999336243
3744687616.0,-0.0641050785779953
3745625088.0,-0.06943421810865402
3746562560.0,-0.07477688044309616
3747500032.0,-0.08133014291524887
3748437504.0,-0.08684051036834717
3749374976.0,-0.09361356496810913
3750312448.0,-0.09971437603235245
3751249920.0,-0.10521885752677917
3752187392.0,-0.11198672652244568
3753125120.0,-0.1167166605591774
3754062592.0,-0.1217384859919548
3755000064.0,-0.12469637393951416
3755937536.0,-0.12765896320343018
3756875008.0,-0.12909725308418274
3757812480.0,-0.12975487112998962
3758749952.0,-0.12975764274597168
3759687424.0,-0.12752774357795715
3760624896.0,-0.12441513687372208
3761562624.0,-0.11934545636177063
3762500096.0,-0.11318357288837433
3763437568.0,-0.10571076720952988
3764375040.0,-0.0973009467124939
3765312512.0,-0.08780847489833832
3766249984.0,-0.07758501172065735
3767187456.0,-0.06591261178255081
3768124928.0,-0.05511944741010666
3769062400.0,-0.044077564030885696
3769999872.0,-0.03224506974220276
3770937600.0,-0.021176228299736977
3771875072.0,-0.01092066802084446
3772812544.0,-0.00024766114074736834
3773750016.0,0.009441817179322243
3774687488.0,0.01919735223054886
3775624960.0,0.02690429426729679
3776562432.0,0.032877594232559204
3777499904.0,0.03877631574869156
3778437376.0,0.04220933839678764
3779375104.0,0.04460681229829788
3780312576.0,0.04627722501754761
3781250048.0,0.04455667361617088
3782187520.0,0.04220246523618698
3783124992.0,0.03749164193868637
3784062464.0,0.03204981982707977
3784999936.0,0.02468460611999035
3785937408.0,0.015319369733333588
3786874880.0,0.017541248351335526
3787812608.0,0.009415986947715282
3788750080.0,-2.274610051244963e-05
3789687552.0,-0.01011371985077858
3790625024.0,-0.022070348262786865
3791562496.0,-0.0353509895503521
3792499968.0,-0.04666230082511902
3793437440.0,-0.05692851170897484
3794374912.0,-0.0677095502614975
3795312384.0,-0.0789780393242836
3796250112.0,-0.0906159058213234
3797187584.0,-0.10092871636152267
3798125056.0,-0.1115136668086052
3799062528.0,-0.12059029936790466
3800000000.0,-0.12999671697616577
3800937472.0,-0.13720570504665375
3801874944.0,-0.1440901905298233
3802812416.0,-0.14896170794963837
3803749888.0,-0.15246182680130005
3804687616.0,-0.15477684140205383
3805625088.0,-0.15559953451156616
3806562560.0,-0.15594638884067535
3807500032.0,-0.15380308032035828
3808437504.0,-0.14962759613990784
3809374976.0,-0.14602632820606232
3810312448.0,-0.14030517637729645
3811249920.0,-0.13294705748558044
3812187392.0,-0.1259753257036209
3813125120.0,-0.11739648133516312
3814062592.0,-0.1079275831580162
3815000064.0,-0.09897013008594513
3815937536.0,-0.08982592076063156
3816875008.0,-0.07991807907819748
3817812480.0,-0.07119066268205643
3818749952.0,-0.06099820137023926
3819687424.0,-0.05089205130934715
3820624896.0,-0.042968131601810455
3821562624.0,-0.033702027052640915
3822500096.0,-0.025737633928656578
3823437568.0,-0.018341127783060074
3824375040.0,-0.012253905646502972
3825312512.0,-0.007263688836246729
3826249984.0,-0.003525051288306713
3827187456.0,-0.0004664315201807767
3828124928.0,0.001955564832314849
3829062400.0,0.0036107818596065044
3830000128.0,0.003803401719778776
3830937600.0,0.0031464886851608753
3831875072.0,0.0013362434692680836
3832812544.0,0.00045711445272900164
3833750016.0,-0.0037912987172603607
3834687488.0,-0.006689328700304031
3835624960.0,-0.010584365576505661
3836562432.0,-0.013960964977741241
3837499904.0,-0.017914501950144768
3838437376.0,-0.022315870970487595
3839375104.0,-0.02618848904967308
3840312576.0,-0.02991444803774357
3841250048.0,-0.03438333794474602
3842187520.0,-0.036905378103256226
3843124992.0,-0.04010683670639992
3844062464.0,-0.043324701488018036
3844999936.0,-0.04525096341967583
3845937408.0,-0.04773462563753128
3846874880.0,-0.03971702232956886
3847812608.0,-0.03588692471385002
3848750080.0,-0.03313610702753067
3849687552.0,-0.0288846492767334
3850625024.0,-0.02556496113538742
3851562496.0,-0.023435788229107857
3852499968.0,-0.020849382504820824
3853437440.0,-0.018661869689822197
3854374912.0,-0.017667517066001892
3855312384.0,-0.017135189846158028
3856250112.0,-0.016854388639330864
3857187584.0,-0.016588624566793442
3858125056.0,-0.01829112507402897
3859062528.0,-0.0183901097625494
3860000000.0,-0.019793596118688583
3860937472.0,-0.0217699334025383
3861874944.0,-0.024457009509205818
3862812416.0,-0.027674000710248947
3863749888.0,-0.03020685911178589
3864687616.0,-0.0322483591735363
3865625088.0,-0.034580111503601074
3866562560.0,-0.03837106376886368
3867500032.0,-0.041019145399332047
3868437504.0,-0.044341154396533966
3869374976.0,-0.046447817236185074
3870312448.0,-0.04799460247159004
3871249920.0,-0.05060945823788643
3872187392.0,-0.051470573991537094
3873125120.0,-0.052705127745866776
3874062592.0,-0.053070493042469025
3875000064.0,-0.05430423468351364
3875937536.0,-0.05703682452440262
3876875008.0,-0.06027887016534805
3877812480.0,-0.06221799552440643
3878749952.0,-0.06441489607095718
3879687424.0,-0.06585784256458282
3880624896.0,-0.06645065546035767
3881562624.0,-0.06744436919689178
3882500096.0,-0.0680064707994461
3883437568.0,-0.06809619069099426
3884375040.0,-0.06804686039686203
3885312512.0,-0.06724629551172256
3886249984.0,-0.06787527352571487
3887187456.0,-0.06654953211545944
3888124928.0,-0.0671125128865242
3889062400.0,-0.06624124944210052
3889999872.0,-0.06700855493545532
3890937600.0,-0.06681196391582489
3891875072.0,-0.06638709455728531
3892812544.0,-0.06765058636665344
3893750016.0,-0.06933204084634781
3894687488.0,-0.07005033642053604
3895624960.0,-0.07200775295495987
3896562432.0,-0.0727597326040268
3897499904.0,-0.07623738795518875
3898437376.0,-0.07963880151510239
3899375104.0,-0.08230065554380417
3900312576.0,-0.08590277284383774
3901250048.0,-0.0906914696097374
3902187520.0,-0.09522029757499695
3903124992.0,-0.0993555411696434
3904062464.0,-0.1040593758225441
3904999936.0,-0.10942763835191727
3905937408.0,-0.11353031545877457
3906874880.0,-0.12886691093444824
3907812608.0,-0.1369880586862564
3908750080.0,-0.14150723814964294
3909687552.0,-0.14547665417194366
3910625024.0,-0.14847297966480255
3911562496.0,-0.14886878430843353
3912499968.0,-0.14685438573360443
3913437440.0,-0.14382100105285645
3914374912.0,-0.13716329634189606
3915312384.0,-0.13003215193748474
3916250112.0,-0.12094999104738235
3917187584.0,-0.10915066301822662
3918125056.0,-0.09708938002586365
3919062528.0,-0.08298347890377045
3920000000.0,-0.06843235343694687
3920937472.0,-0.053395967930555344
3921874944.0,-0.036205414682626724
3922812416.0,-0.020527902990579605
3923749888.0,-0.0048522790893912315
3924687616.0,0.011018149554729462
3925625088.0,0.024949004873633385
3926562560.0,0.03913921117782593
3927500032.0,0.05146503448486328
3928437504.0,0.06290385127067566
3929374976.0,0.07354256510734558
3930312448.0,0.08058539777994156
3931249920.0,0.08633019030094147
3932187392.0,0.09045249223709106
3933125120.0,0.09175435453653336
3934062592.0,0.09123701602220535
3935000064.0,0.08968200534582138
3935937536.0,0.08482319116592407
3936875008.0,0.07918832451105118
3937812480.0,0.07244568318128586
3938749952.0,0.0650569424033165
3939687424.0,0.05597381666302681
3940624896.0,0.04671909287571907
3941562624.0,0.03783358260989189
3942500096.0,0.02818475104868412
3943437568.0,0.01955590397119522
3944375040.0,0.010917038656771183
3945312512.0,0.002393057569861412
3946249984.0,-0.0037686333525925875
3947187456.0,-0.010668250732123852
3948124928.0,-0.016211150214076042
3949062400.0,-0.020142164081335068
3950000128.0,-0.024822888895869255
3950937600.0,-0.02785332500934601
3951875072.0,-0.030515488237142563
3952812544.0,-0.033920224756002426
3953750016.0,-0.03557337075471878
3954687488.0,-0.036738865077495575
3955624960.0,-0.038275185972452164
3956562432.0,-0.039236560463905334
3957499904.0,-0.041201986372470856
3958437376.0,-0.04348884895443916
3959375104.0,-0.04377947375178337
3960312576.0,-0.044052619487047195
3961250048.0,-0.045984286814928055
3962187520.0,-0.04920211806893349
3963124992.0,-0.05207289010286331
3964062464.0,-0.056248340755701065
3964999936.0,-0.06049748882651329
3965937408.0,-0.06747656315565109
3966874880.0,-0.08169396966695786
3967812608.0,-0.09399294853210449
3968750080.0,-0.10835295915603638
3969687552.0,-0.12168233841657639
3970625024.0,-0.135470911860466
3971562496.0,-0.1493135690689087
3972499968.0,-0.1626158505678177
3973437440.0,-0.17408305406570435
3974374912.0,-0.18443964421749115
3975312384.0,-0.19369234144687653
3976250112.0,-0.20133641362190247
3977187584.0,-0.20709724724292755
3978125056.0,-0.21043717861175537
3979062528.0,-0.2124033421278
3980000000.0,-0.21220648288726807
3980937472.0,-0.21025872230529785
3981874944.0,-0.20687679946422577
3982812416.0,-0.20130552351474762
3983749888.0,-0.19557735323905945
3984687616.0,-0.18798792362213135
3985625088.0,-0.18045087158679962
3986562560.0,-0.1703188717365265
3987500032.0,-0.1592361032962799
3988437504.0,-0.14833448827266693
3989374976.0,-0.1361565887928009
3990312448.0,-0.12345651537179947
3991249920.0,-0.11207215487957001
3992187392.0,-0.09934485703706741
3993125120.0,-0.08780313283205032
3994062592.0,-0.0760778859257698
3995000064.0,-0.06650234758853912
3995937536.0,-0.05656305328011513
3996875008.0,-0.0486159473657608
3997812480.0,-0.040842603892087936
3998749952.0,-0.03563804179430008
3999687424.0,-0.029295701533555984
4000624896.0,-0.035951100289821625
4001562624.0,-0.03341018408536911
4002500096.0,-0.030996173620224
4003437568.0,-0.03153708204627037
4004375040.0,-0.03324882686138153
4005312512.0,-0.03589538857340813
4006249984.0,-0.040206316858530045
4007187456.0,-0.0453302226960659
4008124928.0,-0.05177251994609833
4009062400.0,-0.057878583669662476
4009999872.0,-0.06648150831460953
4010937600.0,-0.07417596131563187
4011875072.0,-0.08287014812231064
4012812544.0,-0.09078405052423477
4013750016.0,-0.0993213951587677
4014687488.0,-0.10786773264408112
4015624960.0,-0.11552105098962784
4016562432.0,-0.12446091324090958
4017499904.0,-0.13154152035713196
4018437376.0,-0.1378677487373352
4019375104.0,-0.14396293461322784
4020312576.0,-0.15106399357318878
4021250048.0,-0.15574219822883606
4022187520.0,-0.16154809296131134
4023124992.0,-0.16485390067100525
4024062464.0,-0.16953331232070923
4024999936.0,-0.1745333969593048
4025937408.0,-0.1776365339756012
4026874880.0,-0.17071858048439026
4027812608.0,-0.17818018794059753
4028750080.0,-0.1844322830438614
4029687552.0,-0.18927812576293945
4030625024.0,-0.1949685662984848
4031562496.0,-0.19933903217315674
4032499968.0,-0.20329850912094116
4033437440.0,-0.2065907120704651
4034374912.0,-0.2089797854423523
4035312384.0,-0.21049916744232178
4036250112.0,-0.2102578580379486
4037187584.0,-0.20849132537841797
4038125056.0,-0.2055010050535202
4039062528.0,-0.20025067031383514
4040000000.0,-0.19502022862434387
4040937472.0,-0.19013451039791107
4041874944.0,-0.1832965761423111
4042812416.0,-0.1766219586133957
4043749888.0,-0.1680678129196167
4044687616.0,-0.15868954360485077
4045625088.0,-0.1470164656639099
4046562560.0,-0.13548609614372253
4047500032.0,-0.12319808453321457
4048437504.0,-0.11027499288320541
4049374976.0,-0.09711244702339172
4050312448.0,-0.08387720584869385
4051249920.0,-0.06972987204790115
4052187392.0,-0.056428227573633194
4053125120.0,-0.04234049469232559
4054062592.0,-0.029418548569083214
4055000064.0,-0.017559483647346497
4055937536.0,-0.005201640073210001
4056875008.0,0.004365274216979742
4057812480.0,0.013186105526983738
4058749952.0,0.021522479131817818
4059687424.0,0.028113938868045807
4060624896.0,0.03370793163776398
4061562624.0,0.03713448718190193
4062500096.0,0.0378732867538929
4063437568.0,0.037121742963790894
4064375040.0,0.035428162664175034
4065312512.0,0.031633369624614716
4066249984.0,0.02547665871679783
4067187456.0,0.019051508978009224
4068124928.0,0.011212116107344627
4069062400.0,0.0021856024395674467
4070000128.0,-0.008734621107578278
4070937600.0,-0.01971328631043434
4071875072.0,-0.03144465386867523
4072812544.0,-0.04413669556379318
4073750016.0,-0.05596397444605827
4074687488.0,-0.06930410116910934
4075624960.0,-0.08182616531848907
4076562432.0,-0.09316719323396683
4077499904.0,-0.10642385482788086
4078437376.0,-0.11770112067461014
4079375104.0,-0.1289300173521042
4080312576.0,-0.13855846226215363
4081250048.0,-0.14751240611076355
4082187520.0,-0.15469565987586975
4083124992.0,-0.16183550655841827
4084062464.0,-0.16736826300621033
4084999936.0,-0.17166368663311005
4085937408.0,-0.173309326171875
4086874880.0,-0.15681234002113342
4087812608.0,-0.15610329806804657
4088750080.0,-0.15440665185451508
4089687552.0,-0.15324494242668152
4090625024.0,-0.1501825749874115
4091562496.0,-0.14628802239894867
4092499968.0,-0.14252826571464539
4093437440.0,-0.13735882937908173
4094374912.0,-0.13154444098472595
4095312384.0,-0.12529581785202026
4096250112.0,-0.11963696032762527
4097187584.0,-0.11313275247812271
4098125056.0,-0.10706164687871933
4099062528.0,-0.10111859440803528
4100000000.0,-0.09489936381578445
4100937472.0,-0.0892447829246521
4101874944.0,-0.0824514850974083
4102812416.0,-0.07740486413240433
4103749888.0,-0.07183604687452316
4104687616.0,-0.06678172200918198
4105625088.0,-0.06129443645477295
4106562560.0,-0.05604733154177666
4107500032.0,-0.05207117274403572
4108437504.0,-0.04850282520055771
4109374976.0,-0.04358130693435669
4110312448.0,-0.041476793587207794
4111249920.0,-0.03790310025215149
4112187392.0,-0.035962384194135666
4113125120.0,-0.033569592982530594
4114062592.0,-0.03172927349805832
4115000064.0,-0.03017774224281311
4115937536.0,-0.028216257691383362
4116875008.0,-0.02760595642030239
4117812480.0,-0.027197478339076042
4118749952.0,-0.0264709684997797
4119687424.0,-0.026046346873044968
4120624896.0,-0.02686460129916668
4121562624.0,-0.02786511741578579
4122500096.0,-0.027576928958296776
4123437568.0,-0.02807498537003994
4124375040.0,-0.0299528855830431
4125312512.0,-0.03178710862994194
4126249984.0,-0.03248777613043785
4127187456.0,-0.03520626202225685
4128124928.0,-0.036541420966386795
4129062400.0,-0.03918374329805374
4129999872.0,-0.04309508204460144
4130937600.0,-0.045876242220401764
4131875072.0,-0.05072738602757454
4132812544.0,-0.0563175342977047
4133750016.0,-0.06266264617443085
4134687488.0,-0.0682549998164177
4135624960.0,-0.07548591494560242
4136562432.0,-0.08153550326824188
4137499904.0,-0.08928138017654419
4138437376.0,-0.09761771559715271
4139375104.0,-0.10605965554714203
4140312576.0,-0.11438272893428802
4141250048.0,-0.12373514473438263
4142187520.0,-0.13279268145561218
4143124992.0,-0.14201076328754425
4144062464.0,-0.1505095660686493
4144999936.0,-0.15878888964653015
4145937408.0,-0.16821911931037903
4146874880.0,-0.18915022909641266
4147812608.0,-0.19702377915382385
4148750080.0,-0.20292170345783234
4149687552.0,-0.206800639629364
4150625024.0,-0.20897680521011353
4151562496.0,-0.20851625502109528
4152499968.0,-0.20683394372463226
4153437440.0,-0.20245981216430664
4154374912.0,-0.19729803502559662
4155312384.0,-0.1904624104499817
4156250112.0,-0.18267111480236053
4157187584.0,-0.17286372184753418
4158125056.0,-0.1626274585723877
4159062528.0,-0.15045282244682312
4160000000.0,-0.13922306895256042
4160937472.0,-0.12752914428710938
4161874944.0,-0.11448052525520325
4162812416.0,-0.10248126834630966
4163749888.0,-0.09006386250257492
4164687616.0,-0.07782647758722305
4165625088.0,-0.06678948551416397
4166562560.0,-0.055930424481630325
4167500032.0,-0.04593893140554428
4168437504.0,-0.03650058060884476
4169374976.0,-0.027212833985686302
4170312448.0,-0.01805204153060913
4171249920.0,-0.011148156598210335
4172187392.0,-0.004663817584514618
4173125120.0,0.00047916878247633576
4174062592.0,0.005544566549360752
4175000064.0,0.009956534020602703
4175937536.0,0.013662422075867653
4176875008.0,0.016269519925117493
4177812480.0,0.018979042768478394
4178749952.0,0.021717403084039688
4179687424.0,0.023283299058675766
4180624896.0,0.02453584223985672
4181562624.0,0.025358712300658226
4182500096.0,0.025590891018509865
4183437568.0,0.025416819378733635
4184375040.0,0.025133684277534485
4185312512.0,0.023087235167622566
4186249984.0,0.020590785890817642
4187187456.0,0.017454875633120537
4188124928.0,0.0138476537540555
4189062400.0,0.00890502892434597
4190000128.0,0.004744191654026508
4190937600.0,-0.0012983045307919383
4191875072.0,-0.007319411728531122
4192812544.0,-0.014737900346517563
4193750016.0,-0.021753937005996704
4194687488.0,-0.029501991346478462
4195624960.0,-0.037950512021780014
4196562432.0,-0.04797672480344772
4197499904.0,-0.057656772434711456
4198437376.0,-0.06759587675333023
4199375104.0,-0.07927943766117096
4200312576.0,-0.09072908014059067
4201250048.0,-0.10094744712114334
4202187520.0,-0.11357271671295166
4203124992.0,-0.12644541263580322
4204062464.0,-0.13916949927806854
4204999936.0,-0.151681587100029
4205937408.0,-0.16389688849449158
4206874880.0,-0.16618657112121582
4207812608.0,-0.17841146886348724
4208750080.0,-0.19082243740558624
4209687552.0,-0.20264896750450134
4210625024.0,-0.21334725618362427
4211562496.0,-0.22400003671646118
4212499968.0,-0.2327219545841217
4213437440.0,-0.24095803499221802
4214374912.0,-0.24676795303821564
4215312384.0,-0.25125494599342346
4216250112.0,-0.2523328959941864
4217187584.0,-0.25278615951538086
4218125056.0,-0.2504828870296478
4219062528.0,-0.2457076758146286
4220000000.0,-0.2380806803703308
4220937472.0,-0.22852212190628052
4221874944.0,-0.2158878892660141
4222812416.0,-0.20084911584854126
4223749888.0,-0.1843600869178772
4224687616.0,-0.1668764054775238
4225625088.0,-0.14751607179641724
4226562560.0,-0.12579970061779022
4227500032.0,-0.10515763610601425
4228437504.0,-0.08298070728778839
4229374976.0,-0.06114072725176811
4230312448.0,-0.0382838249206543
4231249920.0,-0.015831155702471733
4232187392.0,0.006269953679293394
4233125120.0,0.027320481836795807
4234062592.0,0.04644878953695297
4235000064.0,0.06434949487447739
4235937536.0,0.08107087761163712
4236875008.0,0.09555654227733612
4237812480.0,0.10723409056663513
4238749952.0,0.11684077233076096
4239687424.0,0.12360034137964249
4240624896.0,0.1280905306339264
4241562624.0,0.12989714741706848
4242500096.0,0.12971360981464386
4243437568.0,0.12599410116672516
4244375040.0,0.12088707834482193
4245312512.0,0.1128191351890564
4246249984.0,0.10341589152812958
4247187456.0,0.09242721647024155
4248124928.0,0.0791468396782875
4249062400.0,0.06452600657939911
4249999872.0,0.04936828464269638
4250937600.0,0.031796764582395554
4251875072.0,0.014595603570342064
4252812544.0,-0.004256289917975664
4253750016.0,-0.022603463381528854
4254687488.0,-0.04080621898174286
4255624960.0,-0.058804094791412354
4256562432.0,-0.07687097042798996
4257499904.0,-0.09353954344987869
4258437376.0,-0.11181274801492691
4259375104.0,-0.12836064398288727
4260312576.0,-0.1452578604221344
4261250048.0,-0.16078971326351166
4262187520.0,-0.17554178833961487
4263124992.0,-0.18972165882587433
4264062464.0,-0.2041734755039215
4264999936.0,-0.21677567064762115
4265937408.0,-0.2299770712852478
4266874880.0,-0.24227111041545868
4267812608.0,-0.2461567521095276
4268750080.0,-0.24981117248535156
4269687552.0,-0.2551615536212921
4270625024.0,-0.2606424391269684
4271562496.0,-0.26414403319358826
4272499968.0,-0.26847001910209656
4273437440.0,-0.2731240391731262
4274374912.0,-0.27541857957839966
4275312384.0,-0.2771799564361572
4276250112.0,-0.2781481444835663
4277187584.0,-0.27689436078071594
4278125056.0,-0.27442583441734314
4279062528.0,-0.269489049911499
4280000000.0,-0.26341360807418823
4280937472.0,-0.25415366888046265
4281874944.0,-0.24425369501113892
4282812416.0,-0.23275305330753326
4283749888.0,-0.21794071793556213
4284687616.0,-0.20294202864170074
4285625088.0,-0.1858750879764557
4286562560.0,-0.16699367761611938
4287500032.0,-0.1469484567642212
4288437504.0,-0.12513425946235657
4289374976.0,-0.10310159623622894
4290312448.0,-0.07942769676446915
4291249920.0,-0.056890539824962616
4292187392.0,-0.03213479369878769
4293125120.0,-0.007899944670498371
4294062592.0,0.015331405214965343
4295000064.0,0.03906726464629173
4295937536.0,0.06023852154612541
4296875008.0,0.08121974021196365
4297812480.0,0.1005936861038208
4298749952.0,0.11793264746665955
4299687424.0,0.1337544023990631
4300624896.0,0.1468922197818756
4301562368.0,0.15826226770877838
4302499840.0,0.16756071150302887
4303437312.0,0.17422789335250854
4304374784.0,0.1775977611541748
4305312256.0,0.17829564213752747
4306250240.0,0.17668741941452026
4307187712.0,0.17097900807857513
4308125184.0,0.16290335357189178
4309062656.0,0.15081126987934113
4310000128.0,0.13749843835830688
4310937600.0,0.12095236033201218
4311875072.0,0.10224824398756027
4312812544.0,0.07995494455099106
4313750016.0,0.05570419505238533
4314687488.0,0.0302667748183012
4315624960.0,0.0036871610209345818
4316562432.0,-0.026069164276123047
4317499904.0,-0.05560113862156868
4318437376.0,-0.08631611615419388
4319374848.0,-0.11614805459976196
4320312320.0,-0.14560863375663757
4321249792.0,-0.17572662234306335
4322187264.0,-0.2032046914100647
4323125248.0,-0.2300475686788559
4324062720.0,-0.25465691089630127
4325000192.0,-0.2781337797641754
4325937664.0,-0.29827409982681274
4326875136.0,-0.3388211131095886
4327812608.0,-0.3339213728904724
4328750080.0,-0.32900506258010864
4329687552.0,-0.3221113085746765
4330625024.0,-0.3140314817428589
4331562496.0,-0.3063145577907562
4332499968.0,-0.2990300953388214
4333437440.0,-0.2901478707790375
4334374912.0,-0.28162655234336853
4335312384.0,-0.27341777086257935
4336249856.0,-0.2666047215461731
4337187328.0,-0.2592718303203583
4338124800.0,-0.25299692153930664
4339062272.0,-0.24634753167629242
4339999744.0,-0.2414269745349884
4340937728.0,-0.2359675019979477
4341875200.0,-0.23026622831821442
4342812672.0,-0.22528716921806335
4343750144.0,-0.22077950835227966
4344687616.0,-0.21591424942016602
4345625088.0,-0.21087360382080078
4346562560.0,-0.20472267270088196
4347500032.0,-0.1982855498790741
4348437504.0,-0.19050049781799316
4349374976.0,-0.18199460208415985
4350312448.0,-0.17091207206249237
4351249920.0,-0.1594627946615219
4352187392.0,-0.1460450291633606
4353124864.0,-0.1320309191942215
4354062336.0,-0.1163848340511322
4354999808.0,-0.10029616206884384
4355937280.0,-0.08255037665367126
4356874752.0,-0.0654839277267456
4357812736.0,-0.048907212913036346
4358750208.0,-0.03461913764476776
4359687680.0,-0.021077381446957588
4360625152.0,-0.012462642043828964
4361562624.0,-0.007428397890180349
4362500096.0,-0.0032608904875814915
4363437568.0,-0.0011722687631845474
4364375040.0,0.0007111303275451064
4365312512.0,0.001875278539955616
4366249984.0,0.0022476166486740112
4367187456.0,0.0017818874912336469
4368124928.0,0.0004922771477140486
4369062400.0,-0.0008352532749995589
4369999872.0,-0.0025118039920926094
4370937344.0,-0.00529266893863678
4371874816.0,-0.008399669080972672
4372812288.0,-0.013036267831921577
4373749760.0,-0.018860768526792526
4374687744.0,-0.025576677173376083
4375625216.0,-0.033543188124895096
4376562688.0,-0.043235164135694504
4377500160.0,-0.05407102406024933
4378437632.0,-0.06807247549295425
4379375104.0,-0.08322042971849442
4380312576.0,-0.10013077408075333
4381250048.0,-0.11886414140462875
4382187520.0,-0.14009946584701538
4383124992.0,-0.16185958683490753
4384062464.0,-0.18471099436283112
4384999936.0,-0.20807261765003204
4385937408.0,-0.233089879155159
4386874880.0,-0.326889306306839
4387812352.0,-0.3434015214443207
4388749824.0,-0.3560929596424103
4389687296.0,-0.36796894669532776
4390624768.0,-0.37676963210105896
4391562752.0,-0.381433367729187
4392500224.0,-0.3843598961830139
4393437696.0,-0.38440969586372375
4394375168.0,-0.37972232699394226
4395312640.0,-0.3723071217536926
4396250112.0,-0.36252033710479736
4397187584.0,-0.34901031851768494
4398125056.0,-0.3319148123264313
4399062528.0,-0.31196334958076477
4400000000.0,-0.2897515296936035
4400937472.0,-0.2651466131210327
4401874944.0,-0.23815882205963135
4402812416.0,-0.20952732861042023
4403749888.0,-0.17887938022613525
4404687360.0,-0.14733365178108215
4405624832.0,-0.11548993736505508
4406562304.0,-0.08411499112844467
4407499776.0,-0.05181882157921791
4408437248.0,-0.021530231460928917
4409375232.0,0.008869695477187634
4410312704.0,0.03778762370347977
4411250176.0,0.06556124240159988
4412187648.0,0.0900898277759552
4413125120.0,0.11342885345220566
4414062592.0,0.13374148309230804
4415000064.0,0.15153685212135315
4415937536.0,0.16546081006526947
4416875008.0,0.17642180621623993
4417812480.0,0.18480949103832245
4418749952.0,0.18936699628829956
4419687424.0,0.1903201788663864
4420624896.0,0.1882217526435852
4421562368.0,0.18273614346981049
4422499840.0,0.17397481203079224
4423437312.0,0.1621357649564743
4424374784.0,0.14769062399864197
4425312256.0,0.12941902875900269
4426250240.0,0.10972036421298981
4427187712.0,0.08711784332990646
4428125184.0,0.06307399272918701
4429062656.0,0.03909838944673538
4430000128.0,0.0117768170312047
4430937600.0,-0.014381752349436283
4431875072.0,-0.041958559304475784
4432812544.0,-0.06802289187908173
4433750016.0,-0.09401872754096985
4434687488.0,-0.11935339123010635
4435624960.0,-0.14261311292648315
4436562432.0,-0.1648874431848526
4437499904.0,-0.1852920651435852
4438437376.0,-0.20457160472869873
4439374848.0,-0.2208949625492096
4440312320.0,-0.23454250395298004
4441249792.0,-0.24561011791229248
4442187264.0,-0.25552281737327576
4443125248.0,-0.2615630030632019
4444062720.0,-0.2645033895969391
4445000192.0,-0.26724931597709656
4445937664.0,-0.26750630140304565
4446875136.0,-0.21014584600925446
4447812608.0,-0.2144261598587036
4448750080.0,-0.21698828041553497
4449687552.0,-0.21731823682785034
4450625024.0,-0.2135128229856491
4451562496.0,-0.2076413929462433
4452499968.0,-0.1998692899942398
4453437440.0,-0.18981203436851501
4454374912.0,-0.17543548345565796
4455312384.0,-0.16008736193180084
4456249856.0,-0.14238877594470978
4457187328.0,-0.12258341163396835
4458124800.0,-0.10176021605730057
4459062272.0,-0.08022063225507736
4460000256.0,-0.05644809082150459
4460937728.0,-0.034179434180259705
4461875200.0,-0.01210679579526186
4462812672.0,0.010203307494521141
4463750144.0,0.030921587720513344
4464687616.0,0.050179217010736465
4465625088.0,0.06755281984806061
4466562560.0,0.08314689993858337
4467500032.0,0.09567580372095108
4468437504.0,0.10779403150081635
4469374976.0,0.11550727486610413
4470312448.0,0.1219322681427002
4471249920.0,0.12396641075611115
4472187392.0,0.12366708368062973
4473124864.0,0.11991012096405029
4474062336.0,0.113205187022686
4474999808.0,0.10399327427148819
4475937280.0,0.09222269803285599
4476874752.0,0.07688451558351517
4477812736.0,0.05994309112429619
4478750208.0,0.040288861840963364
4479687680.0,0.018784763291478157
4480625152.0,-0.004741297569125891
4481562624.0,-0.029486490413546562
4482500096.0,-0.05509074404835701
4483437568.0,-0.08213788270950317
4484375040.0,-0.11004888266324997
4485312512.0,-0.13934069871902466
4486249984.0,-0.16698068380355835
4487187456.0,-0.19482024013996124
4488124928.0,-0.22174210846424103
4489062400.0,-0.24761438369750977
4489999872.0,-0.27241051197052
4490937344.0,-0.29515305161476135
4491874816.0,-0.31640496850013733
4492812288.0,-0.3358519375324249
4493749760.0,-0.35201960802078247
4494687744.0,-0.3663165867328644
4495625216.0,-0.37755802273750305
4496562688.0,-0.38649553060531616
4497500160.0,-0.3947596251964569
4498437632.0,-0.4005691111087799
4499375104.0,-0.40407833456993103
4500312576.0,-0.4057369530200958
4501250048.0,-0.4070386588573456
4502187520.0,-0.40585729479789734
4503124992.0,-0.4027627110481262
4504062464.0,-0.40175777673721313
4504999936.0,-0.39881062507629395
4505937408.0,-0.393780916929245
4506874880.0,-0.27508726716041565
4507812352.0,-0.2728995978832245
4508749824.0,-0.27162623405456543
4509687296.0,-0.2701737582683563
4510624768.0,-0.27013787627220154
4511562752.0,-0.2713756263256073
4512500224.0,-0.2710360586643219
4513437696.0,-0.27278387546539307
4514375168.0,-0.27448543906211853
4515312640.0,-0.27822455763816833
4516250112.0,-0.2830289602279663
4517187584.0,-0.28799954056739807
4518125056.0,-0.29453495144844055
4519062528.0,-0.30110764503479004
4520000000.0,-0.3089362680912018
4520937472.0,-0.31663766503334045
4521874944.0,-0.324087530374527
4522812416.0,-0.33313247561454773
4523749888.0,-0.3427787721157074
4524687360.0,-0.3520318567752838
4525624832.0,-0.3607766926288605
4526562304.0,-0.3704601228237152
4527499776.0,-0.37882930040359497
4528437248.0,-0.3876327574253082
4529375232.0,-0.39596787095069885
4530312704.0,-0.40445858240127563
4531250176.0,-0.41106972098350525
4532187648.0,-0.41823989152908325
4533125120.0,-0.42461109161376953
4534062592.0,-0.43124154210090637
4535000064.0,-0.43645086884498596
4535937536.0,-0.44072118401527405
4536875008.0,-0.444660484790802
4537812480.0,-0.4474492371082306
4538749952.0,-0.4494723677635193
4539687424.0,-0.4518555998802185
4540624896.0,-0.4525974690914154
4541562368.0,-0.4537854790687561
4542499840.0,-0.4536510407924652
4543437312.0,-0.45466089248657227
4544374784.0,-0.4528651535511017
4545312256.0,-0.4519174098968506
4546250240.0,-0.4493425488471985
4547187712.0,-0.44792523980140686
4548125184.0,-0.44553637504577637
4549062656.0,-0.442643404006958
4550000128.0,-0.44046372175216675
4550937600.0,-0.4374798834323883
4551875072.0,-0.4356229901313782
4552812544.0,-0.4338909685611725
4553750016.0,-0.43058207631111145
4554687488.0,-0.42860403656959534
4555624960.0,-0.4253886640071869
4556562432.0,-0.4238556921482086
4557499904.0,-0.42200997471809387
4558437376.0,-0.4202084243297577
4559374848.0,-0.419074147939682
4560312320.0,-0.41805997490882874
4561249792.0,-0.41726478934288025
4562187264.0,-0.41509053111076355
4563125248.0,-0.4143364131450653
4564062720.0,-0.4129956364631653
4565000192.0,-0.41154730319976807
4565937664.0,-0.4096496105194092
4566875136.0,-0.3610805869102478
4567812608.0,-0.36759984493255615
4568750080.0,-0.37339481711387634
4569687552.0,-0.37684258818626404
4570625024.0,-0.37918969988822937
4571562496.0,-0.3783433735370636
4572499968.0,-0.3762574791908264
4573437440.0,-0.37145113945007324
4574374912.0,-0.36452504992485046
4575312384.0,-0.3556692898273468
4576249856.0,-0.34359484910964966
4577187328.0,-0.3313847482204437
4578124800.0,-0.31654679775238037
4579062272.0,-0.299868106842041
4579999744.0,-0.2805645763874054
4580937728.0,-0.261976957321167
4581875200.0,-0.24219684302806854
4582812672.0,-0.22023004293441772
4583750144.0,-0.19853898882865906
4584687616.0,-0.1764039397239685
4585625088.0,-0.15381962060928345
4586562560.0,-0.1304197907447815
4587500032.0,-0.1086987629532814
4588437504.0,-0.08709744364023209
4589374976.0,-0.0670267641544342
4590312448.0,-0.0478348471224308
4591249920.0,-0.030106401070952415
4592187392.0,-0.014164449647068977
4593124864.0,-0.0011347465915605426
4594062336.0,0.011501926928758621
4594999808.0,0.02071029506623745
4595937280.0,0.026815254241228104
4596874752.0,0.030382860451936722
4597812736.0,0.03052213415503502
4598750208.0,0.029189135879278183
4599687680.0,0.0251869298517704
4600625152.0,0.017297983169555664
4601562624.0,0.00784319918602705
4602500096.0,-0.003475333796814084
4603437568.0,-0.01777009852230549
4604375040.0,-0.03427722677588463
4605312512.0,-0.051872532814741135
4606249984.0,-0.07268670201301575
4607187456.0,-0.09457697719335556
4608124928.0,-0.1174008771777153
4609062400.0,-0.1398252695798874
4609999872.0,-0.1633511185646057
4610937344.0,-0.18645533919334412
4611874816.0,-0.20835629105567932
4612812288.0,-0.23103764653205872
4613749760.0,-0.2534642219543457
4614687744.0,-0.27423152327537537
4615625216.0,-0.29325199127197266
4616562688.0,-0.31224310398101807
4617500160.0,-0.32913416624069214
4618437632.0,-0.3460460305213928
4619375104.0,-0.36025843024253845
4620312576.0,-0.37387287616729736
4621250048.0,-0.3865680992603302
4622187520.0,-0.3972432017326355
4623124992.0,-0.4079018533229828
4624062464.0,-0.4171605110168457
4624999936.0,-0.42695045471191406
4625937408.0,-0.4352307915687561
4626874880.0,-0.45119303464889526
4627812352.0,-0.4469428062438965
4628749824.0,-0.43948861956596375
4629687296.0,-0.4326022267341614
4630624768.0,-0.4232395887374878
4631562752.0,-0.4144461154937744
4632500224.0,-0.40396571159362793
4633437696.0,-0.39340871572494507
4634375168.0,-0.38372862339019775
4635312640.0,-0.3743269443511963
4636250112.0,-0.3641486167907715
4637187584.0,-0.35526150465011597
4638125056.0,-0.34628453850746155
4639062528.0,-0.3378559350967407
4640000000.0,-0.3299144506454468
4640937472.0,-0.3229183256626129
4641874944.0,-0.3158017098903656
4642812416.0,-0.3099767565727234
4643749888.0,-0.305965781211853
4644687360.0,-0.3031071126461029
4645624832.0,-0.30078360438346863
4646562304.0,-0.29992416501045227
4647499776.0,-0.3010788857936859
4648437248.0,-0.303131103515625
4649375232.0,-0.30680784583091736
4650312704.0,-0.31020358204841614
4651250176.0,-0.31533631682395935
4652187648.0,-0.3195902705192566
4653125120.0,-0.32584166526794434
4654062592.0,-0.33296018838882446
4655000064.0,-0.34063997864723206
4655937536.0,-0.3486136496067047
4656875008.0,-0.3580114543437958
4657812480.0,-0.36829566955566406
4658749952.0,-0.3795371949672699
4659687424.0,-0.3911603093147278
4660624896.0,-0.40262776613235474
4661562368.0,-0.4150547385215759
4662499840.0,-0.42786934971809387
4663437312.0,-0.44017985463142395
4664374784.0,-0.45438873767852783
4665312256.0,-0.4667103886604309
4666250240.0,-0.4821517765522003
4667187712.0,-0.4948714077472687
4668125184.0,-0.5087971091270447
4669062656.0,-0.5233184695243835
4670000128.0,-0.5379489064216614
4670937600.0,-0.5534195899963379
4671875072.0,-0.5683466792106628
4672812544.0,-0.5820029377937317
4673750016.0,-0.5957387685775757
4674687488.0,-0.6095956563949585
4675624960.0,-0.6219776272773743
4676562432.0,-0.633640468120575
4677499904.0,-0.6465595364570618
4678437376.0,-0.657954752445221
4679374848.0,-0.6680655479431152
4680312320.0,-0.6760823130607605
4681249792.0,-0.6850680708885193
4682187264.0,-0.6914514303207397
4683125248.0,-0.6960087418556213
4684062720.0,-0.7001357674598694
4685000192.0,-0.7008306384086609
4685937664.0,-0.7008711099624634
4686875136.0,-0.677074134349823
4687812608.0,-0.6763501167297363
4688750080.0,-0.6731501817703247
4689687552.0,-0.6662513017654419
4690625024.0,-0.6582769155502319
4691562496.0,-0.6480623483657837
4692499968.0,-0.6342988014221191
4693437440.0,-0.6171329617500305
4694374912.0,-0.5991592407226562
4695312384.0,-0.5791113972663879
4696249856.0,-0.5576912760734558
4697187328.0,-0.5349853038787842
4698124800.0,-0.5123135447502136
4699062272.0,-0.48886460065841675
4700000256.0,-0.4655156135559082
4700937728.0,-0.4433930218219757
4701875200.0,-0.42345118522644043
4702812672.0,-0.4037074148654938
4703750144.0,-0.38667622208595276
4704687616.0,-0.37107905745506287
4705625088.0,-0.36020779609680176
4706562560.0,-0.3502267599105835
4707500032.0,-0.345010906457901
4708437504.0,-0.3431430160999298
4709374976.0,-0.345529168844223
4710312448.0,-0.3535083532333374
4711249920.0,-0.36465340852737427
4712187392.0,-0.3809855282306671
4713124864.0,-0.40335720777511597
4714062336.0,-0.4298560321331024
4714999808.0,-0.46173393726348877
4715937280.0,-0.49671265482902527
4716874752.0,-0.536266028881073
4717812736.0,-0.5791782140731812
4718750208.0,-0.6247435212135315
4719687680.0,-0.6721480488777161
4720625152.0,-0.7207093834877014
4721562624.0,-0.769743800163269
4722500096.0,-0.8183045387268066
4723437568.0,-0.8673787713050842
4724375040.0,-0.913176953792572
4725312512.0,-0.9567657709121704
4726249984.0,-0.9977779388427734
4727187456.0,-1.0330796241760254
4728124928.0,-1.0644763708114624
4729062400.0,-1.092965841293335
4729999872.0,-1.116481900215149
4730937344.0,-1.1349622011184692
4731874816.0,-1.150276780128479
4732812288.0,-1.1613397598266602
4733749760.0,-1.1694706678390503
4734687744.0,-1.1734683513641357
4735625216.0,-1.1736185550689697
4736562688.0,-1.1706501245498657
4737500160.0,-1.1649539470672607
4738437632.0,-1.1571049690246582
4739375104.0,-1.1466028690338135
4740312576.0,-1.136722207069397
4741250048.0,-1.1239755153656006
4742187520.0,-1.1116056442260742
4743124992.0,-1.0981476306915283
4744062464.0,-1.0849934816360474
4744999936.0,-1.070677399635315
4745937408.0,-1.0557564496994019
4746874880.0,-0.8036106824874878
4747812352.0,-0.8110232949256897
4748749824.0,-0.8167579770088196
4749687296.0,-0.8232546448707581
4750624768.0,-0.8292492628097534
4751562752.0,-0.8354792594909668
4752500224.0,-0.8410993218421936
4753437696.0,-0.8469304442405701
4754375168.0,-0.8511109948158264
4755312640.0,-0.8546550273895264
4756250112.0,-0.8573561310768127
4757187584.0,-0.8602222800254822
4758125056.0,-0.8609110116958618
4759062528.0,-0.8611947298049927
4760000000.0,-0.8609344363212585
4760937472.0,-0.8596827387809753
4761874944.0,-0.8577396869659424
4762812416.0,-0.8561829924583435
4763749888.0,-0.8528428077697754
4764687360.0,-0.84950852394104
4765624832.0,-0.8447536826133728
4766562304.0,-0.8393226265907288
4767499776.0,-0.8341407775878906
4768437248.0,-0.8288729190826416
4769375232.0,-0.8220677375793457
4770312704.0,-0.8172128796577454
4771250176.0,-0.8113448023796082
4772187648.0,-0.8071917295455933
4773125120.0,-0.8019930720329285
4774062592.0,-0.7990583777427673
4775000064.0,-0.795505940914154
4775937536.0,-0.7945410013198853
4776875008.0,-0.7943848371505737
4777812480.0,-0.795494019985199
4778749952.0,-0.7991697788238525
4779687424.0,-0.804547905921936
4780624896.0,-0.81103515625
4781562368.0,-0.8196424841880798
4782499840.0,-0.8302745819091797
4783437312.0,-0.8426564335823059
4784374784.0,-0.8578611016273499
4785312256.0,-0.8754875063896179
4786250240.0,-0.8942331075668335
4787187712.0,-0.914110541343689
4788125184.0,-0.9358525276184082
4789062656.0,-0.9591668248176575
4790000128.0,-0.9841011166572571
4790937600.0,-1.0089187622070312
4791875072.0,-1.0349555015563965
4792812544.0,-1.060808539390564
4793750016.0,-1.0888731479644775
4794687488.0,-1.1169054508209229
4795624960.0,-1.1443567276000977
4796562432.0,-1.173322319984436
4797499904.0,-1.2014517784118652
4798437376.0,-1.2267632484436035
4799374848.0,-1.2516965866088867
4800312320.0,-1.2747212648391724
4801249792.0,-1.2948541641235352
4802187264.0,-1.3137304782867432
4803125248.0,-1.33107328414917
4804062720.0,-1.3448017835617065
4805000192.0,-1.357748031616211
4805937664.0,-1.367932915687561
4806875136.0,-1.2258379459381104
4807812608.0,-1.2307692766189575
4808750080.0,-1.2343908548355103
4809687552.0,-1.2361253499984741
4810625024.0,-1.2374870777130127
4811562496.0,-1.2362765073776245
4812499968.0,-1.2353880405426025
4813437440.0,-1.231541633605957
4814374912.0,-1.2279037237167358
4815312384.0,-1.2225748300552368
4816249856.0,-1.2177966833114624
4817187328.0,-1.2114653587341309
4818124800.0,-1.2052583694458008
4819062272.0,-1.1986085176467896
4819999744.0,-1.1932295560836792
4820937728.0,-1.1876033544540405
4821875200.0,-1.1827484369277954
4822812672.0,-1.1781080961227417
4823750144.0,-1.1751699447631836
4824687616.0,-1.1720483303070068
4825625088.0,-1.170470118522644
4826562560.0,-1.1706212759017944
4827500032.0,-1.1721404790878296
4828437504.0,-1.1769683361053467
4829374976.0,-1.1840746402740479
4830312448.0,-1.1928905248641968
4831249920.0,-1.2033305168151855
4832187392.0,-1.2167307138442993
4833124864.0,-1.2314014434814453
4834062336.0,-1.248404622077942
4834999808.0,-1.2665878534317017
4835937280.0,-1.2867792844772339
4836874752.0,-1.306109070777893
4837812736.0,-1.326981544494629
4838750208.0,-1.3486015796661377
4839687680.0,-1.370755910873413
4840625152.0,-1.393576979637146
4841562624.0,-1.4156628847122192
4842500096.0,-1.4346885681152344
4843437568.0,-1.4563599824905396
4844375040.0,-1.4765048027038574
4845312512.0,-1.495398998260498
4846249984.0,-1.5143712759017944
4847187456.0,-1.5317864418029785
4848124928.0,-1.5490128993988037
4849062400.0,-1.564043402671814
4849999872.0,-1.5773425102233887
4850937344.0,-1.590044379234314
4851874816.0,-1.6000216007232666
4852812288.0,-1.6090346574783325
4853749760.0,-1.6162744760513306
4854687744.0,-1.6225800514221191
4855625216.0,-1.6278953552246094
4856562688.0,-1.6330318450927734
4857500160.0,-1.63666570186615
4858437632.0,-1.640462040901184
4859375104.0,-1.6435514688491821
4860312576.0,-1.64797842502594
4861250048.0,-1.6502041816711426
4862187520.0,-1.6543009281158447
4863124992.0,-1.6586241722106934
4864062464.0,-1.6619611978530884
4864999936.0,-1.6658823490142822
4865937408.0,-1.6718920469284058
4866874880.0,-1.6558679342269897
4867812352.0,-1.6605275869369507
4868749824.0,-1.6665706634521484
4869687296.0,-1.6719143390655518
4870624768.0,-1.6781452894210815
4871562752.0,-1.6852113008499146
4872500224.0,-1.6914865970611572
4873437696.0,-1.6982704401016235
4874375168.0,-1.7052061557769775
4875312640.0,-1.7134983539581299
4876250112.0,-1.7232348918914795
4877187584.0,-1.7336528301239014
4878125056.0,-1.7453625202178955
4879062528.0,-1.7575297355651855
4880000000.0,-1.7690619230270386
4880937472.0,-1.7818467617034912
4881874944.0,-1.7939823865890503
4882812416.0,-1.8065625429153442
4883749888.0,-1.8192628622055054
4884687360.0,-1.8318898677825928
4885624832.0,-1.8450599908828735
4886562304.0,-1.8569097518920898
4887499776.0,-1.8673748970031738
4888437248.0,-1.8778080940246582
4889375232.0,-1.8846474885940552
4890312704.0,-1.8906843662261963
4891250176.0,-1.8942621946334839
4892187648.0,-1.8944931030273438
4893125120.0,-1.8920964002609253
4894062592.0,-1.8876254558563232
4895000064.0,-1.8793531656265259
4895937536.0,-1.8703210353851318
4896875008.0,-1.8568311929702759
4897812480.0,-1.8420430421829224
4898749952.0,-1.824661374092102
4899687424.0,-1.8066710233688354
4900624896.0,-1.7854335308074951
4901562368.0,-1.7621426582336426
4902499840.0,-1.7385343313217163
4903437312.0,-1.7126625776290894
4904374784.0,-1.6869864463806152
4905312256.0,-1.6607781648635864
4906250240.0,-1.6343268156051636
4907187712.0,-1.6091703176498413
4908125184.0,-1.583023190498352
4909062656.0,-1.5577629804611206
4910000128.0,-1.5334056615829468
4910937600.0,-1.51055109500885
4911875072.0,-1.4890658855438232
4912812544.0,-1.4712978601455688
4913750016.0,-1.4524989128112793
4914687488.0,-1.437754511833191
4915624960.0,-1.4252488613128662
4916562432.0,-1.414675235748291
4917499904.0,-1.4076807498931885
4918437376.0,-1.4012622833251953
4919374848.0,-1.3977112770080566
4920312320.0,-1.3958121538162231
4921249792.0,-1.3961597681045532
4922187264.0,-1.3503108024597168
4923125248.0,-1.3383142948150635
4924062720.0,-1.3275691270828247
4925000192.0,-1.3184869289398193
4925937664.0,-1.418666958808899
4926875136.0,-1.4254150390625
4927812608.0,-1.431583046913147
4928750080.0,-1.4358004331588745
4929687552.0,-1.4390064477920532
4930625024.0,-1.442205786705017
4931562496.0,-1.4420973062515259
4932499968.0,-1.4408854246139526
4933437440.0,-1.4375094175338745
4934374912.0,-1.4313013553619385
4935312384.0,-1.4230111837387085
4936249856.0,-1.4125455617904663
4937187328.0,-1.3992950916290283
4938124800.0,-1.3828753232955933
4939062272.0,-1.3661305904388428
4940000256.0,-1.3469083309173584
4940937728.0,-1.3262763023376465
4941875200.0,-1.3039437532424927
4942812672.0,-1.2814645767211914
4943750144.0,-1.2577871084213257
4944687616.0,-1.2338982820510864
4945625088.0,-1.2105329036712646
4946562560.0,-1.1886786222457886
4947500032.0,-1.1666985750198364
4948437504.0,-1.1469579935073853
4949374976.0,-1.1279652118682861
4950312448.0,-1.110758662223816
4951249920.0,-1.0960110425949097
4952187392.0,-1.082921028137207
4953124864.0,-1.073007345199585
4954062336.0,-1.0647552013397217
4954999808.0,-1.0588277578353882
4955937280.0,-1.0517421960830688
4956874752.0,-1.0486394166946411
4957812736.0,-1.0454143285751343
4958750208.0,-1.043828010559082
4959687680.0,-1.0411134958267212
4960625152.0,-1.040501356124878
4961562624.0,-1.038926124572754
4962500096.0,-1.0359803438186646
4963437568.0,-1.0314584970474243
4964375040.0,-1.0261569023132324
4965312512.0,-1.0203759670257568
4966249984.0,-1.014316201210022
4967187456.0,-1.006037950515747
4968124928.0,-0.9989265203475952
4969062400.0,-0.9902064204216003
4969999872.0,-0.981304943561554
4970937344.0,-0.971503734588623
4971874816.0,-0.9611029028892517
4972812288.0,-0.9511887431144714
4973749760.0,-0.9410463571548462
4974687744.0,-0.9316672086715698
4975625216.0,-0.9238025546073914
4976562688.0,-0.9168452024459839
4977500160.0,-0.9086124897003174
4978437632.0,-0.9002801179885864
4979375104.0,-0.8939402103424072
4980312576.0,-0.8863922357559204
4981250048.0,-0.8787776231765747
4982187520.0,-0.8698309659957886
4983124992.0,-0.8603780269622803
4984062464.0,-0.851128339767456
4984999936.0,-0.8411092162132263
4985937408.0,-0.8162735104560852
4986874880.0,-0.8062282800674438
4987812352.0,-0.7980038523674011
4988749824.0,-0.7908021211624146
4989687296.0,-0.7840006947517395
4990624768.0,-0.7786824703216553
4991562752.0,-0.7742491364479065
4992500224.0,-0.7712794542312622
4993437696.0,-0.7697024941444397
4994375168.0,-0.7696998119354248
4995312640.0,-0.7699391841888428
4996250112.0,-0.7738808393478394
4997187584.0,-0.7773558497428894
4998125056.0,-0.7828809022903442
4999062528.0,-0.7878293395042419
5000000000.0,-0.7942753434181213
5000937472.0,-0.8015500903129578
5001874944.0,-0.8091351389884949
5002812416.0,-0.8178325295448303
5003749888.0,-0.8257309794425964
5004687360.0,-0.8335237503051758
5005624832.0,-0.8409724831581116
5006562304.0,-0.8472506403923035
5007499776.0,-0.8524596691131592
5008437248.0,-0.8562380075454712
5009375232.0,-0.8587979078292847
5010312704.0,-0.8584533333778381
5011250176.0,-0.8544504046440125
5012187648.0,-0.849250078201294
5013125120.0,-0.8415376543998718
5014062592.0,-0.83054119348526
5015000064.0,-0.8171032071113586
5015937536.0,-0.8006186485290527
5016875008.0,-0.7830533385276794
5017812480.0,-0.7616882920265198
5018749952.0,-0.7383548021316528
5019687424.0,-0.7133100628852844
5020624896.0,-0.6854111552238464
5021562368.0,-0.6563991904258728
5022499840.0,-0.6260930299758911
5023437312.0,-0.595824122428894
5024374784.0,-0.5637338161468506
5025312256.0,-0.5317209959030151
5026250240.0,-0.5012367963790894
5027187712.0,-0.46975114941596985
5028125184.0,-0.4395635724067688
5029062656.0,-0.4119320511817932
5030000128.0,-0.38461899757385254
5030937600.0,-0.3588602840900421
5031875072.0,-0.33589184284210205
5032812544.0,-0.3148667514324188
5033750016.0,-0.29641595482826233
5034687488.0,-0.28120970726013184
5035624960.0,-0.2678562104701996
5036562432.0,-0.2580634653568268
5037499904.0,-0.2513408362865448
5038437376.0,-0.2485736906528473
5039374848.0,-0.24898898601531982
5040312320.0,-0.25241976976394653
5041249792.0,-0.2589300572872162
5042187264.0,-0.2678356468677521
5043125248.0,-0.2813185453414917
5044062720.0,-0.29575684666633606
5045000192.0,-0.31284794211387634
5045937664.0,-0.5835061073303223
5046875136.0,-0.5926515460014343
5047812608.0,-0.6026135683059692
5048750080.0,-0.6121963858604431
5049687552.0,-0.6217625737190247
5050625024.0,-0.6315644383430481
5051562496.0,-0.6409784555435181
5052499968.0,-0.6503816843032837
5053437440.0,-0.6585758328437805
5054374912.0,-0.6680445671081543
5055312384.0,-0.6760115623474121
5056249856.0,-0.6836802363395691
5057187328.0,-0.690741240978241
5058124800.0,-0.6958677768707275
5059062272.0,-0.7002913355827332
5059999744.0,-0.7042111158370972
5060937728.0,-0.7054926156997681
5061875200.0,-0.7062936425209045
5062812672.0,-0.7060738801956177
5063750144.0,-0.7030913233757019
5064687616.0,-0.6994684934616089
5065625088.0,-0.6931972503662109
5066562560.0,-0.6850414276123047
5067500032.0,-0.6761271357536316
5068437504.0,-0.6650881767272949
5069374976.0,-0.6504504084587097
5070312448.0,-0.6344232559204102
5071249920.0,-0.6163600087165833
5072187392.0,-0.5980587005615234
5073124864.0,-0.5757536292076111
5074062336.0,-0.5530237555503845
5074999808.0,-0.5289081931114197
5075937280.0,-0.5053601861000061
5076874752.0,-0.4798769950866699
5077812736.0,-0.45512667298316956
5078750208.0,-0.4296911358833313
5079687680.0,-0.4054122269153595
5080625152.0,-0.3813185691833496
5081562624.0,-0.35750725865364075
5082500096.0,-0.3338785469532013
5083437568.0,-0.3117944598197937
5084375040.0,-0.2907625436782837
5085312512.0,-0.2709399461746216
5086249984.0,-0.2536553144454956
5087187456.0,-0.23860128223896027
5088124928.0,-0.225755512714386
5089062400.0,-0.21459873020648956
5089999872.0,-0.20709998905658722
5090937344.0,-0.2013482302427292
5091874816.0,-0.19805747270584106
5092812288.0,-0.1979697197675705
5093749760.0,-0.20008771121501923
5094687744.0,-0.20419587194919586
5095625216.0,-0.2114514708518982
5096562688.0,-0.22047416865825653
5097500160.0,-0.23296572268009186
5098437632.0,-0.24770593643188477
5099375104.0,-0.2647768259048462
5100312576.0,-0.2838391065597534
5101250048.0,-0.30425333976745605
5102187520.0,-0.32686612010002136
5103124992.0,-0.3509863317012787
5104062464.0,-0.37538325786590576
5104999936.0,-0.3998859226703644
5105937408.0,-0.4978122413158417
5106874880.0,-0.515662431716919
5107812352.0,-0.5327561497688293
5108749824.0,-0.5485544800758362
5109687296.0,-0.5611622333526611
5110624768.0,-0.5734130144119263
5111562752.0,-0.5827553868293762
5112500224.0,-0.5910243988037109
5113437696.0,-0.5961102247238159
5114375168.0,-0.5997830033302307
5115312640.0,-0.6024694442749023
5116250112.0,-0.6023673415184021
5117187584.0,-0.6004858016967773
5118125056.0,-0.5961621999740601
5119062528.0,-0.5924296379089355
5120000000.0,-0.5867411494255066
5120937472.0,-0.5809746384620667
5121874944.0,-0.5751191973686218
5122812416.0,-0.5679964423179626
5123749888.0,-0.5613340735435486
5124687360.0,-0.5550644993782043
5125624832.0,-0.5479364991188049
5126562304.0,-0.5411251783370972
5127499776.0,-0.5324838757514954
5128437248.0,-0.5245121121406555
5129375232.0,-0.5147531032562256
5130312704.0,-0.5047242045402527
5131250176.0,-0.4941842555999756
5132187648.0,-0.4822824001312256
5133125120.0,-0.4680757522583008
5134062592.0,-0.45349276065826416
5135000064.0,-0.43585482239723206
5135937536.0,-0.4194679856300354
5136875008.0,-0.4008808732032776
5137812480.0,-0.3820761740207672
5138749952.0,-0.36304014921188354
5139687424.0,-0.3426903784275055
5140624896.0,-0.3251151740550995
5141562368.0,-0.3078000247478485
5142499840.0,-0.2931095361709595
5143437312.0,-0.2818090617656708
5144374784.0,-0.2736230492591858
5145312256.0,-0.2719345688819885
5146250240.0,-0.2762145400047302
5147187712.0,-0.28614261746406555
5148125184.0,-0.2995845675468445
5149062656.0,-0.31696638464927673
5150000128.0,-0.3366122245788574
5150937600.0,-0.3567162752151489
5151875072.0,-0.3763497471809387
5152812544.0,-0.39696964621543884
5153750016.0,-0.4159300625324249
5154687488.0,-0.4346545338630676
5155624960.0,-0.4519086182117462
5156562432.0,-0.4681040644645691
5157499904.0,-0.4815477430820465
5158437376.0,-0.49517136812210083
5159374848.0,-0.5060529112815857
5160312320.0,-0.515683114528656
5161249792.0,-0.5236280560493469
5162187264.0,-0.5312497019767761
5163125248.0,-0.5399694442749023
5164062720.0,-0.5482860803604126
5165000192.0,-0.5557222366333008
5165937664.0,-0.5613426566123962
5166875136.0,-0.5745847225189209
5167812608.0,-0.5903917551040649
5168750080.0,-0.6075253486633301
5169687552.0,-0.6228002309799194
5170625024.0,-0.6395153999328613
5171562496.0,-0.656952440738678
5172499968.0,-0.6738616228103638
5173437440.0,-0.6898679733276367
5174374912.0,-0.7054698467254639
5175312384.0,-0.7198581695556641
5176249856.0,-0.7332524657249451
5177187328.0,-0.7454156279563904
5178124800.0,-0.7534471154212952
5179062272.0,-0.7602511048316956
5180000256.0,-0.765842854976654
5180937728.0,-0.7674216032028198
5181875200.0,-0.7665314078330994
5182812672.0,-0.7637081146240234
5183750144.0,-0.7570143938064575
5184687616.0,-0.7479183673858643
5185625088.0,-0.7355553507804871
5186562560.0,-0.7200132608413696
5187500032.0,-0.7028371691703796
5188437504.0,-0.6837522983551025
5189374976.0,-0.6633247137069702
5190312448.0,-0.642422080039978
5191249920.0,-0.6193139553070068
5192187392.0,-0.594890296459198
5193124864.0,-0.5713057518005371
5194062336.0,-0.546873152256012
5194999808.0,-0.5221247673034668
5195937280.0,-0.49984923005104065
5196874752.0,-0.4785211980342865
5197812736.0,-0.45679184794425964
5198750208.0,-0.437987744808197
5199687680.0,-0.42022866010665894
5200625152.0,-0.40471556782722473
5201562624.0,-0.39105331897735596
5202500096.0,-0.3787503242492676
5203437568.0,-0.36963099241256714
5204375040.0,-0.3640354871749878
5205312512.0,-0.3606076240539551
5206249984.0,-0.3601827621459961
5207187456.0,-0.3626498878002167
5208124928.0,-0.3674069941043854
5209062400.0,-0.3753742277622223
5209999872.0,-0.3851023018360138
5210937344.0,-0.39928120374679565
5211874816.0,-0.4157411456108093
5212812288.0,-0.43419623374938965
5213749760.0,-0.454384982585907
5214687744.0,-0.4777391254901886
5215625216.0,-0.5022588968276978
5216562688.0,-0.5272504091262817
5217500160.0,-0.5524720549583435
5218437632.0,-0.579984188079834
5219375104.0,-0.6066523790359497
5220312576.0,-0.6350182890892029
5221250048.0,-0.6624057292938232
5222187520.0,-0.6908363699913025
5223124992.0,-0.7181833386421204
5224062464.0,-0.7471399903297424
5224999936.0,-0.7731249332427979
5225937408.0,-0.8250578045845032
5226874880.0,-0.8513319492340088
5227812352.0,-0.8749396204948425
5228749824.0,-0.8969888091087341
5229687296.0,-0.9158338904380798
5230624768.0,-0.9333575367927551
5231562752.0,-0.9474294185638428
5232500224.0,-0.958681583404541
5233437696.0,-0.968390166759491
5234375168.0,-0.9757021069526672
5235312640.0,-0.9803606867790222
5236250112.0,-0.9824376106262207
5237187584.0,-0.9825928807258606
5238125056.0,-0.9803838133811951
5239062528.0,-0.9762229919433594
5240000000.0,-0.9691400527954102
5240937472.0,-0.9601765275001526
5241874944.0,-0.9510666131973267
5242812416.0,-0.9399338364601135
5243749888.0,-0.9270109534263611
5244687360.0,-0.9128786325454712
5245624832.0,-0.8989048004150391
5246562304.0,-0.8830945491790771
5247499776.0,-0.8679015636444092
5248437248.0,-0.8521665930747986
5249375232.0,-0.8364830613136292
5250312704.0,-0.821467936038971
5251250176.0,-0.8055254817008972
5252187648.0,-0.7909417748451233
5253125120.0,-0.775189220905304
5254062592.0,-0.7609593272209167
5255000064.0,-0.7486289739608765
5255937536.0,-0.7386407256126404
5256875008.0,-0.7301401495933533
5257812480.0,-0.724246084690094
5258749952.0,-0.717798113822937
5259687424.0,-0.7139157056808472
5260624896.0,-0.7119472026824951
5261562368.0,-0.7112041711807251
5262499840.0,-0.7124791145324707
5263437312.0,-0.715539813041687
5264374784.0,-0.7214428186416626
5265312256.0,-0.7282989621162415
5266250240.0,-0.7377927303314209
5267187712.0,-0.7507696747779846
5268125184.0,-0.7647013664245605
5269062656.0,-0.782173216342926
5270000128.0,-0.799945056438446
5270937600.0,-0.8205807209014893
5271875072.0,-0.8441234230995178
5272812544.0,-0.8708982467651367
5273750016.0,-0.8998121619224548
5274687488.0,-0.9306885600090027
5275624960.0,-0.9632362723350525
5276562432.0,-0.9984039664268494
5277499904.0,-1.0335572957992554
5278437376.0,-1.0709049701690674
5279374848.0,-1.10787034034729
5280312320.0,-1.1467446088790894
5281249792.0,-1.184700846672058
5282187264.0,-1.2251031398773193
5283125248.0,-1.2670363187789917
5284062720.0,-1.3098253011703491
5285000192.0,-1.3507899045944214
5285937664.0,-1.3839513063430786
5286875136.0,-1.4190176725387573
5287812608.0,-1.4518020153045654
5288750080.0,-1.483830213546753
5289687552.0,-1.5117814540863037
5290625024.0,-1.5372238159179688
5291562496.0,-1.560236930847168
5292499968.0,-1.581074833869934
5293437440.0,-1.5976816415786743
5294374912.0,-1.6121684312820435
5295312384.0,-1.6221954822540283
5296249856.0,-1.6292258501052856
5297187328.0,-1.6343168020248413
5298124800.0,-1.6363816261291504
5299062272.0,-1.6364670991897583
5299999744.0,-1.6319154500961304
5300937728.0,-1.6259132623672485
5301875200.0,-1.6181309223175049
5302812672.0,-1.606740117073059
5303750144.0,-1.5946335792541504
5304687616.0,-1.5807760953903198
5305625088.0,-1.5657992362976074
5306562560.0,-1.5506130456924438
5307500032.0,-1.5347559452056885
5308437504.0,-1.517215609550476
5309374976.0,-1.5015252828598022
5310312448.0,-1.485483169555664
5311249920.0,-1.4696049690246582
5312187392.0,-1.4549307823181152
5313124864.0,-1.4410152435302734
5314062336.0,-1.42864990234375
5314999808.0,-1.4190315008163452
5315937280.0,-1.4112094640731812
5316874752.0,-1.4049216508865356
5317812736.0,-1.4005168676376343
5318750208.0,-1.3996851444244385
5319687680.0,-1.4003970623016357
5320625152.0,-1.404679536819458
5321562624.0,-1.411676287651062
5322500096.0,-1.4216022491455078
5323437568.0,-1.433255910873413
5324375040.0,-1.4479247331619263
5325312512.0,-1.4657033681869507
5326249984.0,-1.4862507581710815
5327187456.0,-1.5098017454147339
5328124928.0,-1.5368491411209106
5329062400.0,-1.565320611000061
5329999872.0,-1.598685383796692
5330937344.0,-1.6361480951309204
5331874816.0,-1.6735131740570068
5332812288.0,-1.7423757314682007
5333749760.0,-1.791116714477539
5334687744.0,-1.842177391052246
5335625216.0,-1.8937242031097412
5336562688.0,-1.9483959674835205
5337500160.0,-2.002126932144165
5338437632.0,-2.0586018562316895
5339375104.0,-2.1151907444000244
5340312576.0,-2.1722192764282227
5341250048.0,-2.2288031578063965
5342187520.0,-2.2860801219940186
5343124992.0,-2.342198371887207
5344062464.0,-2.3980634212493896
5344999936.0,-2.4515650272369385
5345937408.0,-2.4018547534942627
5346874880.0,-2.4349963665008545
5347812352.0,-2.4660329818725586
5348749824.0,-2.4942591190338135
5349687296.0,-2.520153760910034
5350624768.0,-2.5419600009918213
5351562752.0,-2.559675455093384
5352500224.0,-2.5748488903045654
5353437696.0,-2.58463978767395
5354375168.0,-2.5918128490448
5355312640.0,-2.5956125259399414
5356250112.0,-2.5945305824279785
5357187584.0,-2.590026617050171
5358125056.0,-2.580822467803955
5359062528.0,-2.5686635971069336
5360000000.0,-2.553844928741455
5360937472.0,-2.536090135574341
5361874944.0,-2.516822338104248
5362812416.0,-2.495842218399048
5363749888.0,-2.4729347229003906
5364687360.0,-2.4484095573425293
5365624832.0,-2.423015832901001
5366562304.0,-2.397545099258423
5367499776.0,-2.3705227375030518
5368437248.0,-2.345024347305298
5369375232.0,-2.318284511566162
5370312704.0,-2.291764259338379
5371250176.0,-2.2653708457946777
5372187648.0,-2.240933895111084
5373125120.0,-2.2171032428741455
5374062592.0,-2.1934995651245117
5375000064.0,-2.1720120906829834
5375937536.0,-2.15220046043396
5376875008.0,-2.1329543590545654
5377812480.0,-2.1142046451568604
5378749952.0,-2.099351406097412
5379687424.0,-2.0836374759674072
5380624896.0,-2.0696725845336914
5381562368.0,-2.054957389831543
5382499840.0,-2.0422439575195312
5383437312.0,-2.0308165550231934
5384374784.0,-2.0198214054107666
5385312256.0,-2.0118677616119385
5386250240.0,-2.0042827129364014
5387187712.0,-1.9990936517715454
5388125184.0,-1.9969167709350586
5389062656.0,-1.995814323425293
5390000128.0,-1.9962737560272217
5390937600.0,-1.9970399141311646
5391875072.0,-1.9991507530212402
5392812544.0,-2.0003063678741455
5393750016.0,-2.004035234451294
5394687488.0,-2.006084680557251
5395624960.0,-2.010115146636963
5396562432.0,-2.01487398147583
5397499904.0,-2.020815134048462
5398437376.0,-2.0273921489715576
5399374848.0,-2.0334463119506836
5400312320.0,-2.038516044616699
5401249792.0,-2.043454647064209
5402187264.0,-2.0474164485931396
5403125248.0,-2.0505738258361816
5404062720.0,-2.052642583847046
5405000192.0,-2.053401470184326
5405937664.0,-2.1966893672943115
5406875136.0,-2.195483446121216
5407812608.0,-2.191506862640381
5408750080.0,-2.1842503547668457
5409687552.0,-2.1746726036071777
5410625024.0,-2.1621129512786865
5411562496.0,-2.1469531059265137
5412499968.0,-2.128774642944336
5413437440.0,-2.107294797897339
5414374912.0,-2.0844783782958984
5415312384.0,-2.059433937072754
5416249856.0,-2.031888723373413
5417187328.0,-2.0025246143341064
5418124800.0,-1.971838355064392
5419062272.0,-1.9403215646743774
5420000256.0,-1.9081432819366455
5420937728.0,-1.8745272159576416
5421875200.0,-1.8416200876235962
5422812672.0,-1.8096650838851929
5423750144.0,-1.7772159576416016
5424687616.0,-1.7432438135147095
5425625088.0,-1.7116458415985107
5426562560.0,-1.6795620918273926
5427500032.0,-1.6487606763839722
5428437504.0,-1.6196380853652954
5429374976.0,-1.590386986732483
5430312448.0,-1.5631103515625
5431249920.0,-1.535300850868225
5432187392.0,-1.5101165771484375
5433124864.0,-1.4869190454483032
5434062336.0,-1.4636157751083374
5434999808.0,-1.4409682750701904
5435937280.0,-1.4192272424697876
5436874752.0,-1.4000788927078247
5437812736.0,-1.3810462951660156
5438750208.0,-1.3630324602127075
5439687680.0,-1.3474137783050537
5440625152.0,-1.3330272436141968
5441562624.0,-1.3207552433013916
5442500096.0,-1.3090983629226685
5443437568.0,-1.2992477416992188
5444375040.0,-1.290572166442871
5445312512.0,-1.2835973501205444
5446249984.0,-1.278134822845459
5447187456.0,-1.275735855102539
5448124928.0,-1.2736105918884277
5449062400.0,-1.2755852937698364
5449999872.0,-1.2784912586212158
5450937344.0,-1.2814552783966064
5451874816.0,-1.287774682044983
5452812288.0,-1.2942495346069336
5453749760.0,-1.301335096359253
5454687744.0,-1.3103183507919312
5455625216.0,-1.319046974182129
5456562688.0,-1.3285189867019653
5457500160.0,-1.3397554159164429
5458437632.0,-1.3508280515670776
5459375104.0,-1.3609883785247803
5460312576.0,-1.3714396953582764
5461250048.0,-1.3826991319656372
5462187520.0,-1.3929495811462402
5463124992.0,-1.4004300832748413
5464062464.0,-1.4082505702972412
5464999936.0,-1.4140440225601196
5465937408.0,-1.4240391254425049
5466874880.0,-1.4242106676101685
5467812352.0,-1.4228795766830444
5468749824.0,-1.4194191694259644
5469687296.0,-1.41452157497406
5470624768.0,-1.4062145948410034
5471562752.0,-1.396283745765686
5472500224.0,-1.3844408988952637
5473437696.0,-1.3710699081420898
5474375168.0,-1.3552464246749878
5475312640.0,-1.3368037939071655
5476250112.0,-1.3179324865341187
5477187584.0,-1.296427607536316
5478125056.0,-1.2729578018188477
5479062528.0,-1.2482300996780396
5480000000.0,-1.2237879037857056
5480937472.0,-1.1966859102249146
5481874944.0,-1.169329285621643
5482812416.0,-1.1414848566055298
5483749888.0,-1.1129542589187622
5484687360.0,-1.086014747619629
5485624832.0,-1.057745337486267
5486562304.0,-1.0308115482330322
5487499776.0,-1.0037271976470947
5488437248.0,-0.9782365560531616
5489375232.0,-0.9509667158126831
5490312704.0,-0.9274380207061768
5491250176.0,-0.9034233093261719
5492187648.0,-0.8801904916763306
5493125120.0,-0.8577883243560791
5494062592.0,-0.836986243724823
5495000064.0,-0.8175106644630432
5495937536.0,-0.8006948828697205
5496875008.0,-0.7861840128898621
5497812480.0,-0.7727728486061096
5498749952.0,-0.7618653178215027
5499687424.0,-0.7544417381286621
5500624896.0,-0.749235987663269
5501562368.0,-0.7462067604064941
5502499840.0,-0.7462620735168457
5503437312.0,-0.7497963905334473
5504374784.0,-0.7552569508552551
5505312256.0,-0.7651277184486389
5506250240.0,-0.7773337960243225
5507187712.0,-0.7927045822143555
5508125184.0,-0.8093660473823547
5509062656.0,-0.8286502361297607
5510000128.0,-0.8510112166404724
5510937600.0,-0.8752846121788025
5511875072.0,-0.9018611907958984
5512812544.0,-0.9304158687591553
5513750016.0,-0.9595257639884949
5514687488.0,-0.9907861351966858
5515624960.0,-1.0224641561508179
5516562432.0,-1.055071234703064
5517499904.0,-1.087517499923706
5518437376.0,-1.119104266166687
5519374848.0,-1.1498574018478394
5520312320.0,-1.1790506839752197
5521249792.0,-1.2070971727371216
5522187264.0,-1.2332723140716553
5523125248.0,-1.2564996480941772
5524062720.0,-1.2756335735321045
5525000192.0,-1.2931219339370728
5525937664.0,-1.131320595741272
5526875136.0,-1.1390761137008667
5527812608.0,-1.14324152469635
5528750080.0,-1.1459934711456299
5529687552.0,-1.1478592157363892
5530625024.0,-1.1471561193466187
5531562496.0,-1.144792914390564
5532499968.0,-1.1397690773010254
5533437440.0,-1.1354237794876099
5534374912.0,-1.126535415649414
5535312384.0,-1.1176724433898926
5536249856.0,-1.1073352098464966
5537187328.0,-1.0961109399795532
5538124800.0,-1.0824449062347412
5539062272.0,-1.0688575506210327
5539999744.0,-1.0546495914459229
5540937728.0,-1.0404964685440063
5541875200.0,-1.0247892141342163
5542812672.0,-1.0082588195800781
5543750144.0,-0.9931451678276062
5544687616.0,-0.9763308763504028
5545625088.0,-0.9605976939201355
5546562560.0,-0.9438273310661316
5547500032.0,-0.9290266036987305
5548437504.0,-0.914531409740448
5549374976.0,-0.9009565711021423
5550312448.0,-0.8885456919670105
5551249920.0,-0.8756967782974243
5552187392.0,-0.8667921423912048
5553124864.0,-0.8565393686294556
5554062336.0,-0.8499637842178345
5554999808.0,-0.8437532782554626
5555937280.0,-0.840740442276001
5556874752.0,-0.8378567099571228
5557812736.0,-0.8383065462112427
5558750208.0,-0.8415417075157166
5559687680.0,-0.8468049764633179
5560625152.0,-0.8554679751396179
5561562624.0,-0.865710437297821
5562500096.0,-0.8809219002723694
5563437568.0,-0.8965069055557251
5564375040.0,-0.9149065613746643
5565312512.0,-0.9365990161895752
5566249984.0,-0.9604358673095703
5567187456.0,-0.9852874279022217
5568124928.0,-1.0141934156417847
5569062400.0,-1.0424124002456665
5569999872.0,-1.0722087621688843
5570937344.0,-1.1023926734924316
5571874816.0,-1.1333264112472534
5572812288.0,-1.1630116701126099
5573749760.0,-1.1932847499847412
5574687744.0,-1.221759557723999
5575625216.0,-1.2476060390472412
5576562688.0,-1.2732409238815308
5577500160.0,-1.2951133251190186
5578437632.0,-1.315061330795288
5579375104.0,-1.3329174518585205
5580312576.0,-1.3458857536315918
5581250048.0,-1.357016921043396
5582187520.0,-1.367144227027893
5583124992.0,-1.3732247352600098
5584062464.0,-1.3762925863265991
5584999936.0,-1.3764703273773193
5585937408.0,-1.29605233669281
5586874880.0,-1.3024619817733765
5587812352.0,-1.3078206777572632
5588749824.0,-1.3120708465576172
5589687296.0,-1.3149305582046509
5590624768.0,-1.3170677423477173
5591562752.0,-1.3187578916549683
5592500224.0,-1.3183473348617554
5593437696.0,-1.3174545764923096
5594375168.0,-1.315036416053772
5595312640.0,-1.3133050203323364
5596250112.0,-1.3102102279663086
5597187584.0,-1.3072551488876343
5598125056.0,-1.3028613328933716
5599062528.0,-1.299192190170288
5600000000.0,-1.2935560941696167
5600937472.0,-1.2886567115783691
5601874944.0,-1.2834018468856812
5602812416.0,-1.2772703170776367
5603749888.0,-1.2708632946014404
5604687360.0,-1.265289068222046
5605624832.0,-1.2591720819473267
5606562304.0,-1.2523982524871826
5607499776.0,-1.2468905448913574
5608437248.0,-1.2396270036697388
5609375232.0,-1.2338502407073975
5610312704.0,-1.228072166442871
5611250176.0,-1.2221561670303345
5612187648.0,-1.215148687362671
5613125120.0,-1.2096784114837646
5614062592.0,-1.201107382774353
5615000064.0,-1.1954811811447144
5615937536.0,-1.1905277967453003
5616875008.0,-1.1853927373886108
5617812480.0,-1.1811792850494385
5618749952.0,-1.176821231842041
5619687424.0,-1.1731603145599365
5620624896.0,-1.1706929206848145
5621562368.0,-1.1679326295852661
5622499840.0,-1.1658153533935547
5623437312.0,-1.1630995273590088
5624374784.0,-1.1604969501495361
5625312256.0,-1.1583627462387085
5626250240.0,-1.1566251516342163
5627187712.0,-1.155536413192749
5628125184.0,-1.1535797119140625
5629062656.0,-1.1518350839614868
5630000128.0,-1.149426817893982
5630937600.0,-1.1480685472488403
5631875072.0,-1.14629328250885
5632812544.0,-1.1432383060455322
5633750016.0,-1.1404194831848145
5634687488.0,-1.1360033750534058
5635624960.0,-1.1316454410552979
5636562432.0,-1.1261056661605835
5637499904.0,-1.1186808347702026
5638437376.0,-1.1109853982925415
5639374848.0,-1.1017123460769653
5640312320.0,-1.0925661325454712
5641249792.0,-1.0827772617340088
5642187264.0,-1.0741568803787231
5643125248.0,-1.0648484230041504
5644062720.0,-1.0539435148239136
5645000192.0,-1.043190360069275
5645937664.0,-1.042781949043274
5646875136.0,-1.0292075872421265
5647812608.0,-1.0143498182296753
5648750080.0,-0.9989303350448608
5649687552.0,-0.9808291792869568
5650625024.0,-0.9632992148399353
5651562496.0,-0.9440994262695312
5652499968.0,-0.9257132411003113
5653437440.0,-0.9047225713729858
5654374912.0,-0.8845295906066895
5655312384.0,-0.863857626914978
5656249856.0,-0.8424943685531616
5657187328.0,-0.8223921060562134
5658124800.0,-0.8002240061759949
5659062272.0,-0.7782532572746277
5660000256.0,-0.7566884160041809
5660937728.0,-0.7350550889968872
5661875200.0,-0.7134858965873718
5662812672.0,-0.693050742149353
5663750144.0,-0.6739258170127869
5664687616.0,-0.6548348665237427
5665625088.0,-0.6369809508323669
5666562560.0,-0.6202540397644043
5667500032.0,-0.6056841015815735
5668437504.0,-0.5899198055267334
5669374976.0,-0.5766466856002808
5670312448.0,-0.565945029258728
5671249920.0,-0.5551694631576538
5672187392.0,-0.5469580888748169
5673124864.0,-0.5409046411514282
5674062336.0,-0.5359509587287903
5674999808.0,-0.5326703190803528
5675937280.0,-0.5305026769638062
5676874752.0,-0.5302374362945557
5677812736.0,-0.5308797359466553
5678750208.0,-0.5304371118545532
5679687680.0,-0.5326004028320312
5680625152.0,-0.5363014340400696
5681562624.0,-0.5387603044509888
5682500096.0,-0.5430038571357727
5683437568.0,-0.5461369156837463
5684375040.0,-0.5503848195075989
5685312512.0,-0.5531976819038391
5686249984.0,-0.5559641718864441
5687187456.0,-0.5588671565055847
5688124928.0,-0.5614226460456848
5689062400.0,-0.5640039443969727
5689999872.0,-0.5643113851547241
5690937344.0,-0.5635852813720703
5691874816.0,-0.5610617995262146
5692812288.0,-0.5582836866378784
5693749760.0,-0.5515764355659485
5694687744.0,-0.5458585619926453
5695625216.0,-0.5375469326972961
5696562688.0,-0.5276793837547302
5697500160.0,-0.5167964696884155
5698437632.0,-0.5034998059272766
5699375104.0,-0.4911818504333496
5700312576.0,-0.47737374901771545
5701250048.0,-0.4631826877593994
5702187520.0,-0.4494250416755676
5703124992.0,-0.4363008737564087
5704062464.0,-0.42166563868522644
5704999936.0,-0.4095207452774048
5705937408.0,-0.3743342161178589
5706874880.0,-0.3737539052963257
5707812352.0,-0.3724718689918518
5708749824.0,-0.3721046447753906
5709687296.0,-0.3707401156425476
5710624768.0,-0.36957529187202454
5711562752.0,-0.36790964007377625
5712500224.0,-0.36662763357162476
5713437696.0,-0.36603832244873047
5714375168.0,-0.36598601937294006
5715312640.0,-0.3641555607318878
5716250112.0,-0.3620409071445465
5717187584.0,-0.35908862948417664
5718125056.0,-0.3532983064651489
5719062528.0,-0.3480449318885803
5720000000.0,-0.3427183926105499
5720937472.0,-0.33511751890182495
5721874944.0,-0.32759928703308105
5722812416.0,-0.31922900676727295
5723749888.0,-0.3107035458087921
5724687360.0,-0.30152443051338196
5725624832.0,-0.2932640016078949
5726562304.0,-0.28367090225219727
5727499776.0,-0.2747684717178345
5728437248.0,-0.2673824429512024
5729375232.0,-0.25924885272979736
5730312704.0,-0.25364527106285095
5731250176.0,-0.24852676689624786
5732187648.0,-0.24472221732139587
5733125120.0,-0.24297817051410675
5734062592.0,-0.24387429654598236
5735000064.0,-0.24609754979610443
5735937536.0,-0.25034475326538086
5736875008.0,-0.2577599883079529
5737812480.0,-0.2659676969051361
5738749952.0,-0.27722951769828796
5739687424.0,-0.2900658845901489
5740624896.0,-0.3029167652130127
5741562368.0,-0.3163258135318756
5742499840.0,-0.32975247502326965
5743437312.0,-0.34347596764564514
5744374784.0,-0.355949342250824
5745312256.0,-0.36704009771347046
5746250240.0,-0.37604138255119324
5747187712.0,-0.3838302195072174
5748125184.0,-0.38769587874412537
5749062656.0,-0.3898099958896637
5750000128.0,-0.39032983779907227
5750937600.0,-0.3895176649093628
5751875072.0,-0.38600847125053406
5752812544.0,-0.38030901551246643
5753750016.0,-0.3740615248680115
5754687488.0,-0.366014301776886
5755624960.0,-0.35794124007225037
5756562432.0,-0.35030198097229004
5757499904.0,-0.34288227558135986
5758437376.0,-0.33623820543289185
5759374848.0,-0.3291837275028229
5760312320.0,-0.3232834041118622
5761249792.0,-0.3181762993335724
5762187264.0,-0.3142717182636261
5763125248.0,-0.3103429675102234
5764062720.0,-0.3074972629547119
5765000192.0,-0.3040931522846222
5765937664.0,-0.221769779920578
5766875136.0,-0.2259702980518341
5767812608.0,-0.22872355580329895
5768750080.0,-0.23358944058418274
5769687552.0,-0.23707735538482666
5770625024.0,-0.24250897765159607
5771562496.0,-0.2488643378019333
5772499968.0,-0.2552884817123413
5773437440.0,-0.2623922526836395
5774374912.0,-0.2683381736278534
5775312384.0,-0.27550575137138367
5776249856.0,-0.28373435139656067
5777187328.0,-0.29009178280830383
5778124800.0,-0.2975243926048279
5779062272.0,-0.3048402965068817
5779999744.0,-0.31257757544517517
5780937728.0,-0.3196980655193329
5781875200.0,-0.32697293162345886
5782812672.0,-0.3316171169281006
5783750144.0,-0.3370349705219269
5784687616.0,-0.342471718788147
5785625088.0,-0.346598744392395
5786562560.0,-0.35106730461120605
5787500032.0,-0.3541626036167145
5788437504.0,-0.35572442412376404
5789374976.0,-0.3556676208972931
5790312448.0,-0.35446301102638245
5791249920.0,-0.35273605585098267
5792187392.0,-0.34937500953674316
5793124864.0,-0.34475696086883545
5794062336.0,-0.3419293165206909
5794999808.0,-0.3367508053779602
5795937280.0,-0.3304079473018646
5796874752.0,-0.32256171107292175
5797812736.0,-0.3147948086261749
5798750208.0,-0.30571693181991577
5799687680.0,-0.29552000761032104
5800625152.0,-0.2846178114414215
5801562624.0,-0.2729385197162628
5802500096.0,-0.26032859086990356
5803437568.0,-0.24733686447143555
5804375040.0,-0.23485185205936432
5805312512.0,-0.2212323546409607
5806249984.0,-0.2071290910243988
5807187456.0,-0.19223670661449432
5808124928.0,-0.17794480919837952
5809062400.0,-0.16162607073783875
5809999872.0,-0.14606747031211853
5810937344.0,-0.13191097974777222
5811874816.0,-0.11546694487333298
5812812288.0,-0.10123255848884583
5813749760.0,-0.08590353280305862
5814687744.0,-0.07166359573602676
5815625216.0,-0.05845972150564194
5816562688.0,-0.04506583511829376
5817500160.0,-0.032181911170482635
5818437632.0,-0.01956082694232464
5819375104.0,-0.008474956266582012
5820312576.0,0.0027842719573527575
5821250048.0,0.012791359797120094
5822187520.0,0.021621184423565865
5823124992.0,0.030918041244149208
5824062464.0,0.03850993886590004
5824999936.0,0.04575052484869957
5825937408.0,-0.13320890069007874
5826874880.0,-0.13792628049850464
5827812352.0,-0.14183776080608368
5828749824.0,-0.14517731964588165
5829687296.0,-0.14600053429603577
5830624768.0,-0.14677086472511292
5831562752.0,-0.14475764334201813
5832500224.0,-0.14247986674308777
5833437696.0,-0.14026212692260742
5834375168.0,-0.13690856099128723
5835312640.0,-0.133662149310112
5836250112.0,-0.13064077496528625
5837187584.0,-0.1271485835313797
5838125056.0,-0.1236119270324707
5839062528.0,-0.1210259199142456
5840000000.0,-0.1203867569565773
5840937472.0,-0.12194091826677322
5841874944.0,-0.12386869639158249
5842812416.0,-0.1259816586971283
5843749888.0,-0.128787100315094
5844687360.0,-0.13252782821655273
5845624832.0,-0.13877086341381073
5846562304.0,-0.1453438103199005
5847499776.0,-0.15268740057945251
5848437248.0,-0.16067886352539062
5849375232.0,-0.17007988691329956
5850312704.0,-0.1802894026041031
5851250176.0,-0.1901804655790329
5852187648.0,-0.20096035301685333
5853125120.0,-0.21204538643360138
5854062592.0,-0.2221042662858963
5855000064.0,-0.2329002469778061
5855937536.0,-0.2424764633178711
5856875008.0,-0.2504713237285614
5857812480.0,-0.25786465406417847
5858749952.0,-0.26286542415618896
5859687424.0,-0.26717042922973633
5860624896.0,-0.2692353427410126
5861562368.0,-0.2707211673259735
5862499840.0,-0.2687170207500458
5863437312.0,-0.2642383873462677
5864374784.0,-0.25938570499420166
5865312256.0,-0.25312453508377075
5866250240.0,-0.2448011040687561
5867187712.0,-0.2356945127248764
5868125184.0,-0.2240147590637207
5869062656.0,-0.21203361451625824
5870000128.0,-0.19768694043159485
5870937600.0,-0.18564127385616302
5871875072.0,-0.17294995486736298
5872812544.0,-0.1590724140405655
5873750016.0,-0.14619167149066925
5874687488.0,-0.13485656678676605
5875624960.0,-0.12458620965480804
5876562432.0,-0.11513388156890869
5877499904.0,-0.1079932153224945
5878437376.0,-0.10212533921003342
5879374848.0,-0.09894321858882904
5880312320.0,-0.09803460538387299
5881249792.0,-0.09921988844871521
5882187264.0,-0.10275435447692871
5883125248.0,-0.10893215984106064
5884062720.0,-0.11531028151512146
5885000192.0,-0.12365136295557022
5885937664.0,-0.06474621593952179
5886875136.0,-0.06843345612287521
5887812608.0,-0.07394545525312424
5888750080.0,-0.0795377567410469
5889687552.0,-0.08492157608270645
5890625024.0,-0.0916895717382431
5891562496.0,-0.09884427487850189
5892499968.0,-0.10542367398738861
5893437440.0,-0.11400523036718369
5894374912.0,-0.12150680273771286
5895312384.0,-0.1296604424715042
5896249856.0,-0.13819041848182678
5897187328.0,-0.14636802673339844
5898124800.0,-0.15478070080280304
5899062272.0,-0.16372379660606384
5900000256.0,-0.17280490696430206
5900937728.0,-0.18060138821601868
5901875200.0,-0.19012559950351715
5902812672.0,-0.19941607117652893
5903750144.0,-0.20781385898590088
5904687616.0,-0.21798473596572876
5905625088.0,-0.22674508392810822
5906562560.0,-0.23579515516757965
5907500032.0,-0.2450752705335617
5908437504.0,-0.25351083278656006
5909374976.0,-0.2620525062084198
5910312448.0,-0.27070313692092896
5911249920.0,-0.27892935276031494
5912187392.0,-0.2871055006980896
5913124864.0,-0.2942475378513336
5914062336.0,-0.3005072772502899
5914999808.0,-0.30751579999923706
5915937280.0,-0.3130991458892822
5916874752.0,-0.3177211284637451
5917812736.0,-0.3211039900779724
5918750208.0,-0.32487934827804565
5919687680.0,-0.32780638337135315
5920625152.0,-0.32906702160835266
5921562624.0,-0.32951176166534424
5922500096.0,-0.32898545265197754
5923437568.0,-0.32853928208351135
5924375040.0,-0.32601839303970337
5925312512.0,-0.3217320442199707
5926249984.0,-0.3174438178539276
5927187456.0,-0.3116120994091034
5928124928.0,-0.30565518140792847
5929062400.0,-0.2961515486240387
5929999872.0,-0.28674882650375366
5930937344.0,-0.2753635346889496
5931874816.0,-0.2629658281803131
5932812288.0,-0.24906285107135773
5933749760.0,-0.23318591713905334
5934687744.0,-0.21692197024822235
5935625216.0,-0.20031189918518066
5936562688.0,-0.1813828945159912
5937500160.0,-0.16302643716335297
5938437632.0,-0.14419610798358917
5939375104.0,-0.12464926391839981
5940312576.0,-0.10689833015203476
5941250048.0,-0.08779240399599075
5942187520.0,-0.06984976679086685
5943124992.0,-0.05380884185433388
5944062464.0,-0.03838498145341873
5944999936.0,-0.02471906878054142
5945937408.0,-0.12373944371938705
5946874880.0,-0.1319192349910736
5947812352.0,-0.1412949413061142
5948749824.0,-0.15254539251327515
5949687296.0,-0.1659000813961029
5950624768.0,-0.18118098378181458
5951562752.0,-0.19631609320640564
5952500224.0,-0.2135322093963623
5953437696.0,-0.23105144500732422
5954375168.0,-0.2511575222015381
5955312640.0,-0.2692757844924927
5956250112.0,-0.28861764073371887
5957187584.0,-0.3086315393447876
5958125056.0,-0.3278726041316986
5959062528.0,-0.3471207320690155
5960000000.0,-0.36672091484069824
5960937472.0,-0.3840598165988922
5961874944.0,-0.4009861946105957
5962812416.0,-0.41627997159957886
5963749888.0,-0.4289295971393585
5964687360.0,-0.438569575548172
5965624832.0,-0.4471700191497803
5966562304.0,-0.45104101300239563
5967499776.0,-0.45211321115493774
5968437248.0,-0.4502221643924713
5969375232.0,-0.444968044757843
5970312704.0,-0.4365895390510559
5971250176.0,-0.425367534160614
5972187648.0,-0.41049453616142273
5973125120.0,-0.3929731547832489
5974062592.0,-0.3729807138442993
5975000064.0,-0.35235434770584106
5975937536.0,-0.32862886786460876
5976875008.0,-0.3045461177825928
5977812480.0,-0.27883201837539673
5978749952.0,-0.2542840242385864
5979687424.0,-0.22921717166900635
5980624896.0,-0.20537908375263214
5981562368.0,-0.18320132791996002
5982499840.0,-0.16173873841762543
5983437312.0,-0.14297373592853546
5984374784.0,-0.12553170323371887
5985312256.0,-0.11122796684503555
5986250240.0,-0.09875648468732834
5987187712.0,-0.09026505798101425
5988125184.0,-0.08329802006483078
5989062656.0,-0.07945938408374786
5990000128.0,-0.07798290997743607
5990937600.0,-0.07792824506759644
5991875072.0,-0.08250900357961655
5992812544.0,-0.08626244217157364
5993750016.0,-0.09309134632349014
5994687488.0,-0.10084818303585052
5995624960.0,-0.10864417254924774
5996562432.0,-0.11635739356279373
5997499904.0,-0.12639988958835602
5998437376.0,-0.13502313196659088
5999374848.0,-0.14314626157283783
6000312320.0,-0.1522510051727295
6001249792.0,-0.1596991866827011
6002187264.0,-0.1684042066335678
6003125248.0,-0.17496056854724884
6004062720.0,-0.18015694618225098
6005000192.0,-0.13952866196632385
6005937664.0,-0.1466858834028244
6006875136.0,-0.153932124376297
6007812608.0,-0.16254767775535583
6008750080.0,-0.17185287177562714
6009687552.0,-0.18182219564914703
6010625024.0,-0.1936909407377243
6011562496.0,-0.20426395535469055
6012499968.0,-0.21768388152122498
6013437440.0,-0.2299913465976715
6014374912.0,-0.24331073462963104
6015312384.0,-0.2554030120372772
6016249856.0,-0.2699514329433441
6017187328.0,-0.2836343050003052
6018124800.0,-0.29686230421066284
6019062272.0,-0.3096764385700226
6019999744.0,-0.32095596194267273
6020937728.0,-0.334349662065506
6021875200.0,-0.3444278836250305
6022812672.0,-0.35616689920425415
6023750144.0,-0.36692577600479126
6024687616.0,-0.37605759501457214
6025625088.0,-0.38395220041275024
6026562560.0,-0.3902379274368286
6027500032.0,-0.3951956331729889
6028437504.0,-0.3972380459308624
6029374976.0,-0.398899644613266
6030312448.0,-0.39676767587661743
6031249920.0,-0.39323553442955017
6032187392.0,-0.38906192779541016
6033124864.0,-0.38139137625694275
6034062336.0,-0.374726802110672
6034999808.0,-0.3669945001602173
6035937280.0,-0.357071191072464
6036874752.0,-0.3468990921974182
6037812736.0,-0.3352157175540924
6038750208.0,-0.3247983157634735
6039687680.0,-0.31325384974479675
6040625152.0,-0.30194899439811707
6041562624.0,-0.29030320048332214
6042500096.0,-0.2786780297756195
6043437568.0,-0.26834550499916077
6044375040.0,-0.25837016105651855
6045312512.0,-0.24940700829029083
6046249984.0,-0.24107500910758972
6047187456.0,-0.23421499133110046
6048124928.0,-0.22708673775196075
6049062400.0,-0.22152389585971832
6049999872.0,-0.21735402941703796
6050937344.0,-0.21345160901546478
6051874816.0,-0.2117980271577835
6052812288.0,-0.21033260226249695
6053749760.0,-0.209015890955925
6054687744.0,-0.21009254455566406
6055625216.0,-0.21112889051437378
6056562688.0,-0.21282072365283966
6057500160.0,-0.21539610624313354
6058437632.0,-0.21931526064872742
6059375104.0,-0.22313904762268066
6060312576.0,-0.22813482582569122
6061250048.0,-0.23333740234375
6062187520.0,-0.23817375302314758
6063124992.0,-0.24313762784004211
6064062464.0,-0.2487325519323349
6064999936.0,-0.14407041668891907
6065937408.0,-0.16477352380752563
6066874880.0,-0.18539132177829742
6067812352.0,-0.20683954656124115
6068749824.0,-0.22753645479679108
6069687296.0,-0.2473849207162857
6070624768.0,-0.266831636428833
6071562752.0,-0.28699445724487305
6072500224.0,-0.3055117726325989
6073437696.0,-0.32401302456855774
6074375168.0,-0.3410027027130127
6075312640.0,-0.35662299394607544
6076250112.0,-0.37164178490638733
6077187584.0,-0.3865971863269806
6078125056.0,-0.39926809072494507
6079062528.0,-0.41083985567092896
6080000000.0,-0.4210909605026245
6080937472.0,-0.42992833256721497
6081874944.0,-0.4361651837825775
6082812416.0,-0.4427349269390106
6083749888.0,-0.4477183520793915
6084687360.0,-0.4500666856765747
6085624832.0,-0.45097506046295166
6086562304.0,-0.4516212046146393
6087499776.0,-0.45013293623924255
6088437248.0,-0.44611647725105286
6089375232.0,-0.44193339347839355
6090312704.0,-0.43705737590789795
6091250176.0,-0.4303988218307495
6092187648.0,-0.4218274652957916
6093125120.0,-0.4127871096134186
6094062592.0,-0.4018166661262512
6095000064.0,-0.3893956243991852
6095937536.0,-0.37933072447776794
6096875008.0,-0.36699816584587097
6097812480.0,-0.35426533222198486
6098749952.0,-0.34088876843452454
6099687424.0,-0.3267098069190979
6100624896.0,-0.3120879828929901
6101562368.0,-0.29750698804855347
6102499840.0,-0.2821334898471832
6103437312.0,-0.2681499123573303
6104374784.0,-0.25180670619010925
6105312256.0,-0.23813346028327942
6106250240.0,-0.22245138883590698
6107187712.0,-0.20746742188930511
6108125184.0,-0.19311019778251648
6109062656.0,-0.1783074140548706
6110000128.0,-0.16413414478302002
6110937600.0,-0.15087349712848663
6111875072.0,-0.13844259083271027
6112812544.0,-0.1266552358865738
6113750016.0,-0.11554636806249619
6114687488.0,-0.10620672255754471
6115624960.0,-0.09590048342943192
6116562432.0,-0.08790819346904755
6117499904.0,-0.08121684193611145
6118437376.0,-0.07678190618753433
6119374848.0,-0.07500821352005005
6120312320.0,-0.07456564903259277
6121249792.0,-0.07583632320165634
6122187264.0,-0.07899390161037445
6123125248.0,-0.08197710663080215
6124062720.0,-0.08853673189878464
6125000192.0,-0.1415705531835556
6125937664.0,-0.15475499629974365
6126875136.0,-0.1705595999956131
6127812608.0,-0.18500208854675293
6128750080.0,-0.20096448063850403
6129687552.0,-0.21730321645736694
6130625024.0,-0.23208294808864594
6131562496.0,-0.2493077963590622
6132499968.0,-0.26521071791648865
6133437440.0,-0.2805895209312439
6134374912.0,-0.29660657048225403
6135312384.0,-0.3115256726741791
6136249856.0,-0.3266502618789673
6137187328.0,-0.341045081615448
6138124800.0,-0.35546764731407166
6139062272.0,-0.36956295371055603
6140000256.0,-0.3821865916252136
6140937728.0,-0.39395570755004883
6141875200.0,-0.40491074323654175
6142812672.0,-0.41467028856277466
6143750144.0,-0.4236689805984497
6144687616.0,-0.4334728717803955
6145625088.0,-0.44287630915641785
6146562560.0,-0.4494912624359131
6147500032.0,-0.45428526401519775
6148437504.0,-0.45911818742752075
6149374976.0,-0.4617457985877991
6150312448.0,-0.4612458646297455
6151249920.0,-0.4594063460826874
6152187392.0,-0.4571218490600586
6153124864.0,-0.4511224031448364
6154062336.0,-0.4449115991592407
6154999808.0,-0.4375263452529907
6155937280.0,-0.42943352460861206
6156874752.0,-0.41866856813430786
6157812736.0,-0.407716304063797
6158750208.0,-0.395511656999588
6159687680.0,-0.38368090987205505
6160625152.0,-0.370451420545578
6161562624.0,-0.3568391799926758
6162500096.0,-0.3428882360458374
6163437568.0,-0.32865431904792786
6164375040.0,-0.3138834238052368
6165312512.0,-0.29853472113609314
6166249984.0,-0.28444725275039673
6167187456.0,-0.27077460289001465
6168124928.0,-0.2569369077682495
6169062400.0,-0.24119219183921814
6169999872.0,-0.22732090950012207
6170937344.0,-0.21196727454662323
6171874816.0,-0.1977936029434204
6172812288.0,-0.18490497767925262
6173749760.0,-0.1728695034980774
6174687744.0,-0.16211064159870148
6175625216.0,-0.1517769992351532
6176562688.0,-0.14337535202503204
6177500160.0,-0.13478444516658783
6178437632.0,-0.1280740350484848
6179375104.0,-0.12269609421491623
6180312576.0,-0.11889264732599258
6181250048.0,-0.11642944812774658
6182187520.0,-0.11568710952997208
6183124992.0,-0.11764507740736008
6184062464.0,-0.121219702064991
6184999936.0,-0.26362764835357666
6185937408.0,-0.2790844440460205
6186874880.0,-0.29509568214416504
6187812352.0,-0.3127329647541046
6188749824.0,-0.3288898468017578
6189687296.0,-0.34574273228645325
6190624768.0,-0.3634191155433655
6191562752.0,-0.3794770836830139
6192500224.0,-0.3946889042854309
6193437696.0,-0.4088156223297119
6194375168.0,-0.4220896065235138
6195312640.0,-0.4330282211303711
6196250112.0,-0.440972238779068
6197187584.0,-0.44871047139167786
6198125056.0,-0.4549870789051056
6199062528.0,-0.45900988578796387
6200000000.0,-0.46252408623695374
6200937472.0,-0.46534308791160583
6201874944.0,-0.4673106074333191
6202812416.0,-0.46886762976646423
6203749888.0,-0.47018182277679443
6204687360.0,-0.47268596291542053
6205624832.0,-0.47487249970436096
6206562304.0,-0.4796404242515564
6207499776.0,-0.4839979112148285
6208437248.0,-0.4907774329185486
6209375232.0,-0.4981551766395569
6210312704.0,-0.5058808922767639
6211250176.0,-0.515649676322937
6212187648.0,-0.5242405533790588
6213125120.0,-0.5320931077003479
6214062592.0,-0.5369595289230347
6215000064.0,-0.5393602252006531
6215937536.0,-0.5349170565605164
6216875008.0,-0.5295975804328918
6217812480.0,-0.5215578675270081
6218749952.0,-0.5117064714431763
6219687424.0,-0.5017780065536499
6220624896.0,-0.4890238344669342
6221562368.0,-0.47581788897514343
6222499840.0,-0.46306121349334717
6223437312.0,-0.4495328366756439
6224374784.0,-0.4357542097568512
6225312256.0,-0.4247688055038452
6226250240.0,-0.4122730493545532
6227187712.0,-0.4023825526237488
6228125184.0,-0.39256003499031067
6229062656.0,-0.38369908928871155
6230000128.0,-0.37541037797927856
6230937600.0,-0.36823800206184387
6231875072.0,-0.36116212606430054
6232812544.0,-0.3541778326034546
6233750016.0,-0.34790703654289246
6234687488.0,-0.34158074855804443
6235624960.0,-0.3354026675224304
6236562432.0,-0.32818856835365295
6237499904.0,-0.3215704560279846
6238437376.0,-0.31479209661483765
6239374848.0,-0.3082040250301361
6240312320.0,-0.3008843958377838
6241249792.0,-0.2927629053592682
6242187264.0,-0.2855384945869446
6243125248.0,-0.27773818373680115
6244062720.0,-0.2720658779144287
6245000192.0,-0.41409721970558167
6245937664.0,-0.41642069816589355
6246875136.0,-0.4194784462451935
6247812608.0,-0.4238492250442505
6248750080.0,-0.4293651878833771
6249687552.0,-0.4382004737854004
6250625024.0,-0.44892174005508423
6251562496.0,-0.46181872487068176
6252499968.0,-0.4782187342643738
6253437440.0,-0.4975917637348175
6254374912.0,-0.5193179845809937
6255312384.0,-0.5432214736938477
6256249856.0,-0.5682992935180664
6257187328.0,-0.5947489142417908
6258124800.0,-0.6224265694618225
6259062272.0,-0.6504746675491333
6259999744.0,-0.6795124411582947
6260937728.0,-0.7069458961486816
6261875200.0,-0.732501745223999
6262812672.0,-0.758433997631073
6263750144.0,-0.781816840171814
6264687616.0,-0.8039727210998535
6265625088.0,-0.8243367075920105
6266562560.0,-0.8412505388259888
6267500032.0,-0.8545865416526794
6268437504.0,-0.8649289011955261
6269374976.0,-0.8720030188560486
6270312448.0,-0.8766526579856873
6271249920.0,-0.8777209520339966
6272187392.0,-0.8762844204902649
6273124864.0,-0.8699067234992981
6274062336.0,-0.86018306016922
6274999808.0,-0.8471983671188354
6275937280.0,-0.8310324549674988
6276874752.0,-0.8120571374893188
6277812736.0,-0.7908287048339844
6278750208.0,-0.7671987414360046
6279687680.0,-0.7407649159431458
6280625152.0,-0.713692843914032
6281562624.0,-0.6841558218002319
6282500096.0,-0.6540035605430603
6283437568.0,-0.62370765209198
6284375040.0,-0.593706488609314
6285312512.0,-0.5629667043685913
6286249984.0,-0.5339050889015198
6287187456.0,-0.5041365027427673
6288124928.0,-0.47626498341560364
6289062400.0,-0.4496208727359772
6289999872.0,-0.4235495924949646
6290937344.0,-0.40041637420654297
6291874816.0,-0.378804087638855
6292812288.0,-0.36156025528907776
6293749760.0,-0.3448514938354492
6294687744.0,-0.33167123794555664
6295625216.0,-0.32094889879226685
6296562688.0,-0.31765344738960266
6297500160.0,-0.3171471953392029
6298437632.0,-0.31923651695251465
6299375104.0,-0.32361412048339844
6300312576.0,-0.33120545744895935
6301250048.0,-0.34194907546043396
6302187520.0,-0.3553946316242218
6303124992.0,-0.37157395482063293
6304062464.0,-0.38961559534072876
6304999936.0,-0.5284775495529175
6305937408.0,-0.5490350127220154
6306874880.0,-0.5702460408210754
6307812352.0,-0.592983067035675
6308749824.0,-0.6167232394218445
6309687296.0,-0.6393929123878479
6310624768.0,-0.6631836295127869
6311562752.0,-0.6885022521018982
6312500224.0,-0.7150561809539795
6313437696.0,-0.7413367629051208
6314375168.0,-0.7663668990135193
6315312640.0,-0.7920921444892883
6316250112.0,-0.8176671862602234
6317187584.0,-0.8417368531227112
6318125056.0,-0.8654780387878418
6319062528.0,-0.8858577609062195
6320000000.0,-0.903270959854126
6320937472.0,-0.9204506874084473
6321874944.0,-0.9378134608268738
6322812416.0,-0.9528456926345825
6323749888.0,-0.9650166034698486
6324687360.0,-0.9753574132919312
6325624832.0,-0.9816499352455139
6326562304.0,-0.9838865995407104
6327499776.0,-0.984255850315094
6328437248.0,-0.9820297956466675
6329375232.0,-0.9761605262756348
6330312704.0,-0.9669377207756042
6331250176.0,-0.9573042392730713
6332187648.0,-0.9448426961898804
6333125120.0,-0.9309738874435425
6334062592.0,-0.916015625
6335000064.0,-0.8997299671173096
6335937536.0,-0.8826053738594055
6336875008.0,-0.864213764667511
6337812480.0,-0.8435178995132446
6338749952.0,-0.8219106793403625
6339687424.0,-0.8007945418357849
6340624896.0,-0.7765805125236511
6341562368.0,-0.7549546957015991
6342499840.0,-0.7315587997436523
6343437312.0,-0.7094390392303467
6344374784.0,-0.685998260974884
6345312256.0,-0.6649194359779358
6346250240.0,-0.6441120505332947
6347187712.0,-0.6215206384658813
6348125184.0,-0.6009760499000549
6349062656.0,-0.5803481340408325
6350000128.0,-0.56230229139328
6350937600.0,-0.5458675622940063
6351875072.0,-0.5304702520370483
6352812544.0,-0.5169166922569275
6353750016.0,-0.5068116784095764
6354687488.0,-0.497580885887146
6355624960.0,-0.49225109815597534
6356562432.0,-0.48776745796203613
6357499904.0,-0.4865410625934601
6358437376.0,-0.4888523817062378
6359374848.0,-0.4906861484050751
6360312320.0,-0.4968930780887604
6361249792.0,-0.507309079170227
6362187264.0,-0.5175486207008362
6363125248.0,-0.5314622521400452
6364062720.0,-0.5460086464881897
6365000192.0,-0.8254600763320923
6365937664.0,-0.8310450911521912
6366875136.0,-0.8364905714988708
6367812608.0,-0.844001829624176
6368750080.0,-0.8513531684875488
6369687552.0,-0.8602164387702942
6370625024.0,-0.8676528930664062
6371562496.0,-0.8768080472946167
6372499968.0,-0.8855960965156555
6373437440.0,-0.8929683566093445
6374374912.0,-0.9033874869346619
6375312384.0,-0.9115669131278992
6376249856.0,-0.9204435348510742
6377187328.0,-0.928373396396637
6378124800.0,-0.9368501305580139
6379062272.0,-0.9436929225921631
6380000256.0,-0.9506030678749084
6380937728.0,-0.9568682909011841
6381875200.0,-0.9630193710327148
6382812672.0,-0.9704204797744751
6383750144.0,-0.9753738641738892
6384687616.0,-0.9806723594665527
6385625088.0,-0.9860318303108215
6386562560.0,-0.9916518926620483
6387500032.0,-0.9949756264686584
6388437504.0,-0.9984669089317322
6389374976.0,-1.0011991262435913
6390312448.0,-1.0035821199417114
6391249920.0,-1.0053352117538452
6392187392.0,-1.0049240589141846
6393124864.0,-1.0049889087677002
6394062336.0,-1.0052295923233032
6394999808.0,-1.0026898384094238
6395937280.0,-0.9996296763420105
6396874752.0,-0.9957801699638367
6397812736.0,-0.9941326975822449
6398750208.0,-0.9904053807258606
6399687680.0,-0.9866365194320679
6400625152.0,-0.9826382994651794
6401562624.0,-0.9799162745475769
6402500096.0,-0.977515459060669
6403437568.0,-0.9757503271102905
6404375040.0,-0.9738906025886536
6405312512.0,-0.9741123914718628
6406249984.0,-0.9747132658958435
6407187456.0,-0.975749671459198
6408124928.0,-0.9774937033653259
6409062400.0,-0.9792665243148804
6409999872.0,-0.9824192523956299
6410937344.0,-0.9880691170692444
6411874816.0,-0.9918502569198608
6412812288.0,-0.997819185256958
6413749760.0,-1.0039582252502441
6414687744.0,-1.010187029838562
6415625216.0,-1.0168503522872925
6416562688.0,-1.0249207019805908
6417500160.0,-1.0336174964904785
6418437632.0,-1.0420836210250854
6419375104.0,-1.0515013933181763
6420312576.0,-1.0610167980194092
6421250048.0,-1.069760799407959
6422187520.0,-1.0776969194412231
6423124992.0,-1.0845078229904175
6424062464.0,-1.0894851684570312
6424999936.0,-1.1079801321029663
6425937408.0,-1.1202322244644165
6426874880.0,-1.130856990814209
6427812352.0,-1.1424531936645508
6428749824.0,-1.1520718336105347
6429687296.0,-1.1588488817214966
6430624768.0,-1.1648491621017456
6431562752.0,-1.1688778400421143
6432500224.0,-1.1724258661270142
6433437696.0,-1.171290397644043
6434375168.0,-1.169968605041504
6435312640.0,-1.1670407056808472
6436250112.0,-1.1627311706542969
6437187584.0,-1.15718412399292
6438125056.0,-1.1500500440597534
6439062528.0,-1.1412009000778198
6440000000.0,-1.1313704252243042
6440937472.0,-1.1212643384933472
6441874944.0,-1.10940682888031
6442812416.0,-1.0985908508300781
6443749888.0,-1.0860751867294312
6444687360.0,-1.074298620223999
6445624832.0,-1.0624130964279175
6446562304.0,-1.0503132343292236
6447499776.0,-1.037907600402832
6448437248.0,-1.0262763500213623
6449375232.0,-1.0163277387619019
6450312704.0,-1.0050334930419922
6451250176.0,-0.9958198666572571
6452187648.0,-0.987769365310669
6453125120.0,-0.9791253805160522
6454062592.0,-0.9726047515869141
6455000064.0,-0.9655564427375793
6455937536.0,-0.9593743681907654
6456875008.0,-0.9542122483253479
6457812480.0,-0.9494614601135254
6458749952.0,-0.9438489675521851
6459687424.0,-0.9392011761665344
6460624896.0,-0.9353607892990112
6461562368.0,-0.9309725165367126
6462499840.0,-0.9267392754554749
6463437312.0,-0.9223878979682922
6464374784.0,-0.9184136390686035
6465312256.0,-0.9150382876396179
6466250240.0,-0.9106115698814392
6467187712.0,-0.9057381749153137
6468125184.0,-0.9013596773147583
6469062656.0,-0.896930456161499
6470000128.0,-0.8916639089584351
6470937600.0,-0.886856734752655
6471875072.0,-0.8813493251800537
6472812544.0,-0.8750765919685364
6473750016.0,-0.8718252778053284
6474687488.0,-0.8683198690414429
6475624960.0,-0.863913893699646
6476562432.0,-0.8593498468399048
6477499904.0,-0.8545745611190796
6478437376.0,-0.8499456644058228
6479374848.0,-0.845917284488678
6480312320.0,-0.8430172801017761
6481249792.0,-0.8397802114486694
6482187264.0,-0.838234007358551
6483125248.0,-0.8366701602935791
6484062720.0,-0.836926281452179
6485000192.0,-0.9371154308319092
6485937664.0,-0.9445024728775024
6486875136.0,-0.9523543119430542
6487812608.0,-0.959247887134552
6488750080.0,-0.9689882397651672
6489687552.0,-0.9751229286193848
6490625024.0,-0.9837958812713623
6491562496.0,-0.9902224540710449
6492499968.0,-0.9966225624084473
6493437440.0,-1.0025032758712769
6494374912.0,-1.0065109729766846
6495312384.0,-1.0113886594772339
6496249856.0,-1.016395092010498
6497187328.0,-1.0183719396591187
6498124800.0,-1.021644949913025
6499062272.0,-1.0228875875473022
6499999744.0,-1.0226138830184937
6500937728.0,-1.0213305950164795
6501875200.0,-1.0186262130737305
6502812672.0,-1.0154955387115479
6503750144.0,-1.0106059312820435
6504687616.0,-1.0038071870803833
6505625088.0,-0.99698805809021
6506562560.0,-0.988816499710083
6507500032.0,-0.979116678237915
6508437504.0,-0.9693654179573059
6509374976.0,-0.9583259224891663
6510312448.0,-0.9467471837997437
6511249920.0,-0.9350614547729492
6512187392.0,-0.9226673245429993
6513124864.0,-0.9107271432876587
6514062336.0,-0.8987323045730591
6514999808.0,-0.8867623805999756
6515937280.0,-0.8750756978988647
6516874752.0,-0.8649013638496399
6517812736.0,-0.8554457426071167
6518750208.0,-0.8458091020584106
6519687680.0,-0.8381780385971069
6520625152.0,-0.8298219442367554
6521562624.0,-0.8227402567863464
6522500096.0,-0.8157197833061218
6523437568.0,-0.809339165687561
6524375040.0,-0.8039574027061462
6525312512.0,-0.7984737753868103
6526249984.0,-0.794903039932251
6527187456.0,-0.7924736142158508
6528124928.0,-0.7904523015022278
6529062400.0,-0.7891079187393188
6529999872.0,-0.7888880968093872
6530937344.0,-0.7891968488693237
6531874816.0,-0.7911214232444763
6532812288.0,-0.7932431101799011
6533749760.0,-0.7955834269523621
6534687744.0,-0.8000665307044983
6535625216.0,-0.8048854470252991
6536562688.0,-0.8096238374710083
6537500160.0,-0.8139203786849976
6538437632.0,-0.8193938136100769
6539375104.0,-0.825776219367981
6540312576.0,-0.8300448060035706
6541250048.0,-0.8373339772224426
6542187520.0,-0.8442866802215576
6543124992.0,-0.8510812520980835
6544062464.0,-0.8584100604057312
6544999936.0,-0.8583620190620422
6545937408.0,-0.8615669012069702
6546874880.0,-0.8656561970710754
6547812352.0,-0.8713604807853699
6548749824.0,-0.8759528398513794
6549687296.0,-0.8787204623222351
6550624768.0,-0.8822910189628601
6551562752.0,-0.8855677843093872
6552500224.0,-0.8887190222740173
6553437696.0,-0.8938539028167725
6554375168.0,-0.8980581760406494
6555312640.0,-0.9042277932167053
6556250112.0,-0.9128544330596924
6557187584.0,-0.9216680526733398
6558125056.0,-0.9303154349327087
6559062528.0,-0.941989004611969
6560000000.0,-0.9548274874687195
6560937472.0,-0.9670355916023254
6561874944.0,-0.9806033372879028
6562812416.0,-0.9940873980522156
6563749888.0,-1.007822871208191
6564687360.0,-1.019836187362671
6565624832.0,-1.033417820930481
6566562304.0,-1.0465445518493652
6567499776.0,-1.0602542161941528
6568437248.0,-1.0715550184249878
6569375232.0,-1.0846080780029297
6570312704.0,-1.0971404314041138
6571250176.0,-1.1071655750274658
6572187648.0,-1.118943691253662
6573125120.0,-1.1303623914718628
6574062592.0,-1.1413819789886475
6575000064.0,-1.1499483585357666
6575937536.0,-1.160237193107605
6576875008.0,-1.1680394411087036
6577812480.0,-1.1741706132888794
6578749952.0,-1.1806563138961792
6579687424.0,-1.185562014579773
6580624896.0,-1.1898765563964844
6581562368.0,-1.193747878074646
6582499840.0,-1.1949135065078735
6583437312.0,-1.1975401639938354
6584374784.0,-1.1975929737091064
6585312256.0,-1.1972894668579102
6586250240.0,-1.1956371068954468
6587187712.0,-1.1940662860870361
6588125184.0,-1.190983533859253
6589062656.0,-1.1875256299972534
6590000128.0,-1.1836270093917847
6590937600.0,-1.179063081741333
6591875072.0,-1.1729605197906494
6592812544.0,-1.1676799058914185
6593750016.0,-1.1604640483856201
6594687488.0,-1.1553800106048584
6595624960.0,-1.1505407094955444
6596562432.0,-1.1465821266174316
6597499904.0,-1.1430020332336426
6598437376.0,-1.1407294273376465
6599374848.0,-1.139430284500122
6600312320.0,-1.137210488319397
6601249792.0,-1.1355150938034058
6602187264.0,-1.1354807615280151
6603125248.0,-1.134608268737793
6604062720.0,-1.1344513893127441
6605000192.0,-1.1302480697631836
6605937664.0,-1.1343210935592651
6606875136.0,-1.1380140781402588
6607812608.0,-1.1418274641036987
6608750080.0,-1.146121621131897
6609687552.0,-1.1507107019424438
6610625024.0,-1.1544820070266724
6611562496.0,-1.1566296815872192
6612499968.0,-1.1596101522445679
6613437440.0,-1.162445068359375
6614374912.0,-1.1652861833572388
6615312384.0,-1.1688587665557861
6616249856.0,-1.1733942031860352
6617187328.0,-1.1778825521469116
6618124800.0,-1.1827284097671509
6619062272.0,-1.1896593570709229
6620000256.0,-1.1964339017868042
6620937728.0,-1.2033530473709106
6621875200.0,-1.2123236656188965
6622812672.0,-1.221937894821167
6623750144.0,-1.2331628799438477
6624687616.0,-1.2442715167999268
6625625088.0,-1.258875846862793
6626562560.0,-1.2773714065551758
6627500032.0,-1.297379732131958
6628437504.0,-1.3179174661636353
6629374976.0,-1.3376604318618774
6630312448.0,-1.357864260673523
6631249920.0,-1.377480387687683
6632187392.0,-1.3979902267456055
6633124864.0,-1.4175031185150146
6634062336.0,-1.4379948377609253
6634999808.0,-1.4580214023590088
6635937280.0,-1.4773555994033813
6636874752.0,-1.4968539476394653
6637812736.0,-1.5168007612228394
6638750208.0,-1.5351905822753906
6639687680.0,-1.553330898284912
6640625152.0,-1.570241093635559
6641562624.0,-1.586340308189392
6642500096.0,-1.600178837776184
6643437568.0,-1.6139384508132935
6644375040.0,-1.6258533000946045
6645312512.0,-1.6374282836914062
6646249984.0,-1.6467857360839844
6647187456.0,-1.6545031070709229
6648124928.0,-1.6613609790802002
6649062400.0,-1.6667758226394653
6649999872.0,-1.6695151329040527
6650937344.0,-1.673797369003296
6651874816.0,-1.6792042255401611
6652812288.0,-1.6830940246582031
6653749760.0,-1.689218282699585
6654687744.0,-1.6940652132034302
6655625216.0,-1.6982173919677734
6656562688.0,-1.7044471502304077
6657500160.0,-1.7081760168075562
6658437632.0,-1.7125215530395508
6659375104.0,-1.719467282295227
6660312576.0,-1.7266966104507446
6661250048.0,-1.7352862358093262
6662187520.0,-1.7428479194641113
6663124992.0,-1.7537349462509155
6664062464.0,-1.7650022506713867
6664999936.0,-1.78765070438385
6665937408.0,-1.8004409074783325
6666874880.0,-1.8140594959259033
6667812352.0,-1.827668309211731
6668749824.0,-1.84013032913208
6669687296.0,-1.853744387626648
6670624768.0,-1.8664332628250122
6671562752.0,-1.8792270421981812
6672500224.0,-1.8920741081237793
6673437696.0,-1.9057505130767822
6674375168.0,-1.916623830795288
6675312640.0,-1.9290432929992676
6676250112.0,-1.9381359815597534
6677187584.0,-1.9443771839141846
6678125056.0,-1.9494283199310303
6679062528.0,-1.9519634246826172
6680000000.0,-1.9528172016143799
6680937472.0,-1.9526166915893555
6681874944.0,-1.9514504671096802
6682812416.0,-1.9507763385772705
6683749888.0,-1.9501113891601562
6684687360.0,-1.9507522583007812
6685624832.0,-1.950392723083496
6686562304.0,-1.9506720304489136
6687499776.0,-1.9526455402374268
6688437248.0,-1.954924464225769
6689375232.0,-1.9592106342315674
6690312704.0,-1.9653304815292358
6691250176.0,-1.972662329673767
6692187648.0,-1.9814096689224243
6693125120.0,-1.9925698041915894
6694062592.0,-2.0032355785369873
6695000064.0,-2.015899181365967
6695937536.0,-2.0299313068389893
6696875008.0,-2.0462534427642822
6697812480.0,-2.0618648529052734
6698749952.0,-2.080035448074341
6699687424.0,-2.1002185344696045
6700624896.0,-2.1229350566864014
6701562368.0,-2.1463558673858643
6702499840.0,-2.170506000518799
6703437312.0,-2.1940908432006836
6704374784.0,-2.217686653137207
6705312256.0,-2.2405455112457275
6706250240.0,-2.2634117603302
6707187712.0,-2.285529375076294
6708125184.0,-2.3073253631591797
6709062656.0,-2.3302865028381348
6710000128.0,-2.351245641708374
6710937600.0,-2.3725359439849854
6711875072.0,-2.391634464263916
6712812544.0,-2.407153606414795
6713750016.0,-2.4203028678894043
6714687488.0,-2.429980993270874
6715624960.0,-2.4376254081726074
6716562432.0,-2.440546751022339
6717499904.0,-2.4429738521575928
6718437376.0,-2.4424517154693604
6719374848.0,-2.441744089126587
6720312320.0,-2.4393248558044434
6721249792.0,-2.4362030029296875
6722187264.0,-2.43319034576416
6723125248.0,-2.431138038635254
6724062720.0,-2.4305710792541504
6725000192.0,-2.4065048694610596
6725937664.0,-2.4108476638793945
6726875136.0,-2.4169082641601562
6727812608.0,-2.4238080978393555
6728750080.0,-2.4316651821136475
6729687552.0,-2.4401845932006836
6730625024.0,-2.449434280395508
6731562496.0,-2.4604196548461914
6732499968.0,-2.4728128910064697
6733437440.0,-2.487668037414551
6734374912.0,-2.504211664199829
6735312384.0,-2.5257692337036133
6736249856.0,-2.550015926361084
6737187328.0,-2.5758373737335205
6738124800.0,-2.603074073791504
6739062272.0,-2.6317343711853027
6739999744.0,-2.6618618965148926
6740937728.0,-2.6935110092163086
6741875200.0,-2.7287447452545166
6742812672.0,-2.7646894454956055
6743750144.0,-2.801455020904541
6744687616.0,-2.839017629623413
6745625088.0,-2.874553680419922
6746562560.0,-2.909332752227783
6747500032.0,-2.94179368019104
6748437504.0,-2.9729294776916504
6749374976.0,-2.999483585357666
6750312448.0,-3.0254271030426025
6751249920.0,-3.0483248233795166
6752187392.0,-3.073028802871704
6753124864.0,-3.0891294479370117
6754062336.0,-3.1036298274993896
6754999808.0,-3.1140284538269043
6755937280.0,-3.1205573081970215
6756874752.0,-3.122992753982544
6757812736.0,-3.1225547790527344
6758750208.0,-3.1178905963897705
6759687680.0,-3.1089847087860107
6760625152.0,-3.0958831310272217
6761562624.0,-3.0770039558410645
6762500096.0,-3.053560733795166
6763437568.0,-3.022196054458618
6764375040.0,-2.9874842166900635
6765312512.0,-2.9472413063049316
6766249984.0,-2.9026100635528564
6767187456.0,-2.854440689086914
6768124928.0,-2.80354380607605
6769062400.0,-2.7479097843170166
6769999872.0,-2.6889517307281494
6770937344.0,-2.6277670860290527
6771874816.0,-2.5631070137023926
6772812288.0,-2.497708797454834
6773749760.0,-2.4313595294952393
6774687744.0,-2.36478853225708
6775625216.0,-2.301055669784546
6776562688.0,-2.237664222717285
6777500160.0,-2.1758265495300293
6778437632.0,-2.120603084564209
6779375104.0,-2.067476511001587
6780312576.0,-2.01812481880188
6781250048.0,-1.9736665487289429
6782187520.0,-1.9314500093460083
6783124992.0,-1.8937387466430664
6784062464.0,-1.859207034111023
6784999936.0,-2.3053531646728516
6785937408.0,-2.2852182388305664
6786874880.0,-2.266489028930664
6787812352.0,-2.2461578845977783
6788749824.0,-2.22922945022583
6789687296.0,-2.2135257720947266
6790624768.0,-2.200124502182007
6791562752.0,-2.189246416091919
6792500224.0,-2.177114248275757
6793437696.0,-2.169034481048584
6794375168.0,-2.1605072021484375
6795312640.0,-2.153230905532837
6796250112.0,-2.1490769386291504
6797187584.0,-2.1459298133850098
6798125056.0,-2.1457901000976562
6799062528.0,-2.1476054191589355
6800000000.0,-2.1538970470428467
6800937472.0,-2.162646770477295
6801874944.0,-2.1730518341064453
6802812416.0,-2.1854970455169678
6803749888.0,-2.2030487060546875
6804687360.0,-2.222778797149658
6805624832.0,-2.242626667022705
6806562304.0,-2.264225959777832
6807499776.0,-2.2876269817352295
6808437248.0,-2.310638666152954
6809375232.0,-2.332646608352661
6810312704.0,-2.3543190956115723
6811250176.0,-2.3734660148620605
6812187648.0,-2.39117431640625
6813125120.0,-2.4060158729553223
6814062592.0,-2.421417713165283
6815000064.0,-2.433544635772705
6815937536.0,-2.443880319595337
6816875008.0,-2.452998161315918
6817812480.0,-2.4575071334838867
6818749952.0,-2.457742691040039
6819687424.0,-2.4558634757995605
6820624896.0,-2.447863817214966
6821562368.0,-2.4370810985565186
6822499840.0,-2.4200801849365234
6823437312.0,-2.4014434814453125
6824374784.0,-2.377352714538574
6825312256.0,-2.353210210800171
6826250240.0,-2.3266379833221436
6827187712.0,-2.296046733856201
6828125184.0,-2.2648394107818604
6829062656.0,-2.2307701110839844
6830000128.0,-2.1935250759124756
6830937600.0,-2.155194044113159
6831875072.0,-2.1162099838256836
6832812544.0,-2.075042724609375
6833750016.0,-2.0329854488372803
6834687488.0,-1.991200566291809
6835624960.0,-1.9475547075271606
6836562432.0,-1.9069666862487793
6837499904.0,-1.8649110794067383
6838437376.0,-1.8247278928756714
6839374848.0,-1.7851907014846802
6840312320.0,-1.7484441995620728
6841249792.0,-1.7120530605316162
6842187264.0,-1.678842544555664
6843125248.0,-1.646320104598999
6844062720.0,-1.6150269508361816
6845000192.0,-1.508949637413025
6845937664.0,-1.478820562362671
6846875136.0,-1.4521881341934204
6847812608.0,-1.4277647733688354
6848750080.0,-1.4072210788726807
6849687552.0,-1.3908250331878662
6850625024.0,-1.3768473863601685
6851562496.0,-1.367614507675171
6852499968.0,-1.3607269525527954
6853437440.0,-1.3562599420547485
6854374912.0,-1.3547358512878418
6855312384.0,-1.3552581071853638
6856249856.0,-1.3576979637145996
6857187328.0,-1.36408531665802
6858124800.0,-1.3714066743850708
6859062272.0,-1.3819668292999268
6860000256.0,-1.3936305046081543
6860937728.0,-1.4080824851989746
6861875200.0,-1.4246000051498413
6862812672.0,-1.4420478343963623
6863750144.0,-1.4615001678466797
6864687616.0,-1.4803550243377686
6865625088.0,-1.5012789964675903
6866562560.0,-1.5204664468765259
6867500032.0,-1.540714144706726
6868437504.0,-1.559814453125
6869374976.0,-1.5774012804031372
6870312448.0,-1.591853141784668
6871249920.0,-1.6083565950393677
6872187392.0,-1.6207668781280518
6873124864.0,-1.6322180032730103
6874062336.0,-1.641975998878479
6874999808.0,-1.6486932039260864
6875937280.0,-1.652216911315918
6876874752.0,-1.6522855758666992
6877812736.0,-1.650280475616455
6878750208.0,-1.6441450119018555
6879687680.0,-1.6349828243255615
6880625152.0,-1.6228512525558472
6881562624.0,-1.608993649482727
6882500096.0,-1.5909696817398071
6883437568.0,-1.5709357261657715
6884375040.0,-1.5477749109268188
6885312512.0,-1.522583246231079
6886249984.0,-1.4940749406814575
6887187456.0,-1.4657570123672485
6888124928.0,-1.4364010095596313
6889062400.0,-1.4062079191207886
6889999872.0,-1.375073790550232
6890937344.0,-1.343947172164917
6891874816.0,-1.3118388652801514
6892812288.0,-1.2822308540344238
6893749760.0,-1.2515109777450562
6894687744.0,-1.220919132232666
6895625216.0,-1.1928925514221191
6896562688.0,-1.164223551750183
6897500160.0,-1.1382256746292114
6898437632.0,-1.1138185262680054
6899375104.0,-1.0898568630218506
6900312576.0,-1.066552758216858
6901250048.0,-1.0459961891174316
6902187520.0,-1.027639627456665
6903124992.0,-1.0106943845748901
6904062464.0,-0.9938249588012695
6904999936.0,-0.9894884824752808
6905937408.0,-0.9854083061218262
6906874880.0,-0.9839851260185242
6907812352.0,-0.9834008812904358
6908749824.0,-0.9870264530181885
6909687296.0,-0.9895833730697632
6910624768.0,-0.9940969944000244
6911562752.0,-0.9988337159156799
6912500224.0,-1.0047016143798828
6913437696.0,-1.0089484453201294
6914375168.0,-1.0133097171783447
6915312640.0,-1.0174669027328491
6916250112.0,-1.0214862823486328
6917187584.0,-1.0234676599502563
6918125056.0,-1.0241992473602295
6919062528.0,-1.024694800376892
6920000000.0,-1.0225274562835693
6920937472.0,-1.0201390981674194
6921874944.0,-1.0178104639053345
6922812416.0,-1.0118616819381714
6923749888.0,-1.006278395652771
6924687360.0,-0.9973778128623962
6925624832.0,-0.9889752268791199
6926562304.0,-0.9758196473121643
6927499776.0,-0.9621754884719849
6928437248.0,-0.9450350403785706
6929375232.0,-0.9280446767807007
6930312704.0,-0.9091129899024963
6931250176.0,-0.8892531991004944
6932187648.0,-0.8678743243217468
6933125120.0,-0.8453718423843384
6934062592.0,-0.8233196139335632
6935000064.0,-0.7988677620887756
6935937536.0,-0.7749501466751099
6936875008.0,-0.7526851296424866
6937812480.0,-0.7298626899719238
6938749952.0,-0.7069692015647888
6939687424.0,-0.6840302348136902
6940624896.0,-0.6626248359680176
6941562368.0,-0.6421291828155518
6942499840.0,-0.6237762570381165
6943437312.0,-0.6056472659111023
6944374784.0,-0.5897069573402405
6945312256.0,-0.5755101442337036
6946250240.0,-0.5634192824363708
6947187712.0,-0.5525287985801697
6948125184.0,-0.5431501865386963
6949062656.0,-0.5370884537696838
6950000128.0,-0.5319671034812927
6950937600.0,-0.5292091369628906
6951875072.0,-0.5271964073181152
6952812544.0,-0.527536928653717
6953750016.0,-0.5286858677864075
6954687488.0,-0.5315911173820496
6955624960.0,-0.5361018180847168
6956562432.0,-0.5434629917144775
6957499904.0,-0.5511847734451294
6958437376.0,-0.5589044094085693
6959374848.0,-0.5693255066871643
6960312320.0,-0.5781828165054321
6961249792.0,-0.5890468955039978
6962187264.0,-0.5996637344360352
6963125248.0,-0.6094383597373962
6964062720.0,-0.6201714873313904
6965000192.0,-0.5298758149147034
6965937664.0,-0.5380942225456238
6966875136.0,-0.5461442470550537
6967812608.0,-0.556162416934967
6968750080.0,-0.5641763806343079
6969687552.0,-0.5730928182601929
6970625024.0,-0.5827036499977112
6971562496.0,-0.5917767286300659
6972499968.0,-0.6020973324775696
6973437440.0,-0.6127671599388123
6974374912.0,-0.6234170198440552
6975312384.0,-0.6346274614334106
6976249856.0,-0.6456912159919739
6977187328.0,-0.6587597727775574
6978124800.0,-0.6702890992164612
6979062272.0,-0.6842644214630127
6979999744.0,-0.6966379284858704
6980937728.0,-0.7093952894210815
6981875200.0,-0.718630850315094
6982812672.0,-0.7297820448875427
6983750144.0,-0.739132285118103
6984687616.0,-0.7492992281913757
6985625088.0,-0.7578672766685486
6986562560.0,-0.7663899660110474
6987500032.0,-0.7726960778236389
6988437504.0,-0.7775841951370239
6989374976.0,-0.7826293110847473
6990312448.0,-0.7857816815376282
6991249920.0,-0.7870268225669861
6992187392.0,-0.7871562838554382
6993124864.0,-0.7872433662414551
6994062336.0,-0.7844027280807495
6994999808.0,-0.7834147810935974
6995937280.0,-0.7791797518730164
6996874752.0,-0.7743929028511047
6997812736.0,-0.7688562273979187
6998750208.0,-0.7610195279121399
6999687680.0,-0.7537091970443726
7000625152.0,-0.7465224862098694
7001562624.0,-0.7363365888595581
7002500096.0,-0.726493239402771
7003437568.0,-0.7159181237220764
7004375040.0,-0.7048190832138062
7005312512.0,-0.6926210522651672
7006249984.0,-0.6804919838905334
7007187456.0,-0.6646943688392639
7008124928.0,-0.6473341584205627
7009062400.0,-0.6300327777862549
7009999872.0,-0.6126024127006531
7010937344.0,-0.5957186818122864
7011874816.0,-0.5776896476745605
7012812288.0,-0.5611619353294373
7013749760.0,-0.5443966388702393
7014687744.0,-0.5278748869895935
7015625216.0,-0.5110485553741455
7016562688.0,-0.4958012104034424
7017500160.0,-0.4800057113170624
7018437632.0,-0.4651426374912262
7019375104.0,-0.45118916034698486
7020312576.0,-0.43753817677497864
7021250048.0,-0.4249363839626312
7022187520.0,-0.41281211376190186
7023124992.0,-0.40133556723594666
7024062464.0,-0.3904005289077759
7024999936.0,-0.29752424359321594
7025937408.0,-0.2997817099094391
7026874880.0,-0.30292966961860657
7027812352.0,-0.3067432641983032
7028749824.0,-0.3116636276245117
7029687296.0,-0.3184656500816345
7030624768.0,-0.32458701729774475
7031562752.0,-0.33262401819229126
7032500224.0,-0.3413805365562439
7033437696.0,-0.35202839970588684
7034375168.0,-0.36348044872283936
7035312640.0,-0.3759884536266327
7036250112.0,-0.386813759803772
7037187584.0,-0.40046802163124084
7038125056.0,-0.4138796925544739
7039062528.0,-0.4262188673019409
7040000000.0,-0.44050851464271545
7040937472.0,-0.4542095959186554
7041874944.0,-0.4686373770236969
7042812416.0,-0.48134708404541016
7043749888.0,-0.4950312376022339
7044687360.0,-0.507617712020874
7045624832.0,-0.520532488822937
7046562304.0,-0.5326222777366638
7047499776.0,-0.5442923307418823
7048437248.0,-0.5542059540748596
7049375232.0,-0.5626488924026489
7050312704.0,-0.5711179971694946
7051250176.0,-0.5780874490737915
7052187648.0,-0.583267092704773
7053125120.0,-0.5895452499389648
7054062592.0,-0.5929248332977295
7055000064.0,-0.5963826775550842
7055937536.0,-0.5974282622337341
7056875008.0,-0.597287118434906
7057812480.0,-0.5965157747268677
7058749952.0,-0.5970622897148132
7059687424.0,-0.5966705083847046
7060624896.0,-0.5954750180244446
7061562368.0,-0.5911803841590881
7062499840.0,-0.5868008136749268
7063437312.0,-0.5814555287361145
7064374784.0,-0.5749797224998474
7065312256.0,-0.5670298337936401
7066250240.0,-0.5594161748886108
7067187712.0,-0.5489301681518555
7068125184.0,-0.5393682718276978
7069062656.0,-0.5294679403305054
7070000128.0,-0.5164627432823181
7070937600.0,-0.5044146180152893
7071875072.0,-0.4915507435798645
7072812544.0,-0.4784168601036072
7073750016.0,-0.4649696946144104
7074687488.0,-0.45104193687438965
7075624960.0,-0.4363289773464203
7076562432.0,-0.4220508337020874
7077499904.0,-0.40577995777130127
7078437376.0,-0.39157435297966003
7079374848.0,-0.375500351190567
7080312320.0,-0.36011385917663574
7081249792.0,-0.3446003198623657
7082187264.0,-0.32987335324287415
7083125248.0,-0.31475377082824707
7084062720.0,-0.3002312481403351
7085000192.0,-0.3641272485256195
7085937664.0,-0.3525021970272064
7086875136.0,-0.34170135855674744
7087812608.0,-0.3315601348876953
7088750080.0,-0.32193347811698914
7089687552.0,-0.3119393587112427
7090625024.0,-0.30335381627082825
7091562496.0,-0.295734167098999
7092499968.0,-0.2888141870498657
7093437440.0,-0.28440696001052856
7094374912.0,-0.27897199988365173
7095312384.0,-0.27594006061553955
7096249856.0,-0.2728792428970337
7097187328.0,-0.2723853886127472
7098124800.0,-0.2713833451271057
7099062272.0,-0.2739337682723999
7100000256.0,-0.27678361535072327
7100937728.0,-0.2819457948207855
7101875200.0,-0.28871434926986694
7102812672.0,-0.2969364821910858
7103750144.0,-0.306620717048645
7104687616.0,-0.318569153547287
7105625088.0,-0.33043211698532104
7106562560.0,-0.34460172057151794
7107500032.0,-0.3601919412612915
7108437504.0,-0.37648332118988037
7109374976.0,-0.39514434337615967
7110312448.0,-0.416271448135376
7111249920.0,-0.4359990656375885
7112187392.0,-0.45825767517089844
7113124864.0,-0.4804854393005371
7114062336.0,-0.5020490884780884
7114999808.0,-0.5248133540153503
7115937280.0,-0.5462610125541687
7116874752.0,-0.5688686370849609
7117812736.0,-0.589801549911499
7118750208.0,-0.6087947487831116
7119687680.0,-0.6288155317306519
7120625152.0,-0.6481333374977112
7121562624.0,-0.666148841381073
7122500096.0,-0.6824520230293274
7123437568.0,-0.6982294917106628
7124375040.0,-0.711207926273346
7125312512.0,-0.7228573560714722
7126249984.0,-0.7331910133361816
7127187456.0,-0.7410422563552856
7128124928.0,-0.7467533946037292
7129062400.0,-0.7502643465995789
7129999872.0,-0.7520372271537781
7130937344.0,-0.7501941323280334
7131874816.0,-0.7475957870483398
7132812288.0,-0.7398298382759094
7133749760.0,-0.7323870658874512
7134687744.0,-0.7225485444068909
7135625216.0,-0.7111863493919373
7136562688.0,-0.6991395950317383
7137500160.0,-0.6839832067489624
7138437632.0,-0.6674839854240417
7139375104.0,-0.6499660611152649
7140312576.0,-0.629938542842865
7141250048.0,-0.6102829575538635
7142187520.0,-0.5897690057754517
7143124992.0,-0.5691592693328857
7144062464.0,-0.4278174936771393
7144999936.0,-0.4271245002746582
7145937408.0,-0.42397159337997437
7146874880.0,-0.42154258489608765
7147812352.0,-0.41794008016586304
7148749824.0,-0.41449540853500366
7149687296.0,-0.4120030999183655
7150624768.0,-0.4097948670387268
7151562752.0,-0.40733465552330017
7152500224.0,-0.40697258710861206
7153437696.0,-0.4068315625190735
7154375168.0,-0.4099465310573578
7155312640.0,-0.41176140308380127
7156250112.0,-0.41733577847480774
7157187584.0,-0.42197975516319275
7158125056.0,-0.42941534519195557
7159062528.0,-0.4379558265209198
7160000000.0,-0.44615188241004944
7160937472.0,-0.4532903730869293
7161874944.0,-0.4610995650291443
7162812416.0,-0.4703664481639862
7163749888.0,-0.480476438999176
7164687360.0,-0.49094298481941223
7165624832.0,-0.5006694197654724
7166562304.0,-0.5111694931983948
7167499776.0,-0.5208410024642944
7168437248.0,-0.5319798588752747
7169375232.0,-0.5414031744003296
7170312704.0,-0.550087034702301
7171250176.0,-0.5580663084983826
7172187648.0,-0.5662000775337219
7173125120.0,-0.5711641907691956
7174062592.0,-0.5754084587097168
7175000064.0,-0.577667236328125
7175937536.0,-0.5791437029838562
7176875008.0,-0.5789597034454346
7177812480.0,-0.5773264765739441
7178749952.0,-0.5745359063148499
7179687424.0,-0.5689417123794556
7180624896.0,-0.5621209144592285
7181562368.0,-0.5546512007713318
7182499840.0,-0.545545220375061
7183437312.0,-0.5365924835205078
7184374784.0,-0.5247287750244141
7185312256.0,-0.5108361840248108
7186250240.0,-0.4942261278629303
7187187712.0,-0.4765200912952423
7188125184.0,-0.45700669288635254
7189062656.0,-0.43928059935569763
7190000128.0,-0.41861653327941895
7190937600.0,-0.3989664912223816
7191875072.0,-0.3795025944709778
7192812544.0,-0.3591412603855133
7193750016.0,-0.33874714374542236
7194687488.0,-0.31982120871543884
7195624960.0,-0.3008151054382324
7196562432.0,-0.2860835790634155
7197499904.0,-0.2688097059726715
7198437376.0,-0.2553790211677551
7199374848.0,-0.24276328086853027
7200312320.0,-0.23151534795761108
7201249792.0,-0.2222762405872345
7202187264.0,-0.21564416587352753
7203125248.0,-0.2104385495185852
7204062720.0,-0.3073505759239197
7205000192.0,-0.3183363676071167
7205937664.0,-0.33215129375457764
7206875136.0,-0.3485786020755768
7207812608.0,-0.36824432015419006
7208750080.0,-0.3902181386947632
7209687552.0,-0.41446465253829956
7210625024.0,-0.4410076141357422
7211562496.0,-0.47051703929901123
7212499968.0,-0.5032492876052856
7213437440.0,-0.535061776638031
7214374912.0,-0.5697452425956726
7215312384.0,-0.6035743951797485
7216249856.0,-0.6379682421684265
7217187328.0,-0.67137211561203
7218124800.0,-0.7038673758506775
7219062272.0,-0.736454427242279
7219999744.0,-0.7666372060775757
7220937728.0,-0.7944896817207336
7221875200.0,-0.819947361946106
7222812672.0,-0.8410305976867676
7223750144.0,-0.8582973480224609
7224687616.0,-0.8724175095558167
7225625088.0,-0.8821436762809753
7226562560.0,-0.8872836232185364
7227500032.0,-0.8869279623031616
7228437504.0,-0.884524405002594
7229374976.0,-0.8749439716339111
7230312448.0,-0.8625142574310303
7231249920.0,-0.8466920256614685
7232187392.0,-0.8251413106918335
7233124864.0,-0.8012358546257019
7234062336.0,-0.7725563645362854
7234999808.0,-0.7419597506523132
7235937280.0,-0.7067300081253052
7236874752.0,-0.6717955470085144
7237812736.0,-0.6349895596504211
7238750208.0,-0.5964707136154175
7239687680.0,-0.5553784370422363
7240625152.0,-0.5149809718132019
7241562624.0,-0.4718199372291565
7242500096.0,-0.4290505647659302
7243437568.0,-0.3845476806163788
7244375040.0,-0.3419298529624939
7245312512.0,-0.300386905670166
7246249984.0,-0.25934359431266785
7247187456.0,-0.22005414962768555
7248124928.0,-0.18308033049106598
7249062400.0,-0.14878273010253906
7249999872.0,-0.11624455451965332
7250937344.0,-0.08759208023548126
7251874816.0,-0.060218729078769684
7252812288.0,-0.03638020157814026
7253749760.0,-0.01587938331067562
7254687744.0,0.001690847217105329
7255625216.0,0.014397735707461834
7256562688.0,0.024279359728097916
7257500160.0,0.02962188608944416
7258437632.0,0.03045640140771866
7259375104.0,0.02742638997733593
7260312576.0,0.0185062438249588
7261250048.0,0.006527959834784269
7262187520.0,-0.010127740912139416
7263124992.0,-0.03181665018200874
7264062464.0,-0.3153991103172302
7264999936.0,-0.31170710921287537
7265937408.0,-0.31026697158813477
7266874880.0,-0.3106343746185303
7267812352.0,-0.3121483325958252
7268749824.0,-0.317535400390625
7269687296.0,-0.32478687167167664
7270624768.0,-0.33267804980278015
7271562752.0,-0.34433111548423767
7272500224.0,-0.35741302371025085
7273437696.0,-0.37133586406707764
7274375168.0,-0.3874036967754364
7275312640.0,-0.40393051505088806
7276250112.0,-0.4217446446418762
7277187584.0,-0.43869102001190186
7278125056.0,-0.4557349979877472
7279062528.0,-0.47058215737342834
7280000000.0,-0.4860602617263794
7280937472.0,-0.5003805160522461
7281874944.0,-0.5108128190040588
7282812416.0,-0.5216055512428284
7283749888.0,-0.5291885733604431
7284687360.0,-0.5349751710891724
7285624832.0,-0.5381739139556885
7286562304.0,-0.5386549234390259
7287499776.0,-0.5394062995910645
7288437248.0,-0.5402010679244995
7289375232.0,-0.5374033451080322
7290312704.0,-0.532656192779541
7291250176.0,-0.5265750288963318
7292187648.0,-0.5174403190612793
7293125120.0,-0.5062962770462036
7294062592.0,-0.49467840790748596
7295000064.0,-0.4796976149082184
7295937536.0,-0.4635777771472931
7296875008.0,-0.4470718502998352
7297812480.0,-0.4286994934082031
7298749952.0,-0.4092634320259094
7299687424.0,-0.39106684923171997
7300624896.0,-0.3738304078578949
7301562368.0,-0.3548780679702759
7302499840.0,-0.3363882005214691
7303437312.0,-0.3188002109527588
7304374784.0,-0.3033868670463562
7305312256.0,-0.289136677980423
7306250240.0,-0.2758326232433319
7307187712.0,-0.263640433549881
7308125184.0,-0.25277671217918396
7309062656.0,-0.243036150932312
7310000128.0,-0.23564991354942322
7310937600.0,-0.22894328832626343
7311875072.0,-0.22398518025875092
7312812544.0,-0.22069676220417023
7313750016.0,-0.2191143035888672
7314687488.0,-0.21752239763736725
7315624960.0,-0.21651901304721832
7316562432.0,-0.21594960987567902
7317499904.0,-0.21519125998020172
7318437376.0,-0.21379278600215912
7319374848.0,-0.21092885732650757
7320312320.0,-0.20706386864185333
7321249792.0,-0.20291469991207123
7322187264.0,-0.19636663794517517
7323125248.0,-0.18788966536521912
7324062720.0,-0.33243751525878906
7325000192.0,-0.3121977150440216
7325937664.0,-0.2892269790172577
7326875136.0,-0.26440516114234924
7327812608.0,-0.23777872323989868
7328750080.0,-0.21071988344192505
7329687552.0,-0.1823880672454834
7330625024.0,-0.1557254195213318
7331562496.0,-0.12996433675289154
7332499968.0,-0.10557882487773895
7333437440.0,-0.08366818726062775
7334374912.0,-0.0652177482843399
7335312384.0,-0.05058510974049568
7336249856.0,-0.04112667590379715
7337187328.0,-0.03710527718067169
7338124800.0,-0.03611757978796959
7339062272.0,-0.03704192116856575
7340000256.0,-0.04241038113832474
7340937728.0,-0.053704988211393356
7341875200.0,-0.07023961842060089
7342812672.0,-0.08887002617120743
7343750144.0,-0.110713429749012
7344687616.0,-0.13525131344795227
7345625088.0,-0.1615840643644333
7346562560.0,-0.18578679859638214
7347500032.0,-0.2112472653388977
7348437504.0,-0.2364339977502823
7349374976.0,-0.25923651456832886
7350312448.0,-0.2789197862148285
7351249920.0,-0.2951822280883789
7352187392.0,-0.3077948987483978
7353124864.0,-0.31637564301490784
7354062336.0,-0.31978312134742737
7354999808.0,-0.31947922706604004
7355937280.0,-0.3130768835544586
7356874752.0,-0.30248430371284485
7357812736.0,-0.28617918491363525
7358750208.0,-0.26687657833099365
7359687680.0,-0.2428075224161148
7360625152.0,-0.21696430444717407
7361562624.0,-0.1868453174829483
7362500096.0,-0.1564141809940338
7363437568.0,-0.12329072505235672
7364375040.0,-0.0883461982011795
7365312512.0,-0.05420874059200287
7366249984.0,-0.022312339395284653
7367187456.0,0.006863866001367569
7368124928.0,0.03331327438354492
7369062400.0,0.05548743158578873
7369999872.0,0.0735444724559784
7370937344.0,0.08662942796945572
7371874816.0,0.09737735986709595
7372812288.0,0.10561320185661316
7373749760.0,0.11013475060462952
7374687744.0,0.11366041749715805
7375625216.0,0.11625786870718002
7376562688.0,0.11808398365974426
7377500160.0,0.11607891321182251
7378437632.0,0.1156228706240654
7379375104.0,0.1144656240940094
7380312576.0,0.110793836414814
7381250048.0,0.10571469366550446
7382187520.0,0.10033465176820755
7383124992.0,0.09272976219654083
7384062464.0,-0.21685129404067993
7384999936.0,-0.23421382904052734
7385937408.0,-0.2510872781276703
7386874880.0,-0.26886966824531555
7387812352.0,-0.28608009219169617
7388749824.0,-0.3013022840023041
7389687296.0,-0.3157431185245514
7390624768.0,-0.32792195677757263
7391562752.0,-0.3375234007835388
7392500224.0,-0.34460389614105225
7393437696.0,-0.34895360469818115
7394375168.0,-0.3514816164970398
7395312640.0,-0.3496052920818329
7396250112.0,-0.3434267044067383
7397187584.0,-0.33335980772972107
7398125056.0,-0.31978949904441833
7399062528.0,-0.30346161127090454
7400000000.0,-0.2836913764476776
7400937472.0,-0.2607564628124237
7401874944.0,-0.23487742245197296
7402812416.0,-0.20596791803836823
7403749888.0,-0.17344661056995392
7404687360.0,-0.13965612649917603
7405624832.0,-0.10485609620809555
7406562304.0,-0.06787338852882385
7407499776.0,-0.03218560665845871
7408437248.0,0.0056864419020712376
7409375232.0,0.04180138558149338
7410312704.0,0.07813328504562378
7411250176.0,0.11273351311683655
7412187648.0,0.14591410756111145
7413125120.0,0.1766805499792099
7414062592.0,0.20708723366260529
7415000064.0,0.2332850992679596
7415937536.0,0.25742223858833313
7416875008.0,0.2779645025730133
7417812480.0,0.29558125138282776
7418749952.0,0.309615820646286
7419687424.0,0.31924039125442505
7420624896.0,0.32615169882774353
7421562368.0,0.32847264409065247
7422499840.0,0.3270494043827057
7423437312.0,0.3230430781841278
7424374784.0,0.31481045484542847
7425312256.0,0.30407190322875977
7426250240.0,0.2899083197116852
7427187712.0,0.27139660716056824
7428125184.0,0.25163033604621887
7429062656.0,0.22836855053901672
7430000128.0,0.20363891124725342
7430937600.0,0.17718975245952606
7431875072.0,0.14833557605743408
7432812544.0,0.11922118812799454
7433750016.0,0.08747673779726028
7434687488.0,0.055967796593904495
7435624960.0,0.024360381066799164
7436562432.0,-0.007724753115326166
7437499904.0,-0.03906354308128357
7438437376.0,-0.06912891566753387
7439374848.0,-0.09828045219182968
7440312320.0,-0.12882158160209656
7441249792.0,-0.1578635275363922
7442187264.0,-0.18546171486377716
7443125248.0,-0.2111688107252121
7444062720.0,0.03403147682547569
7445000192.0,0.019420046359300613
7445937664.0,0.0020306184887886047
7446875136.0,-0.01454909984022379
7447812608.0,-0.03068322315812111
7448750080.0,-0.04747173935174942
7449687552.0,-0.0646301731467247
7450625024.0,-0.0804600641131401
7451562496.0,-0.09399298578500748
7452499968.0,-0.10726004093885422
7453437440.0,-0.11756109446287155
7454374912.0,-0.12692010402679443
7455312384.0,-0.13329775631427765
7456249856.0,-0.13759057223796844
7457187328.0,-0.13926738500595093
7458124800.0,-0.14039789140224457
7459062272.0,-0.13656751811504364
7459999744.0,-0.13339421153068542
7460937728.0,-0.12698586285114288
7461875200.0,-0.11913124471902847
7462812672.0,-0.11111439764499664
7463750144.0,-0.10044239461421967
7464687616.0,-0.08930452167987823
7465625088.0,-0.07903535664081573
7466562560.0,-0.0718759074807167
7467500032.0,-0.06311443448066711
7468437504.0,-0.05580088496208191
7469374976.0,-0.047110408544540405
7470312448.0,-0.04082102328538895
7471249920.0,-0.035392433404922485
7472187392.0,-0.030196035280823708
7473124864.0,-0.026132207363843918
7474062336.0,-0.023729955777525902
7474999808.0,-0.023582393303513527
7475937280.0,-0.023737413808703423
7476874752.0,-0.025998985394835472
7477812736.0,-0.029761819168925285
7478750208.0,-0.03437602147459984
7479687680.0,-0.041380174458026886
7480625152.0,-0.04818284884095192
7481562624.0,-0.05775874853134155
7482500096.0,-0.06739935278892517
7483437568.0,-0.07832618057727814
7484375040.0,-0.08948476612567902
7485312512.0,-0.10057811439037323
7486249984.0,-0.11150207370519638
7487187456.0,-0.12287084758281708
7488124928.0,-0.13297665119171143
7489062400.0,-0.14310386776924133
7489999872.0,-0.15170398354530334
7490937344.0,-0.1593698114156723
7491874816.0,-0.1647033989429474
7492812288.0,-0.16714313626289368
7493749760.0,-0.1692916750907898
7494687744.0,-0.169769287109375
7495625216.0,-0.1679716855287552
7496562688.0,-0.16385199129581451
7497500160.0,-0.15811331570148468
7498437632.0,-0.15235432982444763
7499375104.0,-0.14292222261428833
7500312576.0,-0.13329312205314636
7501250048.0,-0.12288108468055725
7502187520.0,-0.11233650147914886
7503124992.0,-0.10156528651714325
7504062464.0,-0.100195974111557
7504999936.0,-0.074698306620121
7505937408.0,-0.051243457943201065
7506874880.0,-0.03115108050405979
7507812352.0,-0.013703233562409878
7508749824.0,-0.001584725803695619
7509687296.0,0.007538806181401014
7510624768.0,0.01331100519746542
7511562752.0,0.013784149661660194
7512500224.0,0.011681848205626011
7513437696.0,0.0056061833165585995
7514375168.0,-0.0034322519786655903
7515312640.0,-0.016187794506549835
7516250112.0,-0.029462400823831558
7517187584.0,-0.0428045317530632
7518125056.0,-0.05732448026537895
7519062528.0,-0.07139761000871658
7520000000.0,-0.08647578209638596
7520937472.0,-0.10074503719806671
7521874944.0,-0.11445008963346481
7522812416.0,-0.12693199515342712
7523749888.0,-0.1364547312259674
7524687360.0,-0.14485806226730347
7525624832.0,-0.1499231457710266
7526562304.0,-0.15234504640102386
7527499776.0,-0.15180562436580658
7528437248.0,-0.14836934208869934
7529375232.0,-0.14278770983219147
7530312704.0,-0.13453345000743866
7531250176.0,-0.12411336600780487
7532187648.0,-0.11155182868242264
7533125120.0,-0.0973660796880722
7534062592.0,-0.08346076309680939
7535000064.0,-0.06967324763536453
7535937536.0,-0.05465087667107582
7536875008.0,-0.04063796252012253
7537812480.0,-0.02909235842525959
7538749952.0,-0.01997246779501438
7539687424.0,-0.011658557690680027
7540624896.0,-0.007086615078151226
7541562368.0,-0.006354441400617361
7542499840.0,-0.00777714978903532
7543437312.0,-0.01502971164882183
7544374784.0,-0.025678839534521103
7545312256.0,-0.04121847450733185
7546250240.0,-0.0592278353869915
7547187712.0,-0.08194269984960556
7548125184.0,-0.10749800503253937
7549062656.0,-0.1349167376756668
7550000128.0,-0.16468051075935364
7550937600.0,-0.19440245628356934
7551875072.0,-0.224656879901886
7552812544.0,-0.2526424825191498
7553750016.0,-0.27854278683662415
7554687488.0,-0.30253109335899353
7555624960.0,-0.3230257034301758
7556562432.0,-0.3412838578224182
7557499904.0,-0.35774847865104675
7558437376.0,-0.3719508647918701
7559374848.0,-0.38531556725502014
7560312320.0,-0.39875495433807373
7561249792.0,-0.4104723632335663
7562187264.0,-0.42301446199417114
7563125248.0,-0.4353273808956146
7564062720.0,-0.452155739068985
7565000192.0,-0.43881914019584656
7565937664.0,-0.42294201254844666
7566875136.0,-0.40685683488845825
7567812608.0,-0.3854970335960388
7568750080.0,-0.36118602752685547
7569687552.0,-0.33751535415649414
7570625024.0,-0.3119659125804901
7571562496.0,-0.2868694067001343
7572499968.0,-0.25927117466926575
7573437440.0,-0.2316744029521942
7574374912.0,-0.20325042307376862
7575312384.0,-0.1762009859085083
7576249856.0,-0.14945092797279358
7577187328.0,-0.12275484204292297
7578124800.0,-0.09618925303220749
7579062272.0,-0.07146629691123962
7580000256.0,-0.04761108011007309
7580937728.0,-0.026090700179338455
7581875200.0,-0.005261474754661322
7582812672.0,0.012357605621218681
7583750144.0,0.02801058627665043
7584687616.0,0.04151234030723572
7585625088.0,0.05262978374958038
7586562560.0,0.0609746091067791
7587500032.0,0.0670846477150917
7588437504.0,0.07074897736310959
7589374976.0,0.07166890054941177
7590312448.0,0.07020717114210129
7591249920.0,0.06631994992494583
7592187392.0,0.06134273484349251
7593124864.0,0.05481681227684021
7594062336.0,0.04597734287381172
7594999808.0,0.035971950739622116
7595937280.0,0.02365880087018013
7596874752.0,0.010835245251655579
7597812736.0,-0.002907324582338333
7598750208.0,-0.019150536507368088
7599687680.0,-0.035165105015039444
7600625152.0,-0.05183842033147812
7601562624.0,-0.07048660516738892
7602500096.0,-0.08849994093179703
7603437568.0,-0.10624107718467712
7604375040.0,-0.1240391731262207
7605312512.0,-0.13932473957538605
7606249984.0,-0.15584701299667358
7607187456.0,-0.1701444685459137
7608124928.0,-0.18511709570884705
7609062400.0,-0.19874048233032227
7609999872.0,-0.2101716548204422
7610937344.0,-0.22140243649482727
7611874816.0,-0.23123976588249207
7612812288.0,-0.23856079578399658
7613749760.0,-0.24604661762714386
7614687744.0,-0.2525961697101593
7615625216.0,-0.2564678490161896
7616562688.0,-0.2593667507171631
7617500160.0,-0.2611512243747711
7618437632.0,-0.26389816403388977
7619375104.0,-0.2686190903186798
7620312576.0,-0.2715193033218384
7621250048.0,-0.273804634809494
7622187520.0,-0.27725547552108765
7623124992.0,-0.27978262305259705
7624062464.0,-0.2773996889591217
7624999936.0,-0.2843358814716339
7625937408.0,-0.2876661419868469
7626874880.0,-0.2908467948436737
7627812352.0,-0.2904869318008423
7628749824.0,-0.2894822955131531
7629687296.0,-0.2858971357345581
7630624768.0,-0.2809441387653351
7631562752.0,-0.2737327814102173
7632500224.0,-0.2651841640472412
7633437696.0,-0.25636714696884155
7634375168.0,-0.24416132271289825
7635312640.0,-0.23247484862804413
7636250112.0,-0.22069843113422394
7637187584.0,-0.2078908085823059
7638125056.0,-0.1953209489583969
7639062528.0,-0.18302501738071442
7640000000.0,-0.17121578752994537
7640937472.0,-0.15915638208389282
7641874944.0,-0.14814655482769012
7642812416.0,-0.13729453086853027
7643749888.0,-0.12832365930080414
7644687360.0,-0.12308982014656067
7645624832.0,-0.1177949532866478
7646562304.0,-0.11453335732221603
7647499776.0,-0.11242423206567764
7648437248.0,-0.11114481836557388
7649375232.0,-0.11040958017110825
7650312704.0,-0.11136475205421448
7651250176.0,-0.11462296545505524
7652187648.0,-0.11797942221164703
7653125120.0,-0.12395694106817245
7654062592.0,-0.1287386566400528
7655000064.0,-0.13603192567825317
7655937536.0,-0.14378637075424194
7656875008.0,-0.15078414976596832
7657812480.0,-0.1599278748035431
7658749952.0,-0.16764883697032928
7659687424.0,-0.1773757040500641
7660624896.0,-0.1854150891304016
7661562368.0,-0.19467967748641968
7662499840.0,-0.2038600742816925
7663437312.0,-0.21195928752422333
7664374784.0,-0.2205536812543869
7665312256.0,-0.22813263535499573
7666250240.0,-0.2343459129333496
7667187712.0,-0.2394038587808609
7668125184.0,-0.24364422261714935
7669062656.0,-0.24597299098968506
7670000128.0,-0.24805422127246857
7670937600.0,-0.24840784072875977
7671875072.0,-0.2470758557319641
7672812544.0,-0.24364160001277924
7673750016.0,-0.24017462134361267
7674687488.0,-0.2357354462146759
7675624960.0,-0.2312096357345581
7676562432.0,-0.22414882481098175
7677499904.0,-0.2172194868326187
7678437376.0,-0.20890118181705475
7679374848.0,-0.20042279362678528
7680312320.0,-0.19191008806228638
7681249792.0,-0.1824037730693817
7682187264.0,-0.1739492416381836
7683125248.0,-0.16343547403812408
7684062720.0,0.06436106562614441
7685000192.0,0.0785672515630722
7685937664.0,0.09061748534440994
7686875136.0,0.0996275246143341
7687812608.0,0.10815092921257019
7688750080.0,0.11286766082048416
7689687552.0,0.11449210345745087
7690625024.0,0.11454932391643524
7691562496.0,0.11195440590381622
7692499968.0,0.10584208369255066
7693437440.0,0.09839759767055511
7694374912.0,0.08849822729825974
7695312384.0,0.07374004274606705
7696249856.0,0.057025134563446045
7697187328.0,0.0394897498190403
7698124800.0,0.019474368542432785
7699062272.0,-0.0016199983656406403
7699999744.0,-0.02455710992217064
7700937728.0,-0.048320841044187546
7701875200.0,-0.07100288569927216
7702812672.0,-0.09582701325416565
7703750144.0,-0.11950960010290146
7704687616.0,-0.14290031790733337
7705625088.0,-0.1636938899755478
7706562560.0,-0.18652130663394928
7707500032.0,-0.20515944063663483
7708437504.0,-0.22444839775562286
7709374976.0,-0.24081848561763763
7710312448.0,-0.2552397847175598
7711249920.0,-0.2705030143260956
7712187392.0,-0.28130513429641724
7713124864.0,-0.291267067193985
7714062336.0,-0.29969915747642517
7714999808.0,-0.30585768818855286
7715937280.0,-0.3108230531215668
7716874752.0,-0.3137190639972687
7717812736.0,-0.31402865052223206
7718750208.0,-0.3142932653427124
7719687680.0,-0.3132011890411377
7720625152.0,-0.30937567353248596
7721562624.0,-0.3049369156360626
7722500096.0,-0.30076634883880615
7723437568.0,-0.29237520694732666
7724375040.0,-0.2858439087867737
7725312512.0,-0.2790502905845642
7726249984.0,-0.2703840434551239
7727187456.0,-0.2628464102745056
7728124928.0,-0.255211740732193
7729062400.0,-0.24796564877033234
7729999872.0,-0.24061398208141327
7730937344.0,-0.2334766983985901
7731874816.0,-0.2276804894208908
7732812288.0,-0.22185803949832916
7733749760.0,-0.2170204073190689
7734687744.0,-0.21175871789455414
7735625216.0,-0.20825093984603882
7736562688.0,-0.20453213155269623
7737500160.0,-0.20352943241596222
7738437632.0,-0.20131655037403107
7739375104.0,-0.20180046558380127
7740312576.0,-0.20280097424983978
7741250048.0,-0.20373407006263733
7742187520.0,-0.2085423469543457
7743124992.0,-0.2116633504629135
7744062464.0,-0.2063399851322174
7744999936.0,-0.17198747396469116
7745937408.0,-0.1326022744178772
7746874880.0,-0.09150474518537521
7747812352.0,-0.05133580043911934
7748749824.0,-0.012951042503118515
7749687296.0,0.023582441732287407
7750624768.0,0.057283561676740646
7751562752.0,0.08946499228477478
7752500224.0,0.11920490860939026
7753437696.0,0.1452203094959259
7754375168.0,0.1677001714706421
7755312640.0,0.18721729516983032
7756250112.0,0.2046327143907547
7757187584.0,0.2153652459383011
7758125056.0,0.22395779192447662
7759062528.0,0.2293926477432251
7760000000.0,0.23167157173156738
7760937472.0,0.2301034778356552
7761874944.0,0.22558695077896118
7762812416.0,0.21972154080867767
7763749888.0,0.20925112068653107
7764687360.0,0.1987706571817398
7765624832.0,0.18470335006713867
7766562304.0,0.1694542020559311
7767499776.0,0.15209943056106567
7768437248.0,0.13347148895263672
7769375232.0,0.11400081217288971
7770312704.0,0.09355223178863525
7771250176.0,0.07314103841781616
7772187648.0,0.05394449830055237
7773125120.0,0.03423183038830757
7774062592.0,0.014271718449890614
7775000064.0,-0.0068089221604168415
7775937536.0,-0.025870470330119133
7776875008.0,-0.04541732370853424
7777812480.0,-0.0638541579246521
7778749952.0,-0.08217298239469528
7779687424.0,-0.09909141063690186
7780624896.0,-0.11601315438747406
7781562368.0,-0.13095201551914215
7782499840.0,-0.1465325504541397
7783437312.0,-0.15977971255779266
7784374784.0,-0.17338337004184723
7785312256.0,-0.1846083551645279
7786250240.0,-0.19417159259319305
7787187712.0,-0.2050274908542633
7788125184.0,-0.21480032801628113
7789062656.0,-0.2232026904821396
7790000128.0,-0.22993910312652588
7790937600.0,-0.23657584190368652
7791875072.0,-0.24327203631401062
7792812544.0,-0.2494892179965973
7793750016.0,-0.25591039657592773
7794687488.0,-0.2598891258239746
7795624960.0,-0.2646251618862152
7796562432.0,-0.2707879841327667
7797499904.0,-0.27752920985221863
7798437376.0,-0.2847483158111572
7799374848.0,-0.2892392873764038
7800312320.0,-0.2937517762184143
7801249792.0,-0.2975216507911682
7802187264.0,-0.2972363829612732
7803125248.0,-0.29614952206611633
7804062720.0,-0.27956098318099976
7805000192.0,-0.26980161666870117
7805937664.0,-0.26082825660705566
7806875136.0,-0.25146955251693726
7807812608.0,-0.23987989127635956
7808750080.0,-0.2271854132413864
7809687552.0,-0.2140006422996521
7810625024.0,-0.1990101933479309
7811562496.0,-0.18461337685585022
7812499968.0,-0.17015700042247772
7813437440.0,-0.1532142162322998
7814374912.0,-0.13809619843959808
7815312384.0,-0.12126298248767853
7816249856.0,-0.10548719763755798
7817187328.0,-0.0884363204240799
7818124800.0,-0.07326740026473999
7819062272.0,-0.055816762149333954
7820000256.0,-0.039618756622076035
7820937728.0,-0.024433212354779243
7821875200.0,-0.009939873591065407
7822812672.0,0.001286600367166102
7823750144.0,0.01101459190249443
7824687616.0,0.020361078903079033
7825625088.0,0.02942606806755066
7826562560.0,0.038720302283763885
7827500032.0,0.046079088002443314
7828437504.0,0.052403002977371216
7829374976.0,0.058741193264722824
7830312448.0,0.06383801251649857
7831249920.0,0.06897667795419693
7832187392.0,0.07209344208240509
7833124864.0,0.07505977898836136
7834062336.0,0.07995875924825668
7834999808.0,0.08184303343296051
7835937280.0,0.08394496142864227
7836874752.0,0.08501844108104706
7837812736.0,0.0863349661231041
7838750208.0,0.08731638640165329
7839687680.0,0.08753062039613724
7840625152.0,0.08803445845842361
7841562624.0,0.08808249980211258
7842500096.0,0.08912014216184616
7843437568.0,0.08729604631662369
7844375040.0,0.08707582205533981
7845312512.0,0.08610421419143677
7846249984.0,0.08523815870285034
7847187456.0,0.08405247330665588
7848124928.0,0.08000151067972183
7849062400.0,0.0760219618678093
7849999872.0,0.07067318260669708
7850937344.0,0.06620759516954422
7851874816.0,0.059909284114837646
7852812288.0,0.053250059485435486
7853749760.0,0.04673347622156143
7854687744.0,0.04040521755814552
7855625216.0,0.03224858641624451
7856562688.0,0.024257058277726173
7857500160.0,0.015283509157598019
7858437632.0,0.00547889806330204
7859375104.0,-0.003466096706688404
7860312576.0,-0.014055054634809494
7861250048.0,-0.025394035503268242
7862187520.0,-0.03535108640789986
7863124992.0,-0.04689063876867294
7864062464.0,0.04961897060275078
7864999936.0,0.04034050926566124
7865937408.0,0.030589502304792404
7866874880.0,0.024282529950141907
7867812352.0,0.017834067344665527
7868749824.0,0.010905642062425613
7869687296.0,0.00481158634647727
7870624768.0,0.0005580814904533327
7871562752.0,-0.0038436606992036104
7872500224.0,-0.007171343080699444
7873437696.0,-0.012216348201036453
7874375168.0,-0.01818242110311985
7875312640.0,-0.024076081812381744
7876250112.0,-0.031186843290925026
7877187584.0,-0.03626394271850586
7878125056.0,-0.04389618709683418
7879062528.0,-0.05089772120118141
7880000000.0,-0.06004267930984497
7880937472.0,-0.07025274634361267
7881874944.0,-0.08133315294981003
7882812416.0,-0.09378736466169357
7883749888.0,-0.10822556167840958
7884687360.0,-0.12362754344940186
7885624832.0,-0.14196287095546722
7886562304.0,-0.16118857264518738
7887499776.0,-0.18163320422172546
7888437248.0,-0.2041502445936203
7889375232.0,-0.2260018289089203
7890312704.0,-0.25061532855033875
7891250176.0,-0.2748435139656067
7892187648.0,-0.30007657408714294
7893125120.0,-0.3253614008426666
7894062592.0,-0.3513573110103607
7895000064.0,-0.375711590051651
7895937536.0,-0.40084195137023926
7896875008.0,-0.42368853092193604
7897812480.0,-0.44503599405288696
7898749952.0,-0.4635108709335327
7899687424.0,-0.480351060628891
7900624896.0,-0.49442267417907715
7901562368.0,-0.5057114362716675
7902499840.0,-0.5140026807785034
7903437312.0,-0.5195465683937073
7904374784.0,-0.523874819278717
7905312256.0,-0.5237529873847961
7906250240.0,-0.5208584070205688
7907187712.0,-0.5160585641860962
7908125184.0,-0.5072916150093079
7909062656.0,-0.49536994099617004
7910000128.0,-0.48092201352119446
7910937600.0,-0.4641461670398712
7911875072.0,-0.4446006715297699
7912812544.0,-0.42327678203582764
7913750016.0,-0.39937442541122437
7914687488.0,-0.3736949861049652
7915624960.0,-0.3465205132961273
7916562432.0,-0.31807267665863037
7917499904.0,-0.28930509090423584
7918437376.0,-0.25977689027786255
7919374848.0,-0.23040440678596497
7920312320.0,-0.19917406141757965
7921249792.0,-0.16848339140415192
7922187264.0,-0.13992533087730408
7923125248.0,-0.11027582734823227
7924062720.0,0.042132288217544556
7925000192.0,0.0646677166223526
7925937664.0,0.08565372973680496
7926875136.0,0.10250894725322723
7927812608.0,0.11864017695188522
7928750080.0,0.13118000328540802
7929687552.0,0.14135895669460297
7930625024.0,0.15028871595859528
7931562496.0,0.15500637888908386
7932499968.0,0.15875986218452454
7933437440.0,0.15921267867088318
7934374912.0,0.158428356051445
7935312384.0,0.1551607996225357
7936249856.0,0.14902257919311523
7937187328.0,0.14217396080493927
7938124800.0,0.13367488980293274
7939062272.0,0.12218844890594482
7939999744.0,0.11036553978919983
7940937728.0,0.0962066799402237
7941875200.0,0.0815146416425705
7942812672.0,0.06409843266010284
7943750144.0,0.04596736654639244
7944687616.0,0.026940636336803436
7945625088.0,0.006875224877148867
7946562560.0,-0.013994152657687664
7947500032.0,-0.03437241539359093
7948437504.0,-0.058805305510759354
7949374976.0,-0.079399473965168
7950312448.0,-0.10004033148288727
7951249920.0,-0.12102554738521576
7952187392.0,-0.1425812542438507
7953124864.0,-0.16338559985160828
7954062336.0,-0.18662157654762268
7954999808.0,-0.20729748904705048
7955937280.0,-0.23023776710033417
7956874752.0,-0.2512855529785156
7957812736.0,-0.27293911576271057
7958750208.0,-0.29435625672340393
7959687680.0,-0.31531214714050293
7960625152.0,-0.33597269654273987
7961562624.0,-0.35605746507644653
7962500096.0,-0.3757840394973755
7963437568.0,-0.39525020122528076
7964375040.0,-0.4134480655193329
7965312512.0,-0.4300730526447296
7966249984.0,-0.4460574984550476
7967187456.0,-0.4608791470527649
7968124928.0,-0.47471481561660767
7969062400.0,-0.4869239628314972
7969999872.0,-0.4974161386489868
7970937344.0,-0.5064280033111572
7971874816.0,-0.5128394365310669
7972812288.0,-0.5185771584510803
7973749760.0,-0.5214859843254089
7974687744.0,-0.5229339599609375
7975625216.0,-0.5230922698974609
7976562688.0,-0.5213629007339478
7977500160.0,-0.5177047848701477
7978437632.0,-0.511300265789032
7979375104.0,-0.5024906396865845
7980312576.0,-0.4906468987464905
7981250048.0,-0.47836005687713623
7982187520.0,-0.4630473256111145
7983124992.0,-0.44509994983673096
7984062464.0,-0.4239768981933594
7984999936.0,-0.4092056155204773
7985937408.0,-0.39465615153312683
7986874880.0,-0.3781503736972809
7987812352.0,-0.3614819645881653
7988749824.0,-0.3438655436038971
7989687296.0,-0.3253275752067566
7990624768.0,-0.3055247366428375
7991562752.0,-0.2855629622936249
7992500224.0,-0.2650773227214813
7993437696.0,-0.24416515231132507
7994375168.0,-0.22283577919006348
7995312640.0,-0.20232366025447845
7996250112.0,-0.18308883905410767
7997187584.0,-0.16252297163009644
7998125056.0,-0.14102856814861298
7999062528.0,-0.12258632481098175
8000000000.0,-0.10267776250839233
