Frequency (Hz),Measurement
2000000000.0,0.18744820356369019
2000937472.0,0.18018902838230133
2001874944.0,0.17270204424858093
2002812544.0,0.16321703791618347
2003750016.0,0.15381142497062683
2004687488.0,0.14288760721683502
2005624960.0,0.13204115629196167
2006562560.0,0.11983539909124374
2007500032.0,0.10881765186786652
2008437504.0,0.09569662809371948
2009374976.0,0.08189156651496887
2010312448.0,0.06898767501115799
2011250048.0,0.05555705353617668
2012187520.0,0.04115073010325432
2013124992.0,0.026235533878207207
2014062464.0,0.012234833091497421
2015000064.0,-0.0019794246181845665
2015937536.0,-0.015675969421863556
2016875008.0,-0.02972501330077648
2017812480.0,-0.042893800884485245
2018749952.0,-0.0547848604619503
2019687552.0,-0.06600511074066162
2020625024.0,-0.07721468806266785
2021562496.0,-0.08738645911216736
2022499968.0,-0.09551072120666504
2023437440.0,-0.10314223170280457
2024375040.0,-0.10880457609891891
2025312512.0,-0.11352093517780304
2026249984.0,-0.11657897382974625
2027187456.0,-0.11784346401691437
2028125056.0,-0.11771693825721741
2029062528.0,-0.1154024600982666
2030000000.0,-0.11207295954227448
2030937472.0,-0.10800117999315262
2031874944.0,-0.10107391327619553
2032812544.0,-0.0936259925365448
2033750016.0,-0.08502276986837387
2034687488.0,-0.07469769567251205
2035624960.0,-0.06354834884405136
2036562560.0,-0.05147697776556015
2037500032.0,-0.0392453633248806
2038437504.0,-0.025566285476088524
2039374976.0,-0.011311041191220284
2040312448.0,0.002678322372958064
2041250048.0,0.015308204106986523
2042187520.0,0.029934050515294075
2043124992.0,0.04415786638855934
2044062464.0,0.05718820169568062
2044999936.0,0.07012555748224258
2045937536.0,0.0830162987112999
2046875008.0,0.09369505941867828
2047812480.0,0.10364465415477753
2048749952.0,0.10204332321882248
2049687552.0,0.10988114029169083
2050625024.0,0.11787467449903488
2051562496.0,0.12300245463848114
2052499968.0,0.1263761967420578
2053437440.0,0.12816999852657318
2054375040.0,0.12805773317813873
2055312512.0,0.1262412816286087
2056249984.0,0.12247765064239502
2057187456.0,0.11585956066846848
2058125056.0,0.10750134289264679
2059062528.0,0.09715623408555984
2060000000.0,0.0853482037782669
2060937472.0,0.07072838395833969
2061874944.0,0.056548699736595154
2062812544.0,0.04112659767270088
2063750016.0,0.024132484570145607
2064687488.0,0.00648121815174818
2065624960.0,-0.0103572653606534
2066562560.0,-0.028691556304693222
2067500032.0,-0.04575804993510246
2068437504.0,-0.06179152801632881
2069374976.0,-0.07792331278324127
2070312448.0,-0.09231119602918625
2071250048.0,-0.1053866297006607
2072187520.0,-0.1162152960896492
2073124992.0,-0.1259668469429016
2074062464.0,-0.13355082273483276
2075000064.0,-0.1388789564371109
2075937536.0,-0.14272145926952362
2076875008.0,-0.14378295838832855
2077812480.0,-0.14355933666229248
2078749952.0,-0.14128851890563965
2079687552.0,-0.13564005494117737
2080625024.0,-0.12964391708374023
2081562496.0,-0.1226942166686058
2082499968.0,-0.11312129348516464
2083437440.0,-0.1024913638830185
2084375040.0,-0.09088984876871109
2085312512.0,-0.07929573208093643
2086249984.0,-0.06724206358194351
2087187456.0,-0.05478304997086525
2088125056.0,-0.0427611842751503
2089062528.0,-0.030877385288476944
2090000000.0,-0.018118487671017647
2090937472.0,-0.0073042926378548145
2091874944.0,0.0033783523831516504
2092812544.0,0.013497697189450264
2093750016.0,0.022648826241493225
2094687488.0,0.03148644417524338
2095624960.0,0.03904295712709427
2096562560.0,0.044422585517168045
2097500032.0,0.050745490938425064
2098437504.0,0.056731898337602615
2099374976.0,0.060789238661527634
2100312448.0,0.0658070296049118
2101250048.0,0.07023052126169205
2102187520.0,0.0746714398264885
2103124992.0,0.07920920848846436
2104062464.0,0.08447270840406418
2104999936.0,0.08872653543949127
2105937536.0,0.0918605625629425
2106875008.0,0.0964185819029808
2107812480.0,0.10212459415197372
2108749952.0,0.13334646821022034
2109687552.0,0.1392628401517868
2110625024.0,0.1440836489200592
2111562496.0,0.1491791158914566
2112499968.0,0.15266181528568268
2113437440.0,0.15542180836200714
2114375040.0,0.1568787544965744
2115312512.0,0.15804189443588257
2116249984.0,0.15687140822410583
2117187456.0,0.1558150202035904
2118125056.0,0.1517135351896286
2119062528.0,0.1476552039384842
2120000000.0,0.1415359228849411
2120937472.0,0.13367779552936554
2121874944.0,0.12554128468036652
2122812544.0,0.1155649796128273
2123750016.0,0.10465919226408005
2124687488.0,0.09252960979938507
2125624960.0,0.08051206916570663
2126562560.0,0.06656739860773087
2127500032.0,0.05369199812412262
2128437504.0,0.04111289232969284
2129374976.0,0.027639200910925865
2130312448.0,0.013691346161067486
2131250048.0,0.0005015872302465141
2132187520.0,-0.01168726570904255
2133124992.0,-0.025252219289541245
2134062464.0,-0.0370878167450428
2135000064.0,-0.047631651163101196
2135937536.0,-0.05686940625309944
2136875008.0,-0.06507260352373123
2137812480.0,-0.07218868285417557
2138749952.0,-0.07809402793645859
2139687552.0,-0.08181934058666229
2140625024.0,-0.08442375063896179
2141562496.0,-0.08521346002817154
2142499968.0,-0.08662647008895874
2143437440.0,-0.08405010402202606
2144375040.0,-0.081523597240448
2145312512.0,-0.07743016630411148
2146249984.0,-0.07274577766656876
2147187456.0,-0.0659155398607254
2148124928.0,-0.0590762197971344
2149062400.0,-0.050588250160217285
2150000128.0,-0.04195399209856987
2150937600.0,-0.03389909490942955
2151875072.0,-0.02379487082362175
2152812544.0,-0.013836934231221676
2153750016.0,-0.00421745702624321
2154687488.0,0.0047924392856657505
2155624960.0,0.014692217111587524
2156562432.0,0.022754458710551262
2157499904.0,0.031345151364803314
2158437376.0,0.038203831762075424
2159375104.0,0.04479962959885597
2160312576.0,0.052037980407476425
2161250048.0,0.05745017156004906
2162187520.0,0.06195971742272377
2163124992.0,0.06594831496477127
2164062464.0,0.0703182965517044
2164999936.0,0.07333981990814209
2165937408.0,0.07513000071048737
2166874880.0,0.07732810825109482
2167812608.0,0.07888340950012207
2168750080.0,0.15193746984004974
2169687552.0,0.15389034152030945
2170625024.0,0.15319527685642242
2171562496.0,0.15086673200130463
2172499968.0,0.14753399789333344
2173437440.0,0.1420442909002304
2174374912.0,0.13522808253765106
2175312384.0,0.12731829285621643
2176250112.0,0.11783719807863235
2177187584.0,0.10753265023231506
2178125056.0,0.09633519500494003
2179062528.0,0.08505387604236603
2180000000.0,0.0720820426940918
2180937472.0,0.05914027988910675
2181874944.0,0.04486023262143135
2182812416.0,0.03120564855635166
2183749888.0,0.017483266070485115
2184687616.0,0.00438755564391613
2185625088.0,-0.009574550203979015
2186562560.0,-0.02187415026128292
2187500032.0,-0.0342705100774765
2188437504.0,-0.047511644661426544
2189374976.0,-0.059236351400613785
2190312448.0,-0.06911691278219223
2191249920.0,-0.07897340506315231
2192187392.0,-0.08743958175182343
2193125120.0,-0.09576553851366043
2194062592.0,-0.10294356942176819
2195000064.0,-0.10964787006378174
2195937536.0,-0.1146187037229538
2196875008.0,-0.11986130475997925
2197812480.0,-0.12302948534488678
2198749952.0,-0.12577907741069794
2199687424.0,-0.12729550898075104
2200624896.0,-0.12808440625667572
2201562624.0,-0.12810403108596802
2202500096.0,-0.12772518396377563
2203437568.0,-0.1263813078403473
2204375040.0,-0.12439078092575073
2205312512.0,-0.12146638333797455
2206249984.0,-0.11841330677270889
2207187456.0,-0.11532457172870636
2208124928.0,-0.11149555444717407
2209062400.0,-0.10745774954557419
2209999872.0,-0.10212819278240204
2210937600.0,-0.09657496958971024
2211875072.0,-0.09182048588991165
2212812544.0,-0.08458156883716583
2213750016.0,-0.07735680788755417
2214687488.0,-0.07076915353536606
2215624960.0,-0.06348688900470734
2216562432.0,-0.05574547126889229
2217499904.0,-0.04826251044869423
2218437376.0,-0.04002051055431366
2219375104.0,-0.03106255829334259
2220312576.0,-0.021951694041490555
2221250048.0,-0.013832282274961472
2222187520.0,-0.004127976484596729
2223124992.0,0.005848288536071777
2224062464.0,0.01585644669830799
2224999936.0,0.025112364441156387
2225937408.0,0.034815799444913864
2226874880.0,0.04497050121426582
2227812608.0,0.05538637936115265
2228750080.0,0.06094140559434891
2229687552.0,0.0700545534491539
2230625024.0,0.07778732478618622
2231562496.0,0.08500774949789047
2232499968.0,0.09183862805366516
2233437440.0,0.0979555994272232
2234374912.0,0.10264887660741806
2235312384.0,0.10532268136739731
2236250112.0,0.10696537792682648
2237187584.0,0.10715529322624207
2238125056.0,0.10439539700746536
2239062528.0,0.10002399235963821
2240000000.0,0.09468191117048264
2240937472.0,0.08895739167928696
2241874944.0,0.08129550516605377
2242812416.0,0.07178503274917603
2243749888.0,0.06152420490980148
2244687616.0,0.050455860793590546
2245625088.0,0.039238762110471725
2246562560.0,0.025791577994823456
2247500032.0,0.01139028463512659
2248437504.0,-0.0037544118240475655
2249374976.0,-0.01948634162545204
2250312448.0,-0.036116987466812134
2251249920.0,-0.05348578467965126
2252187392.0,-0.07221484929323196
2253125120.0,-0.09048528969287872
2254062592.0,-0.10891645401716232
2255000064.0,-0.12854857742786407
2255937536.0,-0.14811615645885468
2256875008.0,-0.16838161647319794
2257812480.0,-0.18761110305786133
2258749952.0,-0.20725303888320923
2259687424.0,-0.2263096421957016
2260624896.0,-0.24430538713932037
2261562624.0,-0.26279354095458984
2262500096.0,-0.2808491289615631
2263437568.0,-0.29791077971458435
2264375040.0,-0.313538134098053
2265312512.0,-0.3278818726539612
2266249984.0,-0.34171783924102783
2267187456.0,-0.3538050949573517
2268124928.0,-0.3660251796245575
2269062400.0,-0.37514033913612366
2270000128.0,-0.3827594518661499
2270937600.0,-0.389689177274704
2271875072.0,-0.3943782150745392
2272812544.0,-0.3983641266822815
2273750016.0,-0.39940986037254333
2274687488.0,-0.4005800187587738
2275624960.0,-0.39924365282058716
2276562432.0,-0.39612847566604614
2277499904.0,-0.3929211497306824
2278437376.0,-0.38673263788223267
2279375104.0,-0.3814787268638611
2280312576.0,-0.37406182289123535
2281250048.0,-0.36501047015190125
2282187520.0,-0.3575400710105896
2283124992.0,-0.34664663672447205
2284062464.0,-0.33724352717399597
2284999936.0,-0.3279115557670593
2285937408.0,-0.3168526887893677
2286874880.0,-0.3073716461658478
2287812608.0,-0.2986282408237457
2288750080.0,-0.31233274936676025
2289687552.0,-0.3148672580718994
2290625024.0,-0.31883010268211365
2291562496.0,-0.3221663534641266
2292499968.0,-0.3260864317417145
2293437440.0,-0.3308643400669098
2294374912.0,-0.3350887596607208
2295312384.0,-0.341062068939209
2296250112.0,-0.3474055826663971
2297187584.0,-0.35463854670524597
2298125056.0,-0.364309161901474
2299062528.0,-0.373616099357605
2300000000.0,-0.3852311372756958
2300937472.0,-0.39826294779777527
2301874944.0,-0.4142301082611084
2302812416.0,-0.43127065896987915
2303749888.0,-0.4509623348712921
2304687616.0,-0.47275495529174805
2305625088.0,-0.4962034225463867
2306562560.0,-0.523617148399353
2307500032.0,-0.5526059865951538
2308437504.0,-0.5849094390869141
2309374976.0,-0.6158306002616882
2310312448.0,-0.6410278677940369
2311249920.0,-0.6675325632095337
2312187392.0,-0.6943513751029968
2313125120.0,-0.7230878472328186
2314062592.0,-0.7523444890975952
2315000064.0,-0.783801257610321
2315937536.0,-0.8153769373893738
2316875008.0,-0.8493719100952148
2317812480.0,-0.8824829459190369
2318749952.0,-0.9152825474739075
2319687424.0,-0.948153018951416
2320624896.0,-0.9789692759513855
2321562624.0,-1.0097813606262207
2322500096.0,-1.0390630960464478
2323437568.0,-1.0662562847137451
2324375040.0,-1.0920253992080688
2325312512.0,-1.1158437728881836
2326249984.0,-1.1371060609817505
2327187456.0,-1.156126856803894
2328124928.0,-1.1733019351959229
2329062400.0,-1.1876453161239624
2329999872.0,-1.1993180513381958
2330937600.0,-1.2088706493377686
2331875072.0,-1.214980959892273
2332812544.0,-1.2191575765609741
2333750016.0,-1.2196835279464722
2334687488.0,-1.2183090448379517
2335624960.0,-1.215000033378601
2336562432.0,-1.2076160907745361
2337499904.0,-1.1997430324554443
2338437376.0,-1.1892478466033936
2339375104.0,-1.1772257089614868
2340312576.0,-1.1626482009887695
2341250048.0,-1.1481252908706665
2342187520.0,-1.1314949989318848
2343124992.0,-1.113372564315796
2344062464.0,-1.0958194732666016
2344999936.0,-1.0761792659759521
2345937408.0,-1.0560754537582397
2346874880.0,-1.038151502609253
2347812608.0,-1.0200999975204468
2348750080.0,-0.9864304661750793
2349687552.0,-0.9734506607055664
2350625024.0,-0.9612582325935364
2351562496.0,-0.9491440653800964
2352499968.0,-0.9373784065246582
2353437440.0,-0.9272527098655701
2354374912.0,-0.9176657199859619
2355312384.0,-0.9084763526916504
2356250112.0,-0.9015231728553772
2357187584.0,-0.8941059708595276
2358125056.0,-0.889769434928894
2359062528.0,-0.886403501033783
2360000000.0,-0.8850312232971191
2360937472.0,-0.8846372365951538
2361874944.0,-0.8864098191261292
2362812416.0,-0.8894365429878235
2363749888.0,-0.895436704158783
2364687616.0,-0.9020209908485413
2365625088.0,-0.9107416868209839
2366562560.0,-0.9203253388404846
2367500032.0,-0.9316498637199402
2368437504.0,-0.9437408447265625
2369374976.0,-0.9567172527313232
2370312448.0,-0.9697570204734802
2371249920.0,-0.9818883538246155
2372187392.0,-0.9937509298324585
2373125120.0,-1.0045427083969116
2374062592.0,-1.0135449171066284
2375000064.0,-1.0219050645828247
2375937536.0,-1.025485873222351
2376875008.0,-1.0278685092926025
2377812480.0,-1.0257301330566406
2378749952.0,-1.0208942890167236
2379687424.0,-1.012585997581482
2380624896.0,-1.000889778137207
2381562624.0,-0.9865288138389587
2382500096.0,-0.9688466191291809
2383437568.0,-0.9471439719200134
2384375040.0,-0.9222209453582764
2385312512.0,-0.8960763216018677
2386249984.0,-0.8674584627151489
2387187456.0,-0.8373156189918518
2388124928.0,-0.805206298828125
2389062400.0,-0.7724475860595703
2390000128.0,-0.7391570210456848
2390937600.0,-0.7049965262413025
2391875072.0,-0.6702892780303955
2392812544.0,-0.6368401646614075
2393750016.0,-0.6034805774688721
2394687488.0,-0.5702856183052063
2395624960.0,-0.5376361012458801
2396562432.0,-0.5070093274116516
2397499904.0,-0.4772220551967621
2398437376.0,-0.4483870565891266
2399375104.0,-0.4199067950248718
2400312576.0,-0.392769455909729
2401250048.0,-0.36659276485443115
2402187520.0,-0.34095022082328796
2403124992.0,-0.31542763113975525
2404062464.0,-0.2908657491207123
2404999936.0,-0.2667366862297058
2405937408.0,-0.24270015954971313
2406874880.0,-0.22029124200344086
2407812608.0,-0.19813592731952667
2408750080.0,-0.12481299787759781
2409687552.0,-0.10275593400001526
2410625024.0,-0.0815870612859726
2411562496.0,-0.06244398280978203
2412499968.0,-0.045845597982406616
2413437440.0,-0.030188854783773422
2414374912.0,-0.01642407849431038
2415312384.0,-0.007175534963607788
2416250112.0,0.0013540780637413263
2417187584.0,0.006367494352161884
2418125056.0,0.008515254594385624
2419062528.0,0.005554441828280687
2420000000.0,0.001061167917214334
2420937472.0,-0.007277874741703272
2421874944.0,-0.018822969868779182
2422812416.0,-0.03347761183977127
2423749888.0,-0.05142038315534592
2424687616.0,-0.0715687945485115
2425625088.0,-0.09378960728645325
2426562560.0,-0.11957067996263504
2427500032.0,-0.14733435213565826
2428437504.0,-0.17631930112838745
2429374976.0,-0.20636442303657532
2430312448.0,-0.2358085811138153
2431249920.0,-0.2658126950263977
2432187392.0,-0.29671144485473633
2433125120.0,-0.3246518075466156
2434062592.0,-0.3514501452445984
2435000064.0,-0.3772633373737335
2435937536.0,-0.4000575840473175
2436875008.0,-0.4202951490879059
2437812480.0,-0.4366389214992523
2438749952.0,-0.4512080252170563
2439687424.0,-0.4619772434234619
2440624896.0,-0.4694445729255676
2441562624.0,-0.4720751941204071
2442500096.0,-0.4712565541267395
2443437568.0,-0.4679774045944214
2444375040.0,-0.4611979126930237
2445312512.0,-0.4501737058162689
2446249984.0,-0.43542978167533875
2447187456.0,-0.4181145429611206
2448124928.0,-0.3974468410015106
2449062400.0,-0.37366268038749695
2449999872.0,-0.3479391038417816
2450937600.0,-0.32064589858055115
2451875072.0,-0.2907939851284027
2452812544.0,-0.25953537225723267
2453750016.0,-0.22862926125526428
2454687488.0,-0.19558930397033691
2455624960.0,-0.1628677248954773
2456562432.0,-0.12996256351470947
2457499904.0,-0.09701824933290482
2458437376.0,-0.06417537480592728
2459375104.0,-0.03224725276231766
2460312576.0,-0.0010944738751277328
2461250048.0,0.029693353921175003
2462187520.0,0.05854478478431702
2463124992.0,0.08705303817987442
2464062464.0,0.11461193859577179
2464999936.0,0.1397552639245987
2465937408.0,0.1647895723581314
2466874880.0,0.18748198449611664
2467812608.0,0.20927104353904724
2468750080.0,0.12118971347808838
2469687552.0,0.13532568514347076
2470625024.0,0.15202632546424866
2471562496.0,0.1653658151626587
2472499968.0,0.1770438849925995
2473437440.0,0.18740543723106384
2474374912.0,0.19512617588043213
2475312384.0,0.2007545530796051
2476250112.0,0.20457345247268677
2477187584.0,0.20724153518676758
2478125056.0,0.20777364075183868
2479062528.0,0.2055591642856598
2480000000.0,0.2025073617696762
2480937472.0,0.19719606637954712
2481874944.0,0.18966709077358246
2482812416.0,0.1800902634859085
2483749888.0,0.16897578537464142
2484687616.0,0.15579497814178467
2485625088.0,0.14193198084831238
2486562560.0,0.12555916607379913
2487500032.0,0.108495332300663
2488437504.0,0.09104661643505096
2489374976.0,0.07016470283269882
2490312448.0,0.05024414137005806
2491249920.0,0.030046353116631508
2492187392.0,0.008910540491342545
2493125120.0,-0.012260588817298412
2494062592.0,-0.032663702964782715
2495000064.0,-0.052530065178871155
2495937536.0,-0.07332627475261688
2496875008.0,-0.09127538651227951
2497812480.0,-0.10967039316892624
2498749952.0,-0.12647007405757904
2499687424.0,-0.14240363240242004
2500624896.0,-0.15567636489868164
2501562624.0,-0.1674802154302597
2502500096.0,-0.17700693011283875
2503437568.0,-0.18672466278076172
2504375040.0,-0.19322538375854492
2505312512.0,-0.19739332795143127
2506249984.0,-0.1997692584991455
2507187456.0,-0.19952024519443512
2508124928.0,-0.1990305483341217
2509062400.0,-0.19517742097377777
2510000128.0,-0.18946528434753418
2510937600.0,-0.1819964498281479
2511875072.0,-0.17360325157642365
2512812544.0,-0.16233758628368378
2513750016.0,-0.14965811371803284
2514687488.0,-0.13605476915836334
2515624960.0,-0.12166820466518402
2516562432.0,-0.10555461049079895
2517499904.0,-0.08845969289541245
2518437376.0,-0.06986572593450546
2519375104.0,-0.051698341965675354
2520312576.0,-0.03281153738498688
2521250048.0,-0.01292029395699501
2522187520.0,0.006164837628602982
2523124992.0,0.024500053375959396
2524062464.0,0.04377499222755432
2524999936.0,0.06122090667486191
2525937408.0,0.07884978502988815
2526874880.0,0.09480194747447968
2527812608.0,0.10973682254552841
2528750080.0,0.16361674666404724
2529687552.0,0.16926899552345276
2530625024.0,0.1742469221353531
2531562496.0,0.1790810078382492
2532499968.0,0.18189837038516998
2533437440.0,0.18408671021461487
2534374912.0,0.18478721380233765
2535312384.0,0.185329869389534
2536250112.0,0.18432793021202087
2537187584.0,0.18308962881565094
2538125056.0,0.18036259710788727
2539062528.0,0.17646662890911102
2540000000.0,0.17221735417842865
2540937472.0,0.16653385758399963
2541874944.0,0.16072803735733032
2542812416.0,0.1518821120262146
2543749888.0,0.14276506006717682
2544687616.0,0.1331339031457901
2545625088.0,0.12237673997879028
2546562560.0,0.10929800570011139
2547500032.0,0.09687888622283936
2548437504.0,0.08334618806838989
2549374976.0,0.06842885911464691
2550312448.0,0.054340824484825134
2551249920.0,0.03738546743988991
2552187392.0,0.02194293402135372
2553125120.0,0.006002350244671106
2554062592.0,-0.010526305995881557
2555000064.0,-0.02635723352432251
2555937536.0,-0.04149622097611427
2556875008.0,-0.05708941072225571
2557812480.0,-0.07122039049863815
2558749952.0,-0.08539880067110062
2559687424.0,-0.09795425832271576
2560624896.0,-0.10913455486297607
2561562624.0,-0.11923794448375702
2562500096.0,-0.12691666185855865
2563437568.0,-0.13377103209495544
2564375040.0,-0.13904330134391785
2565312512.0,-0.14259254932403564
2566249984.0,-0.14310279488563538
2567187456.0,-0.1427987664937973
2568124928.0,-0.13981381058692932
2569062400.0,-0.13491369783878326
2569999872.0,-0.12845690548419952
2570937600.0,-0.12048573046922684
2571875072.0,-0.11040975898504257
2572812544.0,-0.0976453423500061
2573750016.0,-0.08435440063476562
2574687488.0,-0.06931623071432114
2575624960.0,-0.05205641686916351
2576562432.0,-0.035046614706516266
2577499904.0,-0.016406582668423653
2578437376.0,0.002414160408079624
2579375104.0,0.022547196596860886
2580312576.0,0.0427745021879673
2581250048.0,0.06295157223939896
2582187520.0,0.08315085619688034
2583124992.0,0.10243048518896103
2584062464.0,0.12212826311588287
2584999936.0,0.1396256685256958
2585937408.0,0.15741990506649017
2586874880.0,0.17258457839488983
2587812608.0,0.1865352839231491
2588750080.0,0.21014228463172913
2589687552.0,0.2184421718120575
2590625024.0,0.22387084364891052
2591562496.0,0.22703582048416138
2592499968.0,0.2279704362154007
2593437440.0,0.22653241455554962
2594374912.0,0.22298632562160492
2595312384.0,0.21675309538841248
2596250112.0,0.2095312774181366
2597187584.0,0.1997157782316208
2598125056.0,0.18672886490821838
2599062528.0,0.17413745820522308
2600000000.0,0.15936413407325745
2600937472.0,0.1434989720582962
2601874944.0,0.1277623474597931
2602812416.0,0.11089763790369034
2603749888.0,0.09494359791278839
2604687616.0,0.07633589208126068
2605625088.0,0.05929074063897133
2606562560.0,0.04190834239125252
2607500032.0,0.025593018159270287
2608437504.0,0.009096726775169373
2609374976.0,-0.006360419560223818
2610312448.0,-0.021071219816803932
2611249920.0,-0.035340141505002975
2612187392.0,-0.047664906829595566
2613125120.0,-0.05842231586575508
2614062592.0,-0.06879573315382004
2615000064.0,-0.07792409509420395
2615937536.0,-0.08534141629934311
2616875008.0,-0.09251535683870316
2617812480.0,-0.09804357588291168
2618749952.0,-0.10240675508975983
2619687424.0,-0.10481170564889908
2620624896.0,-0.10700447857379913
2621562624.0,-0.10845165699720383
2622500096.0,-0.10783044248819351
2623437568.0,-0.10707436501979828
2624375040.0,-0.10533372312784195
2625312512.0,-0.10305553674697876
2626249984.0,-0.09924915432929993
2627187456.0,-0.09526275843381882
2628124928.0,-0.0912519171833992
2629062400.0,-0.0856376513838768
2630000128.0,-0.08022972196340561
2630937600.0,-0.07273483276367188
2631875072.0,-0.06550169736146927
2632812544.0,-0.057912442833185196
2633750016.0,-0.04937777668237686
2634687488.0,-0.04070629924535751
2635624960.0,-0.030367804691195488
2636562432.0,-0.01940193772315979
2637499904.0,-0.007860044948756695
2638437376.0,0.0054784915409982204
2639375104.0,0.01794152893126011
2640312576.0,0.03210369870066643
2641250048.0,0.04660278558731079
2642187520.0,0.06126931682229042
2643124992.0,0.07692952454090118
2644062464.0,0.09288990497589111
2644999936.0,0.11010608822107315
2645937408.0,0.1279079020023346
2646874880.0,0.1447044312953949
2647812608.0,0.22165535390377045
2648750080.0,0.23265451192855835
2649687552.0,0.2431183159351349
2650625024.0,0.25054702162742615
2651562496.0,0.25711265206336975
2652499968.0,0.2590903341770172
2653437440.0,0.2612907290458679
2654374912.0,0.2586938738822937
2655312384.0,0.25269412994384766
2656250112.0,0.24543724954128265
2657187584.0,0.20875057578086853
2658125056.0,0.1920042783021927
2659062528.0,0.17112641036510468
2660000000.0,0.150161013007164
2660937472.0,0.12629666924476624
2661874944.0,0.09917425364255905
2662812416.0,0.07137124240398407
2663749888.0,0.042702410370111465
2664687616.0,0.013638927601277828
2665625088.0,-0.016427071765065193
2666562560.0,-0.04579856991767883
2667500032.0,-0.07407651841640472
2668437504.0,-0.10205137729644775
2669374976.0,-0.1288604885339737
2670312448.0,-0.1544182002544403
2671249920.0,-0.17560914158821106
2672187392.0,-0.19543902575969696
2673125120.0,-0.21334871649742126
2674062592.0,-0.2280854731798172
2675000064.0,-0.24054037034511566
2675937536.0,-0.24962612986564636
2676875008.0,-0.2559749186038971
2677812480.0,-0.25918954610824585
2678749952.0,-0.2580830752849579
2679687424.0,-0.2545507550239563
2680624896.0,-0.2494785189628601
2681562624.0,-0.24061895906925201
2682500096.0,-0.2306540459394455
2683437568.0,-0.21835990250110626
2684375040.0,-0.20428746938705444
2685312512.0,-0.18961219489574432
2686249984.0,-0.1716655045747757
2687187456.0,-0.15370185673236847
2688124928.0,-0.13424722850322723
2689062400.0,-0.11564911901950836
2689999872.0,-0.09645583480596542
2690937600.0,-0.07772470265626907
2691875072.0,-0.05667874589562416
2692812544.0,-0.03748035058379173
2693750016.0,-0.01748783141374588
2694687488.0,0.0011495869839563966
2695624960.0,0.020519530400633812
2696562432.0,0.0393093079328537
2697499904.0,0.05722840502858162
2698437376.0,0.0748349130153656
2699375104.0,0.09204449504613876
2700312576.0,0.1093139573931694
2701250048.0,0.12558802962303162
2702187520.0,0.1426939219236374
2703124992.0,0.15780282020568848
2704062464.0,0.17299248278141022
2704999936.0,0.18720722198486328
2705937408.0,0.20112816989421844
2706874880.0,0.21494276821613312
2707812608.0,0.1888371706008911
2708750080.0,0.19536399841308594
2709687552.0,0.19989173114299774
2710625024.0,0.20529884099960327
2711562496.0,0.20836544036865234
2712499968.0,0.21049867570400238
2713437440.0,0.2106490284204483
2714374912.0,0.20951640605926514
2715312384.0,0.20775194466114044
2716250112.0,0.20316821336746216
2717187584.0,0.1985403150320053
2718125056.0,0.19198359549045563
2719062528.0,0.18270756304264069
2720000000.0,0.1734931617975235
2720937472.0,0.16281284391880035
2721874944.0,0.1501806527376175
2722812416.0,0.13690370321273804
2723749888.0,0.12171277403831482
2724687616.0,0.10576155036687851
2725625088.0,0.08939048647880554
2726562560.0,0.07246474921703339
2727500032.0,0.05440089851617813
2728437504.0,0.03645099699497223
2729374976.0,0.01705818623304367
2730312448.0,-0.0009351722546853125
2731249920.0,-0.019853414967656136
2732187392.0,-0.03748265281319618
2733125120.0,-0.055563829839229584
2734062592.0,-0.07290884852409363
2735000064.0,-0.0906294584274292
2735937536.0,-0.10526774823665619
2736875008.0,-0.12115524709224701
2737812480.0,-0.13481537997722626
2738749952.0,-0.1470382809638977
2739687424.0,-0.15786625444889069
2740624896.0,-0.16697478294372559
2741562624.0,-0.17590881884098053
2742500096.0,-0.18208616971969604
2743437568.0,-0.1868945211172104
2744375040.0,-0.18992239236831665
2745312512.0,-0.19042764604091644
2746249984.0,-0.189253568649292
2747187456.0,-0.1867053508758545
2748124928.0,-0.18303346633911133
2749062400.0,-0.17614611983299255
2750000128.0,-0.16877537965774536
2750937600.0,-0.1580597460269928
2751875072.0,-0.14775897562503815
2752812544.0,-0.1336052268743515
2753750016.0,-0.12092775106430054
2754687488.0,-0.10552873462438583
2755624960.0,-0.08968265354633331
2756562432.0,-0.07239731401205063
2757499904.0,-0.0541621558368206
2758437376.0,-0.03616678714752197
2759375104.0,-0.01723109930753708
2760312576.0,0.0018521817401051521
2761250048.0,0.020198309794068336
2762187520.0,0.03879544511437416
2763124992.0,0.056565795093774796
2764062464.0,0.07340595871210098
2764999936.0,0.09039662033319473
2765937408.0,0.10558639466762543
2766874880.0,0.12041322141885757
2767812608.0,0.17802394926548004
2768750080.0,0.1776922196149826
2769687552.0,0.17552389204502106
2770625024.0,0.1728990375995636
2771562496.0,0.16968467831611633
2772499968.0,0.1642734259366989
2773437440.0,0.15998108685016632
2774374912.0,0.15237627923488617
2775312384.0,0.14590205252170563
2776250112.0,0.13859805464744568
2777187584.0,0.12998712062835693
2778125056.0,0.12086749076843262
2779062528.0,0.11208802461624146
2780000000.0,0.10158544778823853
2780937472.0,0.09077440947294235
2781874944.0,0.0796087384223938
2782812416.0,0.06873522698879242
2783749888.0,0.05553904175758362
2784687616.0,0.04327157884836197
2785625088.0,0.031143099069595337
2786562560.0,0.01825874112546444
2787500032.0,0.005049506202340126
2788437504.0,-0.007762601133435965
2789374976.0,-0.020004525780677795
2790312448.0,-0.031790345907211304
2791249920.0,-0.04309031367301941
2792187392.0,-0.055355995893478394
2793125120.0,-0.06538397073745728
2794062592.0,-0.07630451023578644
2795000064.0,-0.0853300467133522
2795937536.0,-0.09331000596284866
2796875008.0,-0.10122762620449066
2797812480.0,-0.10697710514068604
2798749952.0,-0.11137399077415466
2799687424.0,-0.11540032923221588
2800624896.0,-0.11712096631526947
2801562624.0,-0.1182750016450882
2802500096.0,-0.11717227101325989
2803437568.0,-0.11576709896326065
2804375040.0,-0.11158302426338196
2805312512.0,-0.10655878484249115
2806249984.0,-0.0997052788734436
2807187456.0,-0.09116921573877335
2808124928.0,-0.08196607232093811
2809062400.0,-0.0710601806640625
2809999872.0,-0.05890536680817604
2810937600.0,-0.04625604301691055
2811875072.0,-0.03178655356168747
2812812544.0,-0.016400612890720367
2813750016.0,-0.00021921872394159436
2814687488.0,0.016463549807667732
2815624960.0,0.03334236517548561
2816562432.0,0.05107894167304039
2817499904.0,0.06790988892316818
2818437376.0,0.08434375375509262
2819375104.0,0.10224568098783493
2820312576.0,0.11799627542495728
2821250048.0,0.1339564472436905
2822187520.0,0.14833950996398926
2823124992.0,0.16142933070659637
2824062464.0,0.17274266481399536
2824999936.0,0.18348656594753265
2825937408.0,0.19156470894813538
2826874880.0,0.19914542138576508
2827812608.0,0.21285788714885712
2828750080.0,0.21472002565860748
2829687552.0,0.21395322680473328
2830625024.0,0.20988667011260986
2831562496.0,0.2045157253742218
2832499968.0,0.19593465328216553
2833437440.0,0.18613485991954803
2834374912.0,0.17359010875225067
2835312384.0,0.1585235595703125
2836250112.0,0.14265745878219604
2837187584.0,0.1250607967376709
2838125056.0,0.10757176578044891
2839062528.0,0.08822686225175858
2840000000.0,0.06847720593214035
2840937472.0,0.04863409698009491
2841874944.0,0.028559738770127296
2842812416.0,0.00787935871630907
2843749888.0,-0.01095860730856657
2844687616.0,-0.029902223497629166
2845625088.0,-0.047354910522699356
2846562560.0,-0.06353854387998581
2847500032.0,-0.07830235362052917
2848437504.0,-0.0907437726855278
2849374976.0,-0.10270406305789948
2850312448.0,-0.11292123049497604
2851249920.0,-0.12027774751186371
2852187392.0,-0.1273289918899536
2853125120.0,-0.13082243502140045
2854062592.0,-0.1331612765789032
2855000064.0,-0.1340053528547287
2855937536.0,-0.1323048323392868
2856875008.0,-0.1289849728345871
2857812480.0,-0.12585081160068512
2858749952.0,-0.12108337134122849
2859687424.0,-0.1133406013250351
2860624896.0,-0.10530433058738708
2861562624.0,-0.09578725695610046
2862500096.0,-0.08592398464679718
2863437568.0,-0.07481794059276581
2864375040.0,-0.06402460485696793
2865312512.0,-0.05231465771794319
2866249984.0,-0.040050048381090164
2867187456.0,-0.02703530713915825
2868124928.0,-0.013552006334066391
2869062400.0,-0.00030533017707057297
2870000128.0,0.012669949792325497
2870937600.0,0.025097986683249474
2871875072.0,0.03902110829949379
2872812544.0,0.0515124537050724
2873750016.0,0.064189612865448
2874687488.0,0.07635603100061417
2875624960.0,0.08823838829994202
2876562432.0,0.10189259797334671
2877499904.0,0.11262454837560654
2878437376.0,0.12375623732805252
2879375104.0,0.13435125350952148
2880312576.0,0.14511671662330627
2881250048.0,0.15411357581615448
2882187520.0,0.1631539762020111
2883124992.0,0.1717475801706314
2884062464.0,0.17875497043132782
2884999936.0,0.18460355699062347
2885937408.0,0.18969900906085968
2886874880.0,0.19410543143749237
2887812608.0,0.19756901264190674
2888750080.0,0.19987796247005463
2889687552.0,0.19911415874958038
2890625024.0,0.19842566549777985
2891562496.0,0.19632147252559662
2892499968.0,0.1921982616186142
2893437440.0,0.1859886348247528
2894374912.0,0.17843876779079437
2895312384.0,0.1690465658903122
2896250112.0,0.15740901231765747
2897187584.0,0.1452532261610031
2898125056.0,0.13144072890281677
2899062528.0,0.11555865406990051
2900000000.0,0.09867078810930252
2900937472.0,0.08136992156505585
2901874944.0,0.06283131241798401
2902812416.0,0.044637273997068405
2903749888.0,0.02493199147284031
2904687616.0,0.005323047284036875
2905625088.0,-0.013986988924443722
2906562560.0,-0.03253581002354622
2907500032.0,-0.050513602793216705
2908437504.0,-0.06757020205259323
2909374976.0,-0.08497646450996399
2910312448.0,-0.10031849145889282
2911249920.0,-0.11342480778694153
2912187392.0,-0.1262793391942978
2913125120.0,-0.13732998073101044
2914062592.0,-0.14536656439304352
2915000064.0,-0.1520540863275528
2915937536.0,-0.1566622406244278
2916875008.0,-0.15793073177337646
2917812480.0,-0.15917451679706573
2918749952.0,-0.15665225684642792
2919687424.0,-0.15296371281147003
2920624896.0,-0.14658841490745544
2921562624.0,-0.13886849582195282
2922500096.0,-0.12969277799129486
2923437568.0,-0.11931664496660233
2924375040.0,-0.10658580809831619
2925312512.0,-0.09164334833621979
2926249984.0,-0.07636193186044693
2927187456.0,-0.06080348417162895
2928124928.0,-0.04368031397461891
2929062400.0,-0.026021314784884453
2929999872.0,-0.0078110164031386375
2930937600.0,0.009320003911852837
2931875072.0,0.026813115924596786
2932812544.0,0.04361927509307861
2933750016.0,0.05979035422205925
2934687488.0,0.07559606432914734
2935624960.0,0.09046008437871933
2936562432.0,0.10363797098398209
2937499904.0,0.11580686271190643
2938437376.0,0.12740327417850494
2939375104.0,0.13688616454601288
2940312576.0,0.1444893330335617
2941250048.0,0.15158328413963318
2942187520.0,0.1556987464427948
2943124992.0,0.1594252586364746
2944062464.0,0.16194045543670654
2944999936.0,0.1631995588541031
2945937408.0,0.16305632889270782
2946874880.0,0.16202758252620697
2947812608.0,0.15771272778511047
2948750080.0,0.1559266746044159
2949687552.0,0.15351544320583344
2950625024.0,0.15139716863632202
2951562496.0,0.14659635722637177
2952499968.0,0.14233611524105072
2953437440.0,0.1370248794555664
2954374912.0,0.13074980676174164
2955312384.0,0.12334048002958298
2956250112.0,0.11468417942523956
2957187584.0,0.10586100071668625
2958125056.0,0.09718511253595352
2959062528.0,0.08809738606214523
2960000000.0,0.07790900766849518
2960937472.0,0.06770369410514832
2961874944.0,0.05739734321832657
2962812416.0,0.046132057905197144
2963749888.0,0.035034917294979095
2964687616.0,0.024635234847664833
2965625088.0,0.012499114498496056
2966562560.0,0.001970418728888035
2967500032.0,-0.009840745478868484
2968437504.0,-0.01967298984527588
2969374976.0,-0.031171508133411407
2970312448.0,-0.040692225098609924
2971249920.0,-0.0504969023168087
2972187392.0,-0.05964682996273041
2973125120.0,-0.06766346842050552
2974062592.0,-0.07719464600086212
2975000064.0,-0.08264026790857315
2975937536.0,-0.08912574499845505
2976875008.0,-0.09443289041519165
2977812480.0,-0.09829455614089966
2978749952.0,-0.10143689811229706
2979687424.0,-0.10364804416894913
2980624896.0,-0.10461851954460144
2981562624.0,-0.10340038686990738
2982500096.0,-0.10282110422849655
2983437568.0,-0.10083572566509247
2984375040.0,-0.09722445905208588
2985312512.0,-0.09379148483276367
2986249984.0,-0.08793981373310089
2987187456.0,-0.08171354234218597
2988124928.0,-0.07534201443195343
2989062400.0,-0.06846746057271957
2990000128.0,-0.06047357991337776
2990937600.0,-0.05252046883106232
2991875072.0,-0.044479623436927795
2992812544.0,-0.03575320541858673
2993750016.0,-0.02672368846833706
2994687488.0,-0.019282469525933266
2995624960.0,-0.010866964235901833
2996562432.0,-0.00352185545489192
2997499904.0,0.004555405583232641
2998437376.0,0.010757616721093655
2999375104.0,0.016498396173119545
3000312576.0,0.01959005557000637
3001250048.0,0.02352830581367016
3002187520.0,0.02731899917125702
3003124992.0,0.030070381239056587
3004062464.0,0.030606437474489212
3004999936.0,0.031107217073440552
3005937408.0,0.03012782149016857
3006874880.0,0.02801484614610672
3007812608.0,0.024374481290578842
3008750080.0,0.020602760836482048
3009687552.0,0.015610725618898869
3010625024.0,0.011235302314162254
3011562496.0,0.0065214489586651325
3012499968.0,0.0017369338311254978
3013437440.0,-0.0029737865552306175
3014374912.0,-0.009242618456482887
3015312384.0,-0.013539453037083149
3016250112.0,-0.018876561895012856
3017187584.0,-0.02515619620680809
3018125056.0,-0.03046310693025589
3019062528.0,-0.034285131841897964
3020000000.0,-0.03945166990160942
3020937472.0,-0.04482546076178551
3021874944.0,-0.05041157454252243
3022812416.0,-0.05520642176270485
3023749888.0,-0.05955095589160919
3024687616.0,-0.06454653292894363
3025625088.0,-0.06859934329986572
3026562560.0,-0.07312238961458206
3027500032.0,-0.07758184522390366
3028437504.0,-0.08145257085561752
3029374976.0,-0.08476431667804718
3030312448.0,-0.0883236899971962
3031249920.0,-0.09211709350347519
3032187392.0,-0.09503522515296936
3033125120.0,-0.09850585460662842
3034062592.0,-0.10041601210832596
3035000064.0,-0.10274077206850052
3035937536.0,-0.1042708232998848
3036875008.0,-0.1060601994395256
3037812480.0,-0.10665996372699738
3038749952.0,-0.1073107197880745
3039687424.0,-0.10820548236370087
3040624896.0,-0.1077081710100174
3041562624.0,-0.10719167441129684
3042500096.0,-0.1060386374592781
3043437568.0,-0.10351630300283432
3044375040.0,-0.10114768892526627
3045312512.0,-0.09781564027070999
3046249984.0,-0.09391306340694427
3047187456.0,-0.09070681035518646
3048124928.0,-0.08561737090349197
3049062400.0,-0.08130378276109695
3049999872.0,-0.07568315416574478
3050937600.0,-0.07131821662187576
3051875072.0,-0.06548509001731873
3052812544.0,-0.0599755123257637
3053750016.0,-0.05504685267806053
3054687488.0,-0.04901955649256706
3055624960.0,-0.042771488428115845
3056562432.0,-0.0374811589717865
3057499904.0,-0.03202168643474579
3058437376.0,-0.026123451068997383
3059375104.0,-0.02105743996798992
3060312576.0,-0.015402239747345448
3061250048.0,-0.011216217651963234
3062187520.0,-0.008160310797393322
3063124992.0,-0.004623887594789267
3064062464.0,-0.0029665385372936726
3064999936.0,-0.0006329361349344254
3065937408.0,0.0003524354542605579
3066874880.0,-0.0003556771553121507
3067812608.0,0.013451190665364265
3068750080.0,0.00718259671702981
3069687552.0,0.000531862722709775
3070625024.0,-0.0076325880363583565
3071562496.0,-0.015255299396812916
3072499968.0,-0.024375203996896744
3073437440.0,-0.03406674787402153
3074374912.0,-0.043464917689561844
3075312384.0,-0.053104352205991745
3076250112.0,-0.0628805160522461
3077187584.0,-0.073003388941288
3078125056.0,-0.08361580222845078
3079062528.0,-0.09094264358282089
3080000000.0,-0.09984662383794785
3080937472.0,-0.10663411766290665
3081874944.0,-0.11287582665681839
3082812416.0,-0.12018664181232452
3083749888.0,-0.12495619803667068
3084687616.0,-0.1285136193037033
3085625088.0,-0.1314222514629364
3086562560.0,-0.13093657791614532
3087500032.0,-0.131275936961174
3088437504.0,-0.13010358810424805
3089374976.0,-0.12783050537109375
3090312448.0,-0.12403721362352371
3091249920.0,-0.11917965859174728
3092187392.0,-0.11352277547121048
3093125120.0,-0.10745681077241898
3094062592.0,-0.10024072229862213
3095000064.0,-0.09267443418502808
3095937536.0,-0.08419635146856308
3096875008.0,-0.07504402101039886
3097812480.0,-0.06516540795564651
3098749952.0,-0.05526386573910713
3099687424.0,-0.0449540838599205
3100624896.0,-0.03503819927573204
3101562624.0,-0.023799465969204903
3102500096.0,-0.013772964477539062
3103437568.0,-0.003949482459574938
3104375040.0,0.006474880501627922
3105312512.0,0.016255710273981094
3106249984.0,0.025594888255000114
3107187456.0,0.03412751108407974
3108124928.0,0.042408429086208344
3109062400.0,0.04964589327573776
3110000128.0,0.056891344487667084
3110937600.0,0.06330262124538422
3111875072.0,0.070009246468544
3112812544.0,0.07576640695333481
3113750016.0,0.0812893807888031
3114687488.0,0.08587870746850967
3115624960.0,0.08874356001615524
3116562432.0,0.09373459219932556
3117499904.0,0.0973147451877594
3118437376.0,0.10051054507493973
3119375104.0,0.10263064503669739
3120312576.0,0.10581200569868088
3121250048.0,0.10788135230541229
3122187520.0,0.11010352522134781
3123124992.0,0.11187930405139923
3124062464.0,0.1133151426911354
3124999936.0,0.11562132835388184
3125937408.0,0.11615370213985443
3126874880.0,0.11788740009069443
3127812608.0,0.1391085386276245
3128750080.0,0.13530659675598145
3129687552.0,0.13336314260959625
3130625024.0,0.1312495321035385
3131562496.0,0.12843328714370728
3132499968.0,0.12677131593227386
3133437440.0,0.12574522197246552
3134374912.0,0.124108225107193
3135312384.0,0.12305185198783875
3136250112.0,0.12098877131938934
3137187584.0,0.11959902197122574
3138125056.0,0.11947869509458542
3139062528.0,0.1187148168683052
3140000000.0,0.11741968244314194
3140937472.0,0.11694546788930893
3141874944.0,0.11532105505466461
3142812416.0,0.1155594140291214
3143749888.0,0.11452781409025192
3144687616.0,0.11267925053834915
3145625088.0,0.11150163412094116
3146562560.0,0.10948856174945831
3147500032.0,0.10678528249263763
3148437504.0,0.10441706329584122
3149374976.0,0.10088900476694107
3150312448.0,0.09655123203992844
3151249920.0,0.09292715787887573
3152187392.0,0.08824384957551956
3153125120.0,0.08158538490533829
3154062592.0,0.07502101361751556
3155000064.0,0.06804073601961136
3155937536.0,0.06004882603883743
3156875008.0,0.05121317505836487
3157812480.0,0.041479092091321945
3158749952.0,0.03150847926735878
3159687424.0,0.021863704547286034
3160624896.0,0.011196530424058437
3161562624.0,-0.0012451910879462957
3162500096.0,-0.012357573956251144
3163437568.0,-0.02481292188167572
3164375040.0,-0.03650540113449097
3165312512.0,-0.049574680626392365
3166249984.0,-0.06130703166127205
3167187456.0,-0.07316254079341888
3168124928.0,-0.08482149988412857
3169062400.0,-0.09609436243772507
3169999872.0,-0.1070513129234314
3170937600.0,-0.11646409332752228
3171875072.0,-0.12534049153327942
3172812544.0,-0.13284170627593994
3173750016.0,-0.13912798464298248
3174687488.0,-0.1446324586868286
3175624960.0,-0.14813071489334106
3176562432.0,-0.15069079399108887
3177499904.0,-0.15194319188594818
3178437376.0,-0.15117555856704712
3179375104.0,-0.14948448538780212
3180312576.0,-0.14539971947669983
3181250048.0,-0.14009885489940643
3182187520.0,-0.1338605284690857
3183124992.0,-0.1255832016468048
3184062464.0,-0.11514545232057571
3184999936.0,-0.10409659147262573
3185937408.0,-0.09139275550842285
3186874880.0,-0.0775577500462532
3187812608.0,0.05285099521279335
3188750080.0,0.0512104332447052
3189687552.0,0.050384774804115295
3190625024.0,0.05114464834332466
3191562496.0,0.05209900066256523
3192499968.0,0.05500461906194687
3193437440.0,0.0574326366186142
3194374912.0,0.06066939979791641
3195312384.0,0.06460436433553696
3196250112.0,0.06960676610469818
3197187584.0,0.07450394332408905
3198125056.0,0.07957977056503296
3199062528.0,0.0851462334394455
3200000000.0,0.08986042439937592
3200937472.0,0.0940994843840599
3201874944.0,0.09808805584907532
3202812416.0,0.10137315839529037
3203749888.0,0.1045074537396431
3204687616.0,0.10623036324977875
3205625088.0,0.10643205791711807
3206562560.0,0.10609304159879684
3207500032.0,0.10529273748397827
3208437504.0,0.10165809839963913
3209374976.0,0.09723296761512756
3210312448.0,0.09268837422132492
3211249920.0,0.08514600992202759
3212187392.0,0.07745017111301422
3213125120.0,0.06815435737371445
3214062592.0,0.05861308053135872
3215000064.0,0.04819393903017044
3215937536.0,0.03548739477992058
3216875008.0,0.02351013571023941
3217812480.0,0.011085854843258858
3218749952.0,-0.0020055617205798626
3219687424.0,-0.015695272013545036
3220624896.0,-0.027843862771987915
3221562624.0,-0.04103918373584747
3222500096.0,-0.0526299774646759
3223437568.0,-0.06352123618125916
3224375040.0,-0.07471977919340134
3225312512.0,-0.08469869941473007
3226249984.0,-0.09411879628896713
3227187456.0,-0.10086749494075775
3228124928.0,-0.1076846644282341
3229062400.0,-0.11287931352853775
3230000128.0,-0.11659263074398041
3230937600.0,-0.11849121749401093
3231875072.0,-0.12064793705940247
3232812544.0,-0.12088313698768616
3233750016.0,-0.11975771933794022
3234687488.0,-0.1182146668434143
3235624960.0,-0.11489374190568924
3236562432.0,-0.11199995130300522
3237499904.0,-0.10654020309448242
3238437376.0,-0.10184146463871002
3239375104.0,-0.09754513204097748
3240312576.0,-0.09280075877904892
3241250048.0,-0.08800963312387466
3242187520.0,-0.08426710963249207
3243124992.0,-0.08036404848098755
3244062464.0,-0.07707932591438293
3244999936.0,-0.07482156157493591
3245937408.0,-0.07341498136520386
3246874880.0,-0.07203669100999832
3247812608.0,-0.06497187167406082
3248750080.0,-0.06989254802465439
3249687552.0,-0.07351961731910706
3250625024.0,-0.07761412858963013
3251562496.0,-0.0807996392250061
3252499968.0,-0.08323050290346146
3253437440.0,-0.0854104682803154
3254374912.0,-0.08694285154342651
3255312384.0,-0.08692558109760284
3256250112.0,-0.08513464778661728
3257187584.0,-0.0832141861319542
3258125056.0,-0.07986342906951904
3259062528.0,-0.07434629648923874
3260000000.0,-0.06845518946647644
3260937472.0,-0.06290192157030106
3261874944.0,-0.054979726672172546
3262812416.0,-0.04575847089290619
3263749888.0,-0.03764503821730614
3264687616.0,-0.029004976153373718
3265625088.0,-0.020001113414764404
3266562560.0,-0.011967024765908718
3267500032.0,-0.004780018702149391
3268437504.0,0.0021100440062582493
3269374976.0,0.007627623155713081
3270312448.0,0.013288961723446846
3271249920.0,0.01655665412545204
3272187392.0,0.019354650750756264
3273125120.0,0.02085639350116253
3274062592.0,0.021247588098049164
3275000064.0,0.0205319095402956
3275937536.0,0.019328055903315544
3276875008.0,0.016871659085154533
3277812480.0,0.01571393944323063
3278749952.0,0.013957220129668713
3279687424.0,0.011930761858820915
3280624896.0,0.01135988812893629
3281562624.0,0.01176175381988287
3282500096.0,0.010509216226637363
3283437568.0,0.012132552452385426
3284375040.0,0.013647877611219883
3285312512.0,0.01568756438791752
3286249984.0,0.017812060192227364
3287187456.0,0.01973632536828518
3288124928.0,0.021846452727913857
3289062400.0,0.022635508328676224
3289999872.0,0.02391139604151249
3290937600.0,0.02423154003918171
3291875072.0,0.023837490007281303
3292812544.0,0.022657176479697227
3293750016.0,0.01890457049012184
3294687488.0,0.01418400276452303
3295624960.0,0.009336484596133232
3296562432.0,0.004023970104753971
3297499904.0,-0.0031047514639794827
3298437376.0,-0.010781734250485897
3299375104.0,-0.019843174144625664
3300312576.0,-0.027769356966018677
3301250048.0,-0.0363798625767231
3302187520.0,-0.045507676899433136
3303124992.0,-0.05494099482893944
3304062464.0,-0.0642436072230339
3304999936.0,-0.07231076061725616
3305937408.0,-0.08093418926000595
3306874880.0,-0.0893399566411972
3307812608.0,-0.057677071541547775
3308750080.0,-0.05540052428841591
3309687552.0,-0.05356372892856598
3310625024.0,-0.05181097984313965
3311562496.0,-0.05064365267753601
3312499968.0,-0.050560012459754944
3313437440.0,-0.04894551634788513
3314374912.0,-0.04885740578174591
3315312384.0,-0.04927918314933777
3316250112.0,-0.04966365173459053
3317187584.0,-0.051716044545173645
3318125056.0,-0.05406032130122185
3319062528.0,-0.05767710879445076
3320000000.0,-0.06098831817507744
3320937472.0,-0.06599415093660355
3321874944.0,-0.07138079404830933
3322812416.0,-0.07765115052461624
3323749888.0,-0.0833212360739708
3324687616.0,-0.09065110981464386
3325625088.0,-0.09639044851064682
3326562560.0,-0.10482674837112427
3327500032.0,-0.11097945272922516
3328437504.0,-0.11851069331169128
3329374976.0,-0.1251634806394577
3330312448.0,-0.1317666620016098
3331249920.0,-0.13671831786632538
3332187392.0,-0.14273701608181
3333125120.0,-0.14521098136901855
3334062592.0,-0.14759394526481628
3335000064.0,-0.15125219523906708
3335937536.0,-0.15077301859855652
3336875008.0,-0.15213486552238464
3337812480.0,-0.14969587326049805
3338749952.0,-0.14905744791030884
3339687424.0,-0.14591720700263977
3340624896.0,-0.1410265564918518
3341562624.0,-0.13590699434280396
3342500096.0,-0.1293991357088089
3343437568.0,-0.12180684506893158
3344375040.0,-0.11369863152503967
3345312512.0,-0.10589231550693512
3346249984.0,-0.09703914821147919
3347187456.0,-0.08865273743867874
3348124928.0,-0.07738623023033142
3349062400.0,-0.06794898957014084
3350000128.0,-0.057699766010046005
3350937600.0,-0.048316601663827896
3351875072.0,-0.03839094191789627
3352812544.0,-0.029220284894108772
3353750016.0,-0.02098386362195015
3354687488.0,-0.01292367372661829
3355624960.0,-0.006702909711748362
3356562432.0,-0.0003054916160181165
3357499904.0,0.005984088871628046
3358437376.0,0.011060231365263462
3359375104.0,0.015917867422103882
3360312576.0,0.018986569717526436
3361250048.0,0.0223904587328434
3362187520.0,0.024714844301342964
3363124992.0,0.02775384485721588
3364062464.0,0.02976350672543049
3364999936.0,0.033067114651203156
3365937408.0,0.03514334559440613
3366874880.0,0.03742637485265732
3367812608.0,0.046546123921871185
3368750080.0,0.054907891899347305
3369687552.0,0.061854682862758636
3370625024.0,0.06888584047555923
3371562496.0,0.07479818910360336
3372499968.0,0.08008601516485214
3373437440.0,0.0837845727801323
3374374912.0,0.08645179122686386
3375312384.0,0.08767873793840408
3376250112.0,0.08757742494344711
3377187584.0,0.08651574701070786
3378125056.0,0.08467347174882889
3379062528.0,0.08194923400878906
3380000000.0,0.07636216282844543
3380937472.0,0.07039385288953781
3381874944.0,0.06411299109458923
3382812416.0,0.05557428300380707
3383749888.0,0.047225773334503174
3384687616.0,0.03858951851725578
3385625088.0,0.028503693640232086
3386562560.0,0.019366061314940453
3387500032.0,0.008483837358653545
3388437504.0,-0.002637461293488741
3389374976.0,-0.012367733754217625
3390312448.0,-0.023427113890647888
3391249920.0,-0.03326474502682686
3392187392.0,-0.042391903698444366
3393125120.0,-0.05189666897058487
3394062592.0,-0.059906601905822754
3395000064.0,-0.06854982674121857
3395937536.0,-0.07567042857408524
3396875008.0,-0.08285690099000931
3397812480.0,-0.08811933547258377
3398749952.0,-0.09148997813463211
3399687424.0,-0.09613416343927383
3400624896.0,-0.09860975295305252
3401562624.0,-0.1009155884385109
3402500096.0,-0.10183513164520264
3403437568.0,-0.10147365927696228
3404375040.0,-0.10102823376655579
3405312512.0,-0.10043909400701523
3406249984.0,-0.09828647971153259
3407187456.0,-0.096332848072052
3408124928.0,-0.09353411197662354
3409062400.0,-0.09103328734636307
3409999872.0,-0.08721179515123367
3410937600.0,-0.08469508588314056
3411875072.0,-0.08083028346300125
3412812544.0,-0.07722658663988113
3413750016.0,-0.07353118062019348
3414687488.0,-0.0680553987622261
3415624960.0,-0.064220130443573
3416562432.0,-0.061450812965631485
3417499904.0,-0.056290920823812485
3418437376.0,-0.05211571231484413
3419375104.0,-0.049319326877593994
3420312576.0,-0.04495660215616226
3421250048.0,-0.04164557531476021
3422187520.0,-0.03731730580329895
3423124992.0,-0.03313401713967323
3424062464.0,-0.029047707095742226
3424999936.0,-0.025128068402409554
3425937408.0,-0.020693715661764145
3426874880.0,-0.016991501674056053
3427812608.0,-0.013718322850763798
3428750080.0,-0.010171602480113506
3429687552.0,-0.006869040429592133
3430625024.0,-0.004817509558051825
3431562496.0,-0.0006423722370527685
3432499968.0,0.0034892268013209105
3433437440.0,0.008359024301171303
3434374912.0,0.013181861490011215
3435312384.0,0.01976126804947853
3436250112.0,0.02730119600892067
3437187584.0,0.034459806978702545
3438125056.0,0.043967440724372864
3439062528.0,0.054299723356962204
3440000000.0,0.0658106654882431
3440937472.0,0.078403040766716
3441874944.0,0.0920625552535057
3442812416.0,0.10592573881149292
3443749888.0,0.12062782794237137
3444687616.0,0.13469159603118896
3445625088.0,0.14826150238513947
3446562560.0,0.16152423620224
3447500032.0,0.17550989985466003
3448437504.0,0.18699494004249573
3449374976.0,0.19768457114696503
3450312448.0,0.2083972543478012
3451249920.0,0.214596688747406
3452187392.0,0.220541849732399
3453125120.0,0.22337301075458527
3454062592.0,0.22342945635318756
3455000064.0,0.22068610787391663
3455937536.0,0.21578159928321838
3456875008.0,0.20853444933891296
3457812480.0,0.1976679265499115
3458749952.0,0.18486152589321136
3459687424.0,0.17059040069580078
3460624896.0,0.15408088266849518
3461562624.0,0.13675841689109802
3462500096.0,0.11759428679943085
3463437568.0,0.09761885553598404
3464375040.0,0.0787152647972107
3465312512.0,0.059160735458135605
3466249984.0,0.039219994097948074
3467187456.0,0.01983155868947506
3468124928.0,0.0020545267034322023
3469062400.0,-0.014940149150788784
3470000128.0,-0.030051780864596367
3470937600.0,-0.04326540231704712
3471875072.0,-0.05418401584029198
3472812544.0,-0.06402187794446945
3473750016.0,-0.07227868586778641
3474687488.0,-0.07809986174106598
3475624960.0,-0.08241619914770126
3476562432.0,-0.08394097536802292
3477499904.0,-0.08395715802907944
3478437376.0,-0.08275865763425827
3479375104.0,-0.08113925158977509
3480312576.0,-0.07780195027589798
3481250048.0,-0.07413437217473984
3482187520.0,-0.06975742429494858
3483124992.0,-0.06347343325614929
3484062464.0,-0.05835418403148651
3484999936.0,-0.05428047478199005
3485937408.0,-0.0488080158829689
3486874880.0,-0.04491231217980385
3487812608.0,-0.031578175723552704
3488750080.0,-0.03522338718175888
3489687552.0,-0.03961557894945145
3490625024.0,-0.045043304562568665
3491562496.0,-0.04994199052453041
3492499968.0,-0.056235622614622116
3493437440.0,-0.06209825724363327
3494374912.0,-0.06672046333551407
3495312384.0,-0.07165984809398651
3496250112.0,-0.07742366194725037
3497187584.0,-0.08035731315612793
3498125056.0,-0.0839972123503685
3499062528.0,-0.08654039353132248
3500000000.0,-0.08879760652780533
3500937472.0,-0.08933944255113602
3501874944.0,-0.08808666467666626
3502812416.0,-0.08640731126070023
3503749888.0,-0.08217193186283112
3504687616.0,-0.07758168131113052
3505625088.0,-0.07137253135442734
3506562560.0,-0.06463327258825302
3507500032.0,-0.05697876587510109
3508437504.0,-0.049443893134593964
3509374976.0,-0.04000482335686684
3510312448.0,-0.031036706641316414
3511249920.0,-0.021813908591866493
3512187392.0,-0.012773794122040272
3513125120.0,-0.0026228453498333693
3514062592.0,0.007227636873722076
3515000064.0,0.016172874718904495
3515937536.0,0.024737410247325897
3516875008.0,0.032326266169548035
3517812480.0,0.03894977271556854
3518749952.0,0.04552767053246498
3519687424.0,0.051178693771362305
3520624896.0,0.05441969633102417
3521562624.0,0.05769980326294899
3522500096.0,0.05909258499741554
3523437568.0,0.059512555599212646
3524375040.0,0.059414975345134735
3525312512.0,0.05724627524614334
3526249984.0,0.055437397211790085
3527187456.0,0.05141108110547066
3528124928.0,0.04681579768657684
3529062400.0,0.04181847348809242
3529999872.0,0.036404091864824295
3530937600.0,0.031090715900063515
3531875072.0,0.024756118655204773
3532812544.0,0.019328558817505836
3533750016.0,0.013790227472782135
3534687488.0,0.008872639387845993
3535624960.0,0.004192227963358164
3536562432.0,-0.00039938316331245005
3537499904.0,-0.002074462128803134
3538437376.0,-0.005492622964084148
3539375104.0,-0.00725760729983449
3540312576.0,-0.0072879609651863575
3541250048.0,-0.005872780457139015
3542187520.0,-0.0057844240218400955
3543124992.0,-0.004221130628138781
3544062464.0,-0.002375664422288537
3544999936.0,0.002331440569832921
3545937408.0,0.00574936019256711
3546874880.0,0.010215370915830135
3547812608.0,0.012414642609655857
3548750080.0,0.009498805738985538
3549687552.0,0.008173969574272633
3550625024.0,0.004870143719017506
3551562496.0,0.0026109586469829082
3552499968.0,-0.0004412329872138798
3553437440.0,-0.0038691312074661255
3554374912.0,-0.008208598010241985
3555312384.0,-0.010684589855372906
3556250112.0,-0.015156258828938007
3557187584.0,-0.018406743183732033
3558125056.0,-0.021691136062145233
3559062528.0,-0.02639015018939972
3560000000.0,-0.02991863526403904
3560937472.0,-0.033238157629966736
3561874944.0,-0.03742346540093422
3562812416.0,-0.04129095748066902
3563749888.0,-0.0437125526368618
3564687616.0,-0.045609019696712494
3565625088.0,-0.04889536648988724
3566562560.0,-0.05042382702231407
3567500032.0,-0.05263818800449371
3568437504.0,-0.052661966532468796
3569374976.0,-0.05371362343430519
3570312448.0,-0.05411456525325775
3571249920.0,-0.05308268219232559
3572187392.0,-0.05353861302137375
3573125120.0,-0.05208759754896164
3574062592.0,-0.0514405183494091
3575000064.0,-0.05019815266132355
3575937536.0,-0.04924893379211426
3576875008.0,-0.046827755868434906
3577812480.0,-0.04522297531366348
3578749952.0,-0.04370605945587158
3579687424.0,-0.04112396016716957
3580624896.0,-0.03777817264199257
3581562624.0,-0.036024656146764755
3582500096.0,-0.033505868166685104
3583437568.0,-0.031146978959441185
3584375040.0,-0.029824214056134224
3585312512.0,-0.02945530042052269
3586249984.0,-0.028054922819137573
3587187456.0,-0.027348419651389122
3588124928.0,-0.02729078195989132
3589062400.0,-0.02677861973643303
3590000128.0,-0.026211462914943695
3590937600.0,-0.02553962916135788
3591875072.0,-0.025077618658542633
3592812544.0,-0.025136660784482956
3593750016.0,-0.025066213682293892
3594687488.0,-0.02503903955221176
3595624960.0,-0.023701373487710953
3596562432.0,-0.02161296270787716
3597499904.0,-0.02164602279663086
3598437376.0,-0.01796698570251465
3599375104.0,-0.01714383438229561
3600312576.0,-0.013384967111051083
3601250048.0,-0.00895728264003992
3602187520.0,-0.005230397451668978
3603124992.0,-0.001537025673314929
3604062464.0,0.0036709995474666357
3604999936.0,0.008670065551996231
3605937408.0,0.014901855029165745
3606874880.0,0.021680952981114388
3607812608.0,0.04450143128633499
3608750080.0,0.05364672839641571
3609687552.0,0.062492452561855316
3610625024.0,0.07133198529481888
3611562496.0,0.07979178428649902
3612499968.0,0.08760228008031845
3613437440.0,0.09339030086994171
3614374912.0,0.0994076132774353
3615312384.0,0.10481924563646317
3616250112.0,0.10783544182777405
3617187584.0,0.11122258007526398
3618125056.0,0.11219926178455353
3619062528.0,0.11275479942560196
3620000000.0,0.11201945692300797
3620937472.0,0.11043977737426758
3621874944.0,0.10783021152019501
3622812416.0,0.10481230914592743
3623749888.0,0.0989561527967453
3624687616.0,0.09322486072778702
3625625088.0,0.08762425929307938
3626562560.0,0.08110296726226807
3627500032.0,0.07358912378549576
3628437504.0,0.06529989838600159
3629374976.0,0.05662188678979874
3630312448.0,0.04818197712302208
3631249920.0,0.03925197571516037
3632187392.0,0.028925133869051933
3633125120.0,0.019405733793973923
3634062592.0,0.00961219985038042
3635000064.0,-0.0015640000347048044
3635937536.0,-0.012306726537644863
3636875008.0,-0.022286010906100273
3637812480.0,-0.031925249844789505
3638749952.0,-0.04225815832614899
3639687424.0,-0.05130625143647194
3640624896.0,-0.060171280056238174
3641562624.0,-0.06823339313268661
3642500096.0,-0.07630464434623718
3643437568.0,-0.08413949608802795
3644375040.0,-0.09129177778959274
3645312512.0,-0.09681309759616852
3646249984.0,-0.10380234569311142
3647187456.0,-0.10905034840106964
3648124928.0,-0.11351347714662552
3649062400.0,-0.1169097051024437
3649999872.0,-0.12069011479616165
3650937600.0,-0.12270410358905792
3651875072.0,-0.12609164416790009
3652812544.0,-0.12784577906131744
3653750016.0,-0.12862366437911987
3654687488.0,-0.12809491157531738
3655624960.0,-0.12886156141757965
3656562432.0,-0.12770617008209229
3657499904.0,-0.12683454155921936
3658437376.0,-0.1254831850528717
3659375104.0,-0.12365084141492844
3660312576.0,-0.12097665667533875
3661250048.0,-0.11723585426807404
3662187520.0,-0.11422622948884964
3663124992.0,-0.10982067137956619
3664062464.0,-0.10625699162483215
3664999936.0,-0.10109403729438782
3665937408.0,-0.09697887301445007
3666874880.0,-0.09254372119903564
3667812608.0,-0.07514269649982452
3668750080.0,-0.07456925511360168
3669687552.0,-0.07287890464067459
3670625024.0,-0.07182051986455917
3671562496.0,-0.06876679509878159
3672499968.0,-0.06494227796792984
3673437440.0,-0.06105230748653412
3674374912.0,-0.056628644466400146
3675312384.0,-0.05150485038757324
3676250112.0,-0.045413970947265625
3677187584.0,-0.03895922750234604
3678125056.0,-0.03212691843509674
3679062528.0,-0.024616798385977745
3680000000.0,-0.016850164160132408
3680937472.0,-0.008348443545401096
3681874944.0,0.0006554505089297891
3682812416.0,0.01078330259770155
3683749888.0,0.020066160708665848
3684687616.0,0.028357835486531258
3685625088.0,0.03789769858121872
3686562560.0,0.046158675104379654
3687500032.0,0.05405959486961365
3688437504.0,0.06228535994887352
3689374976.0,0.06974124163389206
3690312448.0,0.07609035819768906
3691249920.0,0.08179639279842377
3692187392.0,0.08610318601131439
3693125120.0,0.09011594206094742
3694062592.0,0.09260062128305435
3695000064.0,0.09359140694141388
3695937536.0,0.09422047436237335
3696875008.0,0.09416252374649048
3697812480.0,0.09176135808229446
3698749952.0,0.09072843194007874
3699687424.0,0.087400883436203
3700624896.0,0.08304355293512344
3701562624.0,0.07902965694665909
3702500096.0,0.07288091629743576
3703437568.0,0.06673809140920639
3704375040.0,0.059429362416267395
3705312512.0,0.052440110594034195
3706249984.0,0.04395333677530289
3707187456.0,0.03572263941168785
3708124928.0,0.027140721678733826
3709062400.0,0.018366504460573196
3710000128.0,0.008737812750041485
3710937600.0,-0.0004539035144262016
3711875072.0,-0.009764468297362328
3712812544.0,-0.01749206706881523
3713750016.0,-0.023945171386003494
3714687488.0,-0.030502047389745712
3715624960.0,-0.03588660806417465
3716562432.0,-0.03975469619035721
3717499904.0,-0.04377109184861183
3718437376.0,-0.04732269421219826
3719375104.0,-0.04957782104611397
3720312576.0,-0.05242568254470825
3721250048.0,-0.052337534725666046
3722187520.0,-0.05306956171989441
3723124992.0,-0.05195606127381325
3724062464.0,-0.051859136670827866
3724999936.0,-0.049487967044115067
3725937408.0,-0.04819880798459053
3726874880.0,-0.046178679913282394
3727812608.0,-0.0489889532327652
3728750080.0,-0.04839855059981346
3729687552.0,-0.047033511102199554
3730625024.0,-0.047538336366415024
3731562496.0,-0.04570956900715828
3732499968.0,-0.04503320902585983
3733437440.0,-0.04540909081697464
3734374912.0,-0.045057568699121475
3735312384.0,-0.04473317414522171
3736250112.0,-0.04537953808903694
3737187584.0,-0.0462755523622036
3738125056.0,-0.04973236843943596
3739062528.0,-0.0521077923476696
3740000000.0,-0.055093519389629364
3740937472.0,-0.058574944734573364
3741874944.0,-0.062486834824085236
3742812416.0,-0.06723912060260773
3743749888.0,-0.0713677853345871
3744687616.0,-0.07703249156475067
3745625088.0,-0.0826001837849617
3746562560.0,-0.08809570968151093
3747500032.0,-0.09347067028284073
3748437504.0,-0.09811213612556458
3749374976.0,-0.10427000373601913
3750312448.0,-0.11020328104496002
3751249920.0,-0.11562877893447876
3752187392.0,-0.12054149061441422
3753125120.0,-0.12660549581050873
3754062592.0,-0.13024500012397766
3755000064.0,-0.13387669622898102
3755937536.0,-0.13674117624759674
3756875008.0,-0.1379518061876297
3757812480.0,-0.1386994868516922
3758749952.0,-0.1384500414133072
3759687424.0,-0.13525189459323883
3760624896.0,-0.1314287632703781
3761562624.0,-0.12659503519535065
3762500096.0,-0.1211242750287056
3763437568.0,-0.1143714189529419
3764375040.0,-0.10523493587970734
3765312512.0,-0.09576809406280518
3766249984.0,-0.08486973494291306
3767187456.0,-0.07314994931221008
3768124928.0,-0.06185833737254143
3769062400.0,-0.050237901508808136
3769999872.0,-0.03919214755296707
3770937600.0,-0.028120456263422966
3771875072.0,-0.01747359335422516
3772812544.0,-0.006773661822080612
3773750016.0,0.0025027315132319927
3774687488.0,0.010392066091299057
3775624960.0,0.01835623010993004
3776562432.0,0.02453719452023506
3777499904.0,0.029402779415249825
3778437376.0,0.03212569281458855
3779375104.0,0.034398891031742096
3780312576.0,0.034267764538526535
3781250048.0,0.03302089497447014
3782187520.0,0.029828960075974464
3783124992.0,0.025102660059928894
3784062464.0,0.01878536306321621
3784999936.0,0.010982920415699482
3785937408.0,0.0028521111235022545
3786874880.0,0.005216815043240786
3787812608.0,-0.004173970315605402
3788750080.0,-0.013773785904049873
3789687552.0,-0.0250743106007576
3790625024.0,-0.036333344876766205
3791562496.0,-0.049018826335668564
3792499968.0,-0.05951866880059242
3793437440.0,-0.07063481211662292
3794374912.0,-0.08183130621910095
3795312384.0,-0.09320676326751709
3796250112.0,-0.10445572435855865
3797187584.0,-0.11468595266342163
3798125056.0,-0.1250247210264206
3799062528.0,-0.13445064425468445
3800000000.0,-0.14245456457138062
3800937472.0,-0.14950193464756012
3801874944.0,-0.15558433532714844
3802812416.0,-0.16055026650428772
3803749888.0,-0.16407546401023865
3804687616.0,-0.16584376990795135
3805625088.0,-0.16641394793987274
3806562560.0,-0.16598334908485413
3807500032.0,-0.16486215591430664
3808437504.0,-0.16102217137813568
3809374976.0,-0.15696988999843597
3810312448.0,-0.15089699625968933
3811249920.0,-0.14577823877334595
3812187392.0,-0.13818247616291046
3813125120.0,-0.12937797605991364
3814062592.0,-0.12100908160209656
3815000064.0,-0.11151264607906342
3815937536.0,-0.10105849802494049
3816875008.0,-0.09100291877985
3817812480.0,-0.08111219853162766
3818749952.0,-0.07032699882984161
3819687424.0,-0.06073564663529396
3820624896.0,-0.05182939022779465
3821562624.0,-0.04217250272631645
3822500096.0,-0.03420579805970192
3823437568.0,-0.026688793674111366
3824375040.0,-0.01981617510318756
3825312512.0,-0.014683340676128864
3826249984.0,-0.01004912331700325
3827187456.0,-0.007102000992745161
3828124928.0,-0.0050340150482952595
3829062400.0,-0.004340426065027714
3830000128.0,-0.0037470536772161722
3830937600.0,-0.004250191617757082
3831875072.0,-0.006252137478441
3832812544.0,-0.0076545486226677895
3833750016.0,-0.010378093458712101
3834687488.0,-0.01449989341199398
3835624960.0,-0.01911661960184574
3836562432.0,-0.023179560899734497
3837499904.0,-0.027187133207917213
3838437376.0,-0.03176206350326538
3839375104.0,-0.036881450563669205
3840312576.0,-0.0408608503639698
3841250048.0,-0.044308263808488846
3842187520.0,-0.04793268442153931
3843124992.0,-0.05052080750465393
3844062464.0,-0.05326111987233162
3844999936.0,-0.0553336925804615
3845937408.0,-0.056241944432258606
3846874880.0,-0.048621296882629395
3847812608.0,-0.04406862333416939
3848750080.0,-0.041162632405757904
3849687552.0,-0.0380995012819767
3850625024.0,-0.035590559244155884
3851562496.0,-0.032983455806970596
3852499968.0,-0.031476378440856934
3853437440.0,-0.029134057462215424
3854374912.0,-0.027483483776450157
3855312384.0,-0.027134984731674194
3856250112.0,-0.02625047229230404
3857187584.0,-0.02643170952796936
3858125056.0,-0.026440948247909546
3859062528.0,-0.02810768224298954
3860000000.0,-0.029926497489213943
3860937472.0,-0.032759133726358414
3861874944.0,-0.03497102111577988
3862812416.0,-0.03748821094632149
3863749888.0,-0.03979542851448059
3864687616.0,-0.0418352410197258
3865625088.0,-0.045708123594522476
3866562560.0,-0.04864444583654404
3867500032.0,-0.05159399285912514
3868437504.0,-0.05272791162133217
3869374976.0,-0.056010179221630096
3870312448.0,-0.05783463642001152
3871249920.0,-0.06014439836144447
3872187392.0,-0.06217840686440468
3873125120.0,-0.06379123777151108
3874062592.0,-0.06471206992864609
3875000064.0,-0.06576450169086456
3875937536.0,-0.06816360354423523
3876875008.0,-0.07011678069829941
3877812480.0,-0.07224474847316742
3878749952.0,-0.07410099357366562
3879687424.0,-0.07587282359600067
3880624896.0,-0.07721493393182755
3881562624.0,-0.07812337577342987
3882500096.0,-0.07801534235477448
3883437568.0,-0.07811540365219116
3884375040.0,-0.0772254690527916
3885312512.0,-0.07731913775205612
3886249984.0,-0.07719559967517853
3887187456.0,-0.07713892310857773
3888124928.0,-0.07616257667541504
3889062400.0,-0.07646056264638901
3889999872.0,-0.0777754932641983
3890937600.0,-0.07821084558963776
3891875072.0,-0.07888353615999222
3892812544.0,-0.07995957136154175
3893750016.0,-0.08094297349452972
3894687488.0,-0.08220765739679337
3895624960.0,-0.08371781557798386
3896562432.0,-0.08696915209293365
3897499904.0,-0.08841503411531448
3898437376.0,-0.09150595963001251
3899375104.0,-0.0934877097606659
3900312576.0,-0.09868337213993073
3901250048.0,-0.10191218554973602
3902187520.0,-0.10690299421548843
3903124992.0,-0.11174503713846207
3904062464.0,-0.11729133874177933
3904999936.0,-0.12135934084653854
3905937408.0,-0.12623047828674316
3906874880.0,-0.14218318462371826
3907812608.0,-0.14943017065525055
3908750080.0,-0.15438781678676605
3909687552.0,-0.15838275849819183
3910625024.0,-0.1613987535238266
3911562496.0,-0.16195037961006165
3912499968.0,-0.1590431183576584
3913437440.0,-0.15627190470695496
3914374912.0,-0.148889422416687
3915312384.0,-0.1405695080757141
3916250112.0,-0.13136371970176697
3917187584.0,-0.11981342732906342
3918125056.0,-0.1061171144247055
3919062528.0,-0.09271685779094696
3920000000.0,-0.07733410596847534
3920937472.0,-0.06134830042719841
3921874944.0,-0.04473409429192543
3922812416.0,-0.0286577008664608
3923749888.0,-0.012568317353725433
3924687616.0,0.003418140346184373
3925625088.0,0.018600527197122574
3926562560.0,0.032618194818496704
3927500032.0,0.04481641948223114
3928437504.0,0.05598752200603485
3929374976.0,0.06543971598148346
3930312448.0,0.07322989404201508
3931249920.0,0.07882416993379593
3932187392.0,0.08167728781700134
3933125120.0,0.08268007636070251
3934062592.0,0.08222620189189911
3935000064.0,0.07991616427898407
3935937536.0,0.0747237280011177
3936875008.0,0.06920147687196732
3937812480.0,0.06196554750204086
3938749952.0,0.054128099232912064
3939687424.0,0.04539388045668602
3940624896.0,0.03666609898209572
3941562624.0,0.027660781517624855
3942500096.0,0.018334370106458664
3943437568.0,0.009676902554929256
3944375040.0,0.0008173257810994983
3945312512.0,-0.007153051905333996
3946249984.0,-0.014427713118493557
3947187456.0,-0.021627254784107208
3948124928.0,-0.02741851657629013
3949062400.0,-0.03377262130379677
3950000128.0,-0.03813403844833374
3950937600.0,-0.04173211753368378
3951875072.0,-0.04538433998823166
3952812544.0,-0.04740144684910774
3953750016.0,-0.04986781254410744
3954687488.0,-0.05098645016551018
3955624960.0,-0.05327431857585907
3956562432.0,-0.05396594852209091
3957499904.0,-0.055741213262081146
3958437376.0,-0.05760851502418518
3959375104.0,-0.0580931156873703
3960312576.0,-0.05914495885372162
3961250048.0,-0.059713058173656464
3962187520.0,-0.06260278075933456
3963124992.0,-0.06496523320674896
3964062464.0,-0.06904751807451248
3964999936.0,-0.0737401619553566
3965937408.0,-0.07917771488428116
3966874880.0,-0.09353934228420258
3967812608.0,-0.10813988745212555
3968750080.0,-0.12218068540096283
3969687552.0,-0.1362239569425583
3970625024.0,-0.14996404945850372
3971562496.0,-0.16329137980937958
3972499968.0,-0.17589470744132996
3973437440.0,-0.1872195303440094
3974374912.0,-0.19710855185985565
3975312384.0,-0.20548073947429657
3976250112.0,-0.21277660131454468
3977187584.0,-0.21836444735527039
3978125056.0,-0.2212926745414734
3979062528.0,-0.22396308183670044
3980000000.0,-0.22272177040576935
3980937472.0,-0.22094334661960602
3981874944.0,-0.21700404584407806
3982812416.0,-0.21206915378570557
3983749888.0,-0.2053801268339157
3984687616.0,-0.19740843772888184
3985625088.0,-0.18760347366333008
3986562560.0,-0.17733940482139587
3987500032.0,-0.16648805141448975
3988437504.0,-0.15482516586780548
3989374976.0,-0.14235198497772217
3990312448.0,-0.13070997595787048
3991249920.0,-0.11794082820415497
3992187392.0,-0.10629568248987198
3993125120.0,-0.09527982771396637
3994062592.0,-0.08299512416124344
3995000064.0,-0.07347484678030014
3995937536.0,-0.06419622898101807
3996875008.0,-0.05588262528181076
3997812480.0,-0.04957099258899689
3998749952.0,-0.043582484126091
3999687424.0,-0.037504393607378006
4000624896.0,-0.04449691250920296
4001562624.0,-0.041502781212329865
4002500096.0,-0.04067721590399742
4003437568.0,-0.04049818590283394
4004375040.0,-0.04172799736261368
4005312512.0,-0.044547051191329956
4006249984.0,-0.048396848142147064
4007187456.0,-0.05321547016501427
4008124928.0,-0.05999499931931496
4009062400.0,-0.0664779394865036
4009999872.0,-0.07427491992712021
4010937600.0,-0.08311143517494202
4011875072.0,-0.0918760597705841
4012812544.0,-0.09910281747579575
4013750016.0,-0.1068253293633461
4014687488.0,-0.11498863250017166
4015624960.0,-0.12400507926940918
4016562432.0,-0.13074658811092377
4017499904.0,-0.13851259648799896
4018437376.0,-0.14477646350860596
4019375104.0,-0.1502479463815689
4020312576.0,-0.15726688504219055
4021250048.0,-0.16356541216373444
4022187520.0,-0.16794581711292267
4023124992.0,-0.17250478267669678
4024062464.0,-0.17649529874324799
4024999936.0,-0.18114790320396423
4025937408.0,-0.1849425733089447
4026874880.0,-0.17861244082450867
4027812608.0,-0.18547143042087555
4028750080.0,-0.19281716644763947
4029687552.0,-0.19862467050552368
4030625024.0,-0.20447005331516266
4031562496.0,-0.20826512575149536
4032499968.0,-0.21218284964561462
4033437440.0,-0.21428389847278595
4034374912.0,-0.2161739319562912
4035312384.0,-0.21697723865509033
4036250112.0,-0.21680118143558502
4037187584.0,-0.21516211330890656
4038125056.0,-0.21225203573703766
4039062528.0,-0.20794573426246643
4040000000.0,-0.20267610251903534
4040937472.0,-0.1964225322008133
4041874944.0,-0.19032147526741028
4042812416.0,-0.18310217559337616
4043749888.0,-0.1740444302558899
4044687616.0,-0.16526347398757935
4045625088.0,-0.15424057841300964
4046562560.0,-0.1427106410264969
4047500032.0,-0.1299612671136856
4048437504.0,-0.11782912909984589
4049374976.0,-0.10432609170675278
4050312448.0,-0.08997806161642075
4051249920.0,-0.07661273330450058
4052187392.0,-0.06342049688100815
4053125120.0,-0.04964901879429817
4054062592.0,-0.03686705604195595
4055000064.0,-0.02483256906270981
4055937536.0,-0.01315439771860838
4056875008.0,-0.0024724057875573635
4057812480.0,0.0070175062865018845
4058749952.0,0.01506128441542387
4059687424.0,0.020281869918107986
4060624896.0,0.02616254985332489
4061562624.0,0.028694305568933487
4062500096.0,0.030265944078564644
4063437568.0,0.029197359457612038
4064375040.0,0.027658194303512573
4065312512.0,0.023690253496170044
4066249984.0,0.019071955233812332
4067187456.0,0.012674312107264996
4068124928.0,0.0038806074298918247
4069062400.0,-0.004818485584110022
4070000128.0,-0.015719983726739883
4070937600.0,-0.02705022692680359
4071875072.0,-0.03968043997883797
4072812544.0,-0.05159172788262367
4073750016.0,-0.06484747678041458
4074687488.0,-0.07738610357046127
4075624960.0,-0.09010554850101471
4076562432.0,-0.10254520177841187
4077499904.0,-0.11527910828590393
4078437376.0,-0.12594997882843018
4079375104.0,-0.13674265146255493
4080312576.0,-0.1452467143535614
4081250048.0,-0.15381985902786255
4082187520.0,-0.1612977534532547
4083124992.0,-0.1666775643825531
4084062464.0,-0.17135964334011078
4084999936.0,-0.17555515468120575
4085937408.0,-0.17776507139205933
4086874880.0,-0.16052141785621643
4087812608.0,-0.15997537970542908
4088750080.0,-0.16021665930747986
4089687552.0,-0.15835750102996826
4090625024.0,-0.15577509999275208
4091562496.0,-0.1521020531654358
4092499968.0,-0.14955095946788788
4093437440.0,-0.1437733769416809
4094374912.0,-0.1391671746969223
4095312384.0,-0.1340610235929489
4096250112.0,-0.12785141170024872
4097187584.0,-0.12239331007003784
4098125056.0,-0.1161462813615799
4099062528.0,-0.11016745865345001
4100000000.0,-0.10394015908241272
4100937472.0,-0.0982796922326088
4101874944.0,-0.09218154102563858
4102812416.0,-0.08688970655202866
4103749888.0,-0.08184154331684113
4104687616.0,-0.0764666274189949
4105625088.0,-0.07108952850103378
4106562560.0,-0.06692883372306824
4107500032.0,-0.06258856505155563
4108437504.0,-0.05915939062833786
4109374976.0,-0.05557302385568619
4110312448.0,-0.052155472338199615
4111249920.0,-0.05026956647634506
4112187392.0,-0.04719704017043114
4113125120.0,-0.043920889496803284
4114062592.0,-0.042479947209358215
4115000064.0,-0.04035906493663788
4115937536.0,-0.04003400355577469
4116875008.0,-0.03880910202860832
4117812480.0,-0.037918057292699814
4118749952.0,-0.03729912266135216
4119687424.0,-0.038082752376794815
4120624896.0,-0.03862929344177246
4121562624.0,-0.03881328925490379
4122500096.0,-0.03839974105358124
4123437568.0,-0.039176326245069504
4124375040.0,-0.04013492912054062
4125312512.0,-0.0417218878865242
4126249984.0,-0.042885396629571915
4127187456.0,-0.044767167419195175
4128124928.0,-0.047035716474056244
4129062400.0,-0.051485709846019745
4129999872.0,-0.05540012940764427
4130937600.0,-0.06048120558261871
4131875072.0,-0.06444248557090759
4132812544.0,-0.06909440457820892
4133750016.0,-0.07480426132678986
4134687488.0,-0.08065897971391678
4135624960.0,-0.08756289631128311
4136562432.0,-0.09454148262739182
4137499904.0,-0.10240446031093597
4138437376.0,-0.110357366502285
4139375104.0,-0.11846159398555756
4140312576.0,-0.12648434937000275
4141250048.0,-0.13540291786193848
4142187520.0,-0.14332596957683563
4143124992.0,-0.1526353806257248
4144062464.0,-0.16232308745384216
4144999936.0,-0.17165124416351318
4145937408.0,-0.18038645386695862
4146874880.0,-0.2010527402162552
4147812608.0,-0.2083241492509842
4148750080.0,-0.21268349885940552
4149687552.0,-0.21670649945735931
4150625024.0,-0.2168639451265335
4151562496.0,-0.21565085649490356
4152499968.0,-0.21298882365226746
4153437440.0,-0.20786288380622864
4154374912.0,-0.20206624269485474
4155312384.0,-0.19364899396896362
4156250112.0,-0.18502947688102722
4157187584.0,-0.17488577961921692
4158125056.0,-0.16394741833209991
4159062528.0,-0.15268443524837494
4160000000.0,-0.1413012593984604
4160937472.0,-0.1292458176612854
4161874944.0,-0.11638961732387543
4162812416.0,-0.10429544001817703
4163749888.0,-0.09099343419075012
4164687616.0,-0.07962743192911148
4165625088.0,-0.06890380382537842
4166562560.0,-0.057999007403850555
4167500032.0,-0.04768776893615723
4168437504.0,-0.038189277052879333
4169374976.0,-0.02896350435912609
4170312448.0,-0.02176670916378498
4171249920.0,-0.014331634156405926
4172187392.0,-0.008291231468319893
4173125120.0,-0.0022862430196255445
4174062592.0,0.0027552791871130466
4175000064.0,0.007823442108929157
4175937536.0,0.010591162368655205
4176875008.0,0.013493155129253864
4177812480.0,0.016640331596136093
4178749952.0,0.01782160811126232
4179687424.0,0.01894097961485386
4180624896.0,0.019270123913884163
4181562624.0,0.019175518304109573
4182500096.0,0.018466750159859657
4183437568.0,0.018007423728704453
4184375040.0,0.016465840861201286
4185312512.0,0.015150691382586956
4186249984.0,0.01189039833843708
4187187456.0,0.008335496298968792
4188124928.0,0.004497491288930178
4189062400.0,0.00018467605696059763
4190000128.0,-0.004193744622170925
4190937600.0,-0.010020502842962742
4191875072.0,-0.01677091047167778
4192812544.0,-0.023786216974258423
4193750016.0,-0.031413380056619644
4194687488.0,-0.03978084400296211
4195624960.0,-0.048823755234479904
4196562432.0,-0.058114733546972275
4197499904.0,-0.06795871257781982
4198437376.0,-0.07938642054796219
4199375104.0,-0.08939947187900543
4200312576.0,-0.10205437242984772
4201250048.0,-0.11383702605962753
4202187520.0,-0.12665894627571106
4203124992.0,-0.13948188722133636
4204062464.0,-0.15052571892738342
4204999936.0,-0.1631487011909485
4205937408.0,-0.1762087345123291
4206874880.0,-0.1786956489086151
4207812608.0,-0.19057179987430573
4208750080.0,-0.2018362134695053
4209687552.0,-0.21286650002002716
4210625024.0,-0.22318242490291595
4211562496.0,-0.2341165691614151
4212499968.0,-0.24224118888378143
4213437440.0,-0.24861112236976624
4214374912.0,-0.255106121301651
4215312384.0,-0.2588950991630554
4216250112.0,-0.2615037262439728
4217187584.0,-0.2613750994205475
4218125056.0,-0.25734201073646545
4219062528.0,-0.25239819288253784
4220000000.0,-0.24396434426307678
4220937472.0,-0.23303262889385223
4221874944.0,-0.22018322348594666
4222812416.0,-0.20660647749900818
4223749888.0,-0.18980826437473297
4224687616.0,-0.17096640169620514
4225625088.0,-0.1515475958585739
4226562560.0,-0.13052955269813538
4227500032.0,-0.10926013439893723
4228437504.0,-0.08675628155469894
4229374976.0,-0.0642048642039299
4230312448.0,-0.04091499745845795
4231249920.0,-0.019302498549222946
4232187392.0,0.0026902633253484964
4233125120.0,0.02402290515601635
4234062592.0,0.04333256930112839
4235000064.0,0.061284422874450684
4235937536.0,0.07598188519477844
4236875008.0,0.09026847034692764
4237812480.0,0.10158375650644302
4238749952.0,0.11167027801275253
4239687424.0,0.11812878400087357
4240624896.0,0.12300428003072739
4241562624.0,0.12464983016252518
4242500096.0,0.125511035323143
4243437568.0,0.12114172428846359
4244375040.0,0.11578141152858734
4245312512.0,0.10805518925189972
4246249984.0,0.09875128418207169
4247187456.0,0.08710546046495438
4248124928.0,0.07433775067329407
4249062400.0,0.059333715587854385
4249999872.0,0.043558310717344284
4250937600.0,0.02651425078511238
4251875072.0,0.007674932945519686
4252812544.0,-0.009934250265359879
4253750016.0,-0.028550991788506508
4254687488.0,-0.04778946936130524
4255624960.0,-0.06646604090929031
4256562432.0,-0.08467350900173187
4257499904.0,-0.10267136245965958
4258437376.0,-0.12011483311653137
4259375104.0,-0.1375466287136078
4260312576.0,-0.1532033383846283
4261250048.0,-0.16826005280017853
4262187520.0,-0.18400099873542786
4263124992.0,-0.19825881719589233
4264062464.0,-0.21283529698848724
4264999936.0,-0.22647438943386078
4265937408.0,-0.23844744265079498
4266874880.0,-0.25097179412841797
4267812608.0,-0.25439217686653137
4268750080.0,-0.2602313756942749
4269687552.0,-0.26459482312202454
4270625024.0,-0.2688203752040863
4271562496.0,-0.2753693163394928
4272499968.0,-0.27931836247444153
4273437440.0,-0.2829960882663727
4274374912.0,-0.285993367433548
4275312384.0,-0.2875349819660187
4276250112.0,-0.2870638370513916
4277187584.0,-0.2866102457046509
4278125056.0,-0.2827938497066498
4279062528.0,-0.2778964638710022
4280000000.0,-0.2711014449596405
4280937472.0,-0.26244187355041504
4281874944.0,-0.2519446015357971
4282812416.0,-0.23934535682201385
4283749888.0,-0.2260349839925766
4284687616.0,-0.2103453129529953
4285625088.0,-0.193882018327713
4286562560.0,-0.17466707527637482
4287500032.0,-0.15393556654453278
4288437504.0,-0.13318082690238953
4289374976.0,-0.10930828005075455
4290312448.0,-0.08599864691495895
4291249920.0,-0.061852216720581055
4292187392.0,-0.039098527282476425
4293125120.0,-0.01474679820239544
4294062592.0,0.009536313824355602
4295000064.0,0.03168635442852974
4295937536.0,0.05371181666851044
4296875008.0,0.0741114690899849
4297812480.0,0.09365523606538773
4298749952.0,0.11071528494358063
4299687424.0,0.12649570405483246
4300624896.0,0.14035455882549286
4301562368.0,0.15080559253692627
4302499840.0,0.1602802872657776
4303437312.0,0.16691164672374725
4304374784.0,0.17036253213882446
4305312256.0,0.17055268585681915
4306250240.0,0.1676328331232071
4307187712.0,0.16240836679935455
4308125184.0,0.15372033417224884
4309062656.0,0.14298903942108154
4310000128.0,0.12915658950805664
4310937600.0,0.11213380843400955
4311875072.0,0.0915159210562706
4312812544.0,0.0713021531701088
4313750016.0,0.04736192151904106
4314687488.0,0.021367227658629417
4315624960.0,-0.0068496293388307095
4316562432.0,-0.03561881557106972
4317499904.0,-0.06510847061872482
4318437376.0,-0.09566370397806168
4319374848.0,-0.12627878785133362
4320312320.0,-0.15554176270961761
4321249792.0,-0.18538150191307068
4322187264.0,-0.21218585968017578
4323125248.0,-0.23819907009601593
4324062720.0,-0.26427048444747925
4325000192.0,-0.287121057510376
4325937664.0,-0.30761826038360596
4326875136.0,-0.34540724754333496
4327812608.0,-0.33952170610427856
4328750080.0,-0.3331335783004761
4329687552.0,-0.3255639374256134
4330625024.0,-0.31710395216941833
4331562496.0,-0.3087897002696991
4332499968.0,-0.30012649297714233
4333437440.0,-0.29192087054252625
4334374912.0,-0.28251129388809204
4335312384.0,-0.2752501964569092
4336249856.0,-0.2676418125629425
4337187328.0,-0.26115885376930237
4338124800.0,-0.2553241550922394
4339062272.0,-0.24944432079792023
4339999744.0,-0.24405355751514435
4340937728.0,-0.23852235078811646
4341875200.0,-0.23343373835086823
4342812672.0,-0.22839471697807312
4343750144.0,-0.22346782684326172
4344687616.0,-0.21884562075138092
4345625088.0,-0.21271856129169464
4346562560.0,-0.20565135776996613
4347500032.0,-0.20011746883392334
4348437504.0,-0.19183635711669922
4349374976.0,-0.1839870661497116
4350312448.0,-0.1743117868900299
4351249920.0,-0.162008136510849
4352187392.0,-0.1492997705936432
4353124864.0,-0.13551996648311615
4354062336.0,-0.11940374970436096
4354999808.0,-0.10273555666208267
4355937280.0,-0.08619696646928787
4356874752.0,-0.06907561421394348
4357812736.0,-0.052650149911642075
4358750208.0,-0.0384599007666111
4359687680.0,-0.027547741308808327
4360625152.0,-0.01960105076432228
4361562624.0,-0.015076280571520329
4362500096.0,-0.011411409825086594
4363437568.0,-0.010587535798549652
4364375040.0,-0.009720288217067719
4365312512.0,-0.008755125105381012
4366249984.0,-0.007929048500955105
4367187456.0,-0.009133746847510338
4368124928.0,-0.010606644675135612
4369062400.0,-0.011066282168030739
4369999872.0,-0.013188890181481838
4370937344.0,-0.016331978142261505
4371874816.0,-0.018601099029183388
4372812288.0,-0.022739019244909286
4373749760.0,-0.028325499966740608
4374687744.0,-0.034707050770521164
4375625216.0,-0.0424322783946991
4376562688.0,-0.05153597891330719
4377500160.0,-0.06414557248353958
4378437632.0,-0.07680032402276993
4379375104.0,-0.09258618950843811
4380312576.0,-0.11036913841962814
4381250048.0,-0.1290367841720581
4382187520.0,-0.14942778646945953
4383124992.0,-0.17293262481689453
4384062464.0,-0.1959347277879715
4384999936.0,-0.21990293264389038
4385937408.0,-0.24414244294166565
4386874880.0,-0.3382799029350281
4387812352.0,-0.35373803973197937
4388749824.0,-0.36809003353118896
4389687296.0,-0.3792892396450043
4390624768.0,-0.38744744658470154
4391562752.0,-0.3929643929004669
4392500224.0,-0.39519861340522766
4393437696.0,-0.3937450051307678
4394375168.0,-0.39014723896980286
4395312640.0,-0.3820268213748932
4396250112.0,-0.3725561201572418
4397187584.0,-0.35783952474594116
4398125056.0,-0.3418913185596466
4399062528.0,-0.3213537335395813
4400000000.0,-0.29910385608673096
4400937472.0,-0.2735680341720581
4401874944.0,-0.24600255489349365
4402812416.0,-0.21729077398777008
4403749888.0,-0.18620574474334717
4404687360.0,-0.15507151186466217
4405624832.0,-0.12305213510990143
4406562304.0,-0.09046193957328796
4407499776.0,-0.059405617415905
4408437248.0,-0.027764813974499702
4409375232.0,0.0018828288884833455
4410312704.0,0.029103858396410942
4411250176.0,0.056345194578170776
4412187648.0,0.08061712235212326
4413125120.0,0.10347329825162888
4414062592.0,0.12229607254266739
4415000064.0,0.13985790312290192
4415937536.0,0.15393885970115662
4416875008.0,0.16433310508728027
4417812480.0,0.1714564859867096
4418749952.0,0.17619574069976807
4419687424.0,0.1763583868741989
4420624896.0,0.17318318784236908
4421562368.0,0.16650234162807465
4422499840.0,0.1565500646829605
4423437312.0,0.14364269375801086
4424374784.0,0.12760648131370544
4425312256.0,0.10991915315389633
4426250240.0,0.08913931250572205
4427187712.0,0.06692034751176834
4428125184.0,0.04292565584182739
4429062656.0,0.01718013361096382
4430000128.0,-0.008893154561519623
4430937600.0,-0.036465246230363846
4431875072.0,-0.06302427500486374
4432812544.0,-0.09017212688922882
4433750016.0,-0.11647091060876846
4434687488.0,-0.1414906531572342
4435624960.0,-0.16445215046405792
4436562432.0,-0.1864015758037567
4437499904.0,-0.2069413661956787
4438437376.0,-0.22530598938465118
4439374848.0,-0.24149802327156067
4440312320.0,-0.25556015968322754
4441249792.0,-0.2654877305030823
4442187264.0,-0.27476736903190613
4443125248.0,-0.2813819348812103
4444062720.0,-0.2841034233570099
4445000192.0,-0.2862233817577362
4445937664.0,-0.2870522141456604
4446875136.0,-0.22999368607997894
4447812608.0,-0.23493024706840515
4448750080.0,-0.2371724396944046
4449687552.0,-0.23698200285434723
4450625024.0,-0.2344600111246109
4451562496.0,-0.22933150827884674
4452499968.0,-0.22141951322555542
4453437440.0,-0.2092786431312561
4454374912.0,-0.19557762145996094
4455312384.0,-0.17895746231079102
4456249856.0,-0.16152504086494446
4457187328.0,-0.140213742852211
4458124800.0,-0.11959060281515121
4459062272.0,-0.09778595715761185
4460000256.0,-0.0752129852771759
4460937728.0,-0.05205037444829941
4461875200.0,-0.02958601340651512
4462812672.0,-0.008044826798141003
4463750144.0,0.011700456961989403
4464687616.0,0.03045947663486004
4465625088.0,0.047657717019319534
4466562560.0,0.06368483603000641
4467500032.0,0.0765121653676033
4468437504.0,0.08654766529798508
4469374976.0,0.09447216987609863
4470312448.0,0.0995740070939064
4471249920.0,0.10135813057422638
4472187392.0,0.10080239921808243
4473124864.0,0.09830529242753983
4474062336.0,0.09213779866695404
4474999808.0,0.082408607006073
4475937280.0,0.06969908624887466
4476874752.0,0.05467243492603302
4477812736.0,0.03678487613797188
4478750208.0,0.01647260971367359
4479687680.0,-0.004985617473721504
4480625152.0,-0.029715079814195633
4481562624.0,-0.05545101314783096
4482500096.0,-0.08234686404466629
4483437568.0,-0.10937594622373581
4484375040.0,-0.13717539608478546
4485312512.0,-0.16624149680137634
4486249984.0,-0.19391386210918427
4487187456.0,-0.22260110080242157
4488124928.0,-0.2495124489068985
4489062400.0,-0.27594417333602905
4489999872.0,-0.3008502423763275
4490937344.0,-0.3240075409412384
4491874816.0,-0.3442454934120178
4492812288.0,-0.36341625452041626
4493749760.0,-0.380413681268692
4494687744.0,-0.39437779784202576
4495625216.0,-0.4061543643474579
4496562688.0,-0.4171448349952698
4497500160.0,-0.42473092675209045
4498437632.0,-0.4302959442138672
4499375104.0,-0.4335702955722809
4500312576.0,-0.43615013360977173
4501250048.0,-0.43549326062202454
4502187520.0,-0.43329623341560364
4503124992.0,-0.4319406747817993
4504062464.0,-0.42784035205841064
4504999936.0,-0.4239998459815979
4505937408.0,-0.41991302371025085
4506874880.0,-0.2991536259651184
4507812352.0,-0.29791203141212463
4508749824.0,-0.2968258261680603
4509687296.0,-0.29464367032051086
4510624768.0,-0.29387763142585754
4511562752.0,-0.29414448142051697
4512500224.0,-0.29524433612823486
4513437696.0,-0.2968079745769501
4514375168.0,-0.30008843541145325
4515312640.0,-0.30337685346603394
4516250112.0,-0.30834636092185974
4517187584.0,-0.3141486346721649
4518125056.0,-0.32023265957832336
4519062528.0,-0.32774269580841064
4520000000.0,-0.33503565192222595
4520937472.0,-0.34387871623039246
4521874944.0,-0.35256507992744446
4522812416.0,-0.36117735505104065
4523749888.0,-0.3710157871246338
4524687360.0,-0.3801204264163971
4525624832.0,-0.3885483145713806
4526562304.0,-0.3974597752094269
4527499776.0,-0.405793160200119
4528437248.0,-0.41455957293510437
4529375232.0,-0.42212510108947754
4530312704.0,-0.43060415983200073
4531250176.0,-0.4371086657047272
4532187648.0,-0.44414612650871277
4533125120.0,-0.4504174292087555
4534062592.0,-0.4560357332229614
4535000064.0,-0.4611824154853821
4535937536.0,-0.4657556712627411
4536875008.0,-0.4710782766342163
4537812480.0,-0.4744877219200134
4538749952.0,-0.47755199670791626
4539687424.0,-0.4789001941680908
4540624896.0,-0.4802101254463196
4541562368.0,-0.48158442974090576
4542499840.0,-0.4812866449356079
4543437312.0,-0.4805036783218384
4544374784.0,-0.4782707393169403
4545312256.0,-0.4764544367790222
4546250240.0,-0.4743111729621887
4547187712.0,-0.47159117460250854
4548125184.0,-0.4688013792037964
4549062656.0,-0.46475183963775635
4550000128.0,-0.46140244603157043
4550937600.0,-0.4587344825267792
4551875072.0,-0.4558127522468567
4552812544.0,-0.4526427090167999
4553750016.0,-0.44975829124450684
4554687488.0,-0.4469683766365051
4555624960.0,-0.4454599916934967
4556562432.0,-0.44226959347724915
4557499904.0,-0.44159263372421265
4558437376.0,-0.44030532240867615
4559374848.0,-0.4385080337524414
4560312320.0,-0.43857118487358093
4561249792.0,-0.438839852809906
4562187264.0,-0.4375244975090027
4563125248.0,-0.4367702305316925
4564062720.0,-0.43590855598449707
4565000192.0,-0.43467381596565247
4565937664.0,-0.43206384778022766
4566875136.0,-0.384724497795105
4567812608.0,-0.3906545042991638
4568750080.0,-0.39587587118148804
4569687552.0,-0.39878562092781067
4570625024.0,-0.3997579514980316
4571562496.0,-0.39993369579315186
4572499968.0,-0.39612865447998047
4573437440.0,-0.39142653346061707
4574374912.0,-0.3839484751224518
4575312384.0,-0.3749631643295288
4576249856.0,-0.36383524537086487
4577187328.0,-0.3503565490245819
4578124800.0,-0.3346306085586548
4579062272.0,-0.31800588965415955
4579999744.0,-0.2992829978466034
4580937728.0,-0.2795451581478119
4581875200.0,-0.2586900293827057
4582812672.0,-0.23709888756275177
4583750144.0,-0.21486428380012512
4584687616.0,-0.19215410947799683
4585625088.0,-0.16943365335464478
4586562560.0,-0.147188201546669
4587500032.0,-0.12476791441440582
4588437504.0,-0.10398443043231964
4589374976.0,-0.08393116295337677
4590312448.0,-0.06477029621601105
4591249920.0,-0.047513946890830994
4592187392.0,-0.03161147981882095
4593124864.0,-0.018824081867933273
4594062336.0,-0.007868478074669838
4594999808.0,0.00027679087361320853
4595937280.0,0.006206822115927935
4596874752.0,0.00855579599738121
4597812736.0,0.008694509044289589
4598750208.0,0.006634143181145191
4599687680.0,0.002307723043486476
4600625152.0,-0.005067592021077871
4601562624.0,-0.015380258671939373
4602500096.0,-0.027737963944673538
4603437568.0,-0.04203205555677414
4604375040.0,-0.05950207635760307
4605312512.0,-0.07737762480974197
4606249984.0,-0.09916436672210693
4607187456.0,-0.11988795548677444
4608124928.0,-0.142484650015831
4609062400.0,-0.16615518927574158
4609999872.0,-0.188633531332016
4610937344.0,-0.21157652139663696
4611874816.0,-0.2342911958694458
4612812288.0,-0.2566367983818054
4613749760.0,-0.2789052128791809
4614687744.0,-0.2996799349784851
4615625216.0,-0.31869497895240784
4616562688.0,-0.3368467092514038
4617500160.0,-0.3532487452030182
4618437632.0,-0.36916181445121765
4619375104.0,-0.38334211707115173
4620312576.0,-0.3970334827899933
4621250048.0,-0.4085668921470642
4622187520.0,-0.419803261756897
4623124992.0,-0.4296741783618927
4624062464.0,-0.4395236074924469
4624999936.0,-0.44760191440582275
4625937408.0,-0.45637962222099304
4626874880.0,-0.47057273983955383
4627812352.0,-0.4648011028766632
4628749824.0,-0.45906463265419006
4629687296.0,-0.45117640495300293
4630624768.0,-0.44153332710266113
4631562752.0,-0.43107008934020996
4632500224.0,-0.42102548480033875
4633437696.0,-0.41094717383384705
4634375168.0,-0.4007229208946228
4635312640.0,-0.38933801651000977
4636250112.0,-0.3801071345806122
4637187584.0,-0.37070411443710327
4638125056.0,-0.3620833456516266
4639062528.0,-0.3544938564300537
4640000000.0,-0.34725141525268555
4640937472.0,-0.34160295128822327
4641874944.0,-0.3362269401550293
4642812416.0,-0.3312768042087555
4643749888.0,-0.32683172821998596
4644687360.0,-0.32412636280059814
4645624832.0,-0.3206394612789154
4646562304.0,-0.319222629070282
4647499776.0,-0.32043880224227905
4648437248.0,-0.32226017117500305
4649375232.0,-0.3252793252468109
4650312704.0,-0.32904788851737976
4651250176.0,-0.3339694142341614
4652187648.0,-0.3400815427303314
4653125120.0,-0.3471296727657318
4654062592.0,-0.3537938892841339
4655000064.0,-0.36302241683006287
4655937536.0,-0.37300941348075867
4656875008.0,-0.3815591037273407
4657812480.0,-0.39241933822631836
4658749952.0,-0.4023641049861908
4659687424.0,-0.4139697551727295
4660624896.0,-0.4259542226791382
4661562368.0,-0.4395057260990143
4662499840.0,-0.45252078771591187
4663437312.0,-0.46615761518478394
4664374784.0,-0.48050448298454285
4665312256.0,-0.49390625953674316
4666250240.0,-0.5078535676002502
4667187712.0,-0.5221991539001465
4668125184.0,-0.5371143817901611
4669062656.0,-0.5526474118232727
4670000128.0,-0.568809449672699
4670937600.0,-0.5829930305480957
4671875072.0,-0.5982727408409119
4672812544.0,-0.6128402352333069
4673750016.0,-0.627191424369812
4674687488.0,-0.6397338509559631
4675624960.0,-0.6536339521408081
4676562432.0,-0.665380597114563
4677499904.0,-0.6761162281036377
4678437376.0,-0.6864753365516663
4679374848.0,-0.6970541477203369
4680312320.0,-0.7040969133377075
4681249792.0,-0.7114450931549072
4682187264.0,-0.7158065438270569
4683125248.0,-0.7192180156707764
4684062720.0,-0.7207258343696594
4685000192.0,-0.7222330570220947
4685937664.0,-0.7207903861999512
4686875136.0,-0.6970158219337463
4687812608.0,-0.6960486173629761
4688750080.0,-0.6937162280082703
4689687552.0,-0.6865715980529785
4690625024.0,-0.678767204284668
4691562496.0,-0.6676303744316101
4692499968.0,-0.655033528804779
4693437440.0,-0.6384705305099487
4694374912.0,-0.6208353042602539
4695312384.0,-0.6017856597900391
4696249856.0,-0.581970751285553
4697187328.0,-0.5585818290710449
4698124800.0,-0.5354796648025513
4699062272.0,-0.5123148560523987
4700000256.0,-0.48823583126068115
4700937728.0,-0.4647790789604187
4701875200.0,-0.4438784420490265
4702812672.0,-0.42407113313674927
4703750144.0,-0.40655961632728577
4704687616.0,-0.3916262090206146
4705625088.0,-0.37920743227005005
4706562560.0,-0.3709423243999481
4707500032.0,-0.36644887924194336
4708437504.0,-0.36497509479522705
4709374976.0,-0.3696482181549072
4710312448.0,-0.37729740142822266
4711249920.0,-0.3894786834716797
4712187392.0,-0.40678298473358154
4713124864.0,-0.4292140603065491
4714062336.0,-0.45674845576286316
4714999808.0,-0.4881989061832428
4715937280.0,-0.5253802537918091
4716874752.0,-0.5653116703033447
4717812736.0,-0.609709620475769
4718750208.0,-0.6558941006660461
4719687680.0,-0.7018268704414368
4720625152.0,-0.7516612410545349
4721562624.0,-0.8010239005088806
4722500096.0,-0.8504732251167297
4723437568.0,-0.8988732099533081
4724375040.0,-0.9455787539482117
4725312512.0,-0.988423228263855
4726249984.0,-1.030099630355835
4727187456.0,-1.0651047229766846
4728124928.0,-1.0976428985595703
4729062400.0,-1.124459147453308
4729999872.0,-1.1503413915634155
4730937344.0,-1.16842782497406
4731874816.0,-1.1836907863616943
4732812288.0,-1.1954108476638794
4733749760.0,-1.2027281522750854
4734687744.0,-1.2062715291976929
4735625216.0,-1.205842137336731
4736562688.0,-1.2027100324630737
4737500160.0,-1.1973576545715332
4738437632.0,-1.1887807846069336
4739375104.0,-1.1796448230743408
4740312576.0,-1.1681149005889893
4741250048.0,-1.1547688245773315
4742187520.0,-1.1424119472503662
4743124992.0,-1.1272995471954346
4744062464.0,-1.1124787330627441
4744999936.0,-1.0972542762756348
4745937408.0,-1.0823769569396973
4746874880.0,-0.8360282182693481
4747812352.0,-0.8421642780303955
4748749824.0,-0.8491261601448059
4749687296.0,-0.855649471282959
4750624768.0,-0.8622592091560364
4751562752.0,-0.8678282499313354
4752500224.0,-0.8740668892860413
4753437696.0,-0.879671037197113
4754375168.0,-0.8846846222877502
4755312640.0,-0.8881471753120422
4756250112.0,-0.8914620280265808
4757187584.0,-0.8949912190437317
4758125056.0,-0.8962385654449463
4759062528.0,-0.896694004535675
4760000000.0,-0.8960040211677551
4760937472.0,-0.8938899040222168
4761874944.0,-0.8911747932434082
4762812416.0,-0.8881661891937256
4763749888.0,-0.8860544562339783
4764687360.0,-0.8811444640159607
4765624832.0,-0.8773797750473022
4766562304.0,-0.8715965151786804
4767499776.0,-0.8659297227859497
4768437248.0,-0.8585476875305176
4769375232.0,-0.8533441424369812
4770312704.0,-0.8474394083023071
4771250176.0,-0.8414137959480286
4772187648.0,-0.8373916149139404
4773125120.0,-0.8338378667831421
4774062592.0,-0.8309245109558105
4775000064.0,-0.8294312357902527
4775937536.0,-0.8284204602241516
4776875008.0,-0.8287039995193481
4777812480.0,-0.8308588266372681
4778749952.0,-0.8357812762260437
4779687424.0,-0.8414618372917175
4780624896.0,-0.8499398231506348
4781562368.0,-0.8601258993148804
4782499840.0,-0.8723731637001038
4783437312.0,-0.885867178440094
4784374784.0,-0.9017171263694763
4785312256.0,-0.9186092615127563
4786250240.0,-0.9386178851127625
4787187712.0,-0.9589366316795349
4788125184.0,-0.9794758558273315
4789062656.0,-1.0030604600906372
4790000128.0,-1.027510643005371
4790937600.0,-1.052887201309204
4791875072.0,-1.0784701108932495
4792812544.0,-1.1062666177749634
4793750016.0,-1.134257197380066
4794687488.0,-1.1630109548568726
4795624960.0,-1.1910420656204224
4796562432.0,-1.2194130420684814
4797499904.0,-1.2464066743850708
4798437376.0,-1.2735401391983032
4799374848.0,-1.2979042530059814
4800312320.0,-1.3208094835281372
4801249792.0,-1.3432836532592773
4802187264.0,-1.3616394996643066
4803125248.0,-1.3762707710266113
4804062720.0,-1.3905596733093262
4805000192.0,-1.4025243520736694
4805937664.0,-1.410703420639038
4806875136.0,-1.2670965194702148
4807812608.0,-1.2710397243499756
4808750080.0,-1.2727547883987427
4809687552.0,-1.2735906839370728
4810625024.0,-1.2737188339233398
4811562496.0,-1.271486520767212
4812499968.0,-1.2684873342514038
4813437440.0,-1.265008807182312
4814374912.0,-1.2591569423675537
4815312384.0,-1.2526966333389282
4816249856.0,-1.2465324401855469
4817187328.0,-1.2409567832946777
4818124800.0,-1.23490571975708
4819062272.0,-1.227583646774292
4819999744.0,-1.2212358713150024
4820937728.0,-1.2160342931747437
4821875200.0,-1.2115575075149536
4822812672.0,-1.2075815200805664
4823750144.0,-1.2048512697219849
4824687616.0,-1.2035633325576782
4825625088.0,-1.2051018476486206
4826562560.0,-1.2059681415557861
4827500032.0,-1.209242820739746
4828437504.0,-1.2150979042053223
4829374976.0,-1.2231725454330444
4830312448.0,-1.2334891557693481
4831249920.0,-1.24434494972229
4832187392.0,-1.2567849159240723
4833124864.0,-1.2714626789093018
4834062336.0,-1.2871465682983398
4834999808.0,-1.3039660453796387
4835937280.0,-1.3234986066818237
4836874752.0,-1.3433648347854614
4837812736.0,-1.3629881143569946
4838750208.0,-1.3838623762130737
4839687680.0,-1.404189944267273
4840625152.0,-1.4264225959777832
4841562624.0,-1.4469153881072998
4842500096.0,-1.468191385269165
4843437568.0,-1.4900869131088257
4844375040.0,-1.5107771158218384
4845312512.0,-1.5295814275741577
4846249984.0,-1.548279881477356
4847187456.0,-1.5633735656738281
4848124928.0,-1.5777652263641357
4849062400.0,-1.5908700227737427
4849999872.0,-1.6033070087432861
4850937344.0,-1.613305926322937
4851874816.0,-1.6218103170394897
4852812288.0,-1.6298575401306152
4853749760.0,-1.6372644901275635
4854687744.0,-1.6412020921707153
4855625216.0,-1.647291660308838
4856562688.0,-1.650945782661438
4857500160.0,-1.6538742780685425
4858437632.0,-1.6569066047668457
4859375104.0,-1.6593915224075317
4860312576.0,-1.6625970602035522
4861250048.0,-1.6651790142059326
4862187520.0,-1.6674388647079468
4863124992.0,-1.6688296794891357
4864062464.0,-1.6721899509429932
4864999936.0,-1.6758311986923218
4865937408.0,-1.679491639137268
4866874880.0,-1.662810206413269
4867812352.0,-1.6660656929016113
4868749824.0,-1.6703118085861206
4869687296.0,-1.6735488176345825
4870624768.0,-1.67730712890625
4871562752.0,-1.680930495262146
4872500224.0,-1.6841490268707275
4873437696.0,-1.6886138916015625
4874375168.0,-1.6931569576263428
4875312640.0,-1.700359582901001
4876250112.0,-1.7065014839172363
4877187584.0,-1.7153420448303223
4878125056.0,-1.724358081817627
4879062528.0,-1.7346597909927368
4880000000.0,-1.7456364631652832
4880937472.0,-1.7564526796340942
4881874944.0,-1.768423318862915
4882812416.0,-1.7804341316223145
4883749888.0,-1.7925206422805786
4884687360.0,-1.8045682907104492
4885624832.0,-1.8178304433822632
4886562304.0,-1.8303099870681763
4887499776.0,-1.8401161432266235
4888437248.0,-1.8507493734359741
4889375232.0,-1.858303189277649
4890312704.0,-1.8630942106246948
4891250176.0,-1.865820288658142
4892187648.0,-1.865724802017212
4893125120.0,-1.8632289171218872
4894062592.0,-1.8572616577148438
4895000064.0,-1.8502326011657715
4895937536.0,-1.8393791913986206
4896875008.0,-1.8259903192520142
4897812480.0,-1.809504508972168
4898749952.0,-1.7912575006484985
4899687424.0,-1.7707834243774414
4900624896.0,-1.7474781274795532
4901562368.0,-1.724729061126709
4902499840.0,-1.6995161771774292
4903437312.0,-1.6728767156600952
4904374784.0,-1.644907832145691
4905312256.0,-1.6165059804916382
4906250240.0,-1.5896551609039307
4907187712.0,-1.562282681465149
4908125184.0,-1.535851240158081
4909062656.0,-1.508901834487915
4910000128.0,-1.4841041564941406
4910937600.0,-1.4618937969207764
4911875072.0,-1.440868616104126
4912812544.0,-1.4218966960906982
4913750016.0,-1.4041599035263062
4914687488.0,-1.388764500617981
4915624960.0,-1.3747671842575073
4916562432.0,-1.3638802766799927
4917499904.0,-1.3552767038345337
4918437376.0,-1.34919011592865
4919374848.0,-1.3455148935317993
4920312320.0,-1.34430992603302
4921249792.0,-1.3451145887374878
4922187264.0,-1.2971322536468506
4923125248.0,-1.2844609022140503
4924062720.0,-1.2743024826049805
4925000192.0,-1.2646151781082153
4925937664.0,-1.3669432401657104
4926875136.0,-1.3726956844329834
4927812608.0,-1.3779510259628296
4928750080.0,-1.3834199905395508
4929687552.0,-1.3867427110671997
4930625024.0,-1.389203429222107
4931562496.0,-1.3900431394577026
4932499968.0,-1.3889479637145996
4933437440.0,-1.385079264640808
4934374912.0,-1.379528284072876
4935312384.0,-1.370209813117981
4936249856.0,-1.359562873840332
4937187328.0,-1.3457562923431396
4938124800.0,-1.3303674459457397
4939062272.0,-1.313301682472229
4940000256.0,-1.2946165800094604
4940937728.0,-1.2732210159301758
4941875200.0,-1.2510862350463867
4942812672.0,-1.2287946939468384
4943750144.0,-1.2059069871902466
4944687616.0,-1.180749773979187
4945625088.0,-1.1579755544662476
4946562560.0,-1.1358146667480469
4947500032.0,-1.1147149801254272
4948437504.0,-1.0939216613769531
4949374976.0,-1.0754430294036865
4950312448.0,-1.059575080871582
4951249920.0,-1.044950008392334
4952187392.0,-1.0327194929122925
4953124864.0,-1.0227398872375488
4954062336.0,-1.016470193862915
4954999808.0,-1.0113987922668457
4955937280.0,-1.0081712007522583
4956874752.0,-1.0068737268447876
4957812736.0,-1.0040322542190552
4958750208.0,-1.0043811798095703
4959687680.0,-1.0041536092758179
4960625152.0,-1.0030574798583984
4961562624.0,-1.0025849342346191
4962500096.0,-0.999809980392456
4963437568.0,-0.9968776702880859
4964375040.0,-0.9925264120101929
4965312512.0,-0.9860053062438965
4966249984.0,-0.9798151850700378
4967187456.0,-0.9732937216758728
4968124928.0,-0.9652001261711121
4969062400.0,-0.9572950601577759
4969999872.0,-0.9492893815040588
4970937344.0,-0.9393444061279297
4971874816.0,-0.9295558929443359
4972812288.0,-0.9186228513717651
4973749760.0,-0.9101128578186035
4974687744.0,-0.9016720652580261
4975625216.0,-0.8937766551971436
4976562688.0,-0.8860145211219788
4977500160.0,-0.8795117139816284
4978437632.0,-0.8726237416267395
4979375104.0,-0.8655909895896912
4980312576.0,-0.8583368062973022
4981250048.0,-0.850097119808197
4982187520.0,-0.8430948853492737
4983124992.0,-0.8338285088539124
4984062464.0,-0.8258280754089355
4984999936.0,-0.8161940574645996
4985937408.0,-0.7934533953666687
4986874880.0,-0.7848665118217468
4987812352.0,-0.7762852907180786
4988749824.0,-0.7693731784820557
4989687296.0,-0.7637240886688232
4990624768.0,-0.7590766549110413
4991562752.0,-0.7555193901062012
4992500224.0,-0.7532176375389099
4993437696.0,-0.7533996105194092
4994375168.0,-0.7545664310455322
4995312640.0,-0.7562103271484375
4996250112.0,-0.7597955465316772
4997187584.0,-0.7631640434265137
4998125056.0,-0.7690789103507996
4999062528.0,-0.7762417793273926
5000000000.0,-0.7835479378700256
5000937472.0,-0.7910950779914856
5001874944.0,-0.7994160056114197
5002812416.0,-0.807322084903717
5003749888.0,-0.815147340297699
5004687360.0,-0.8228115439414978
5005624832.0,-0.8301068544387817
5006562304.0,-0.8343135118484497
5007499776.0,-0.8398632407188416
5008437248.0,-0.8429921269416809
5009375232.0,-0.8437041640281677
5010312704.0,-0.8429578542709351
5011250176.0,-0.8393799066543579
5012187648.0,-0.8330275416374207
5013125120.0,-0.8249357342720032
5014062592.0,-0.8141483068466187
5015000064.0,-0.799368143081665
5015937536.0,-0.7832109928131104
5016875008.0,-0.7646723985671997
5017812480.0,-0.7432411909103394
5018749952.0,-0.7200196981430054
5019687424.0,-0.6951457858085632
5020624896.0,-0.6682469248771667
5021562368.0,-0.6391336917877197
5022499840.0,-0.6098067164421082
5023437312.0,-0.5787559747695923
5024374784.0,-0.5465692281723022
5025312256.0,-0.5169876217842102
5026250240.0,-0.48626482486724854
5027187712.0,-0.4553144872188568
5028125184.0,-0.4268237054347992
5029062656.0,-0.39784228801727295
5030000128.0,-0.37295815348625183
5030937600.0,-0.34823673963546753
5031875072.0,-0.32513827085494995
5032812544.0,-0.3053670823574066
5033750016.0,-0.2881247103214264
5034687488.0,-0.27309414744377136
5035624960.0,-0.2614140212535858
5036562432.0,-0.25283411145210266
5037499904.0,-0.24740122258663177
5038437376.0,-0.24608288705348969
5039374848.0,-0.24733088910579681
5040312320.0,-0.2507765293121338
5041249792.0,-0.2578526735305786
5042187264.0,-0.26864635944366455
5043125248.0,-0.2807840406894684
5044062720.0,-0.2965414226055145
5045000192.0,-0.31475767493247986
5045937664.0,-0.5843433141708374
5046875136.0,-0.5933436751365662
5047812608.0,-0.602227509021759
5048750080.0,-0.6118861436843872
5049687552.0,-0.6209284663200378
5050625024.0,-0.6300541162490845
5051562496.0,-0.6396165490150452
5052499968.0,-0.6482312083244324
5053437440.0,-0.6587923169136047
5054374912.0,-0.6675289869308472
5055312384.0,-0.675747811794281
5056249856.0,-0.6844102740287781
5057187328.0,-0.6909936666488647
5058124800.0,-0.6964432001113892
5059062272.0,-0.7022772431373596
5059999744.0,-0.7050256729125977
5060937728.0,-0.7075748443603516
5061875200.0,-0.7080407738685608
5062812672.0,-0.7068805694580078
5063750144.0,-0.7040067911148071
5064687616.0,-0.7004436254501343
5065625088.0,-0.6938621997833252
5066562560.0,-0.6860963702201843
5067500032.0,-0.675467312335968
5068437504.0,-0.6641462445259094
5069374976.0,-0.6492674350738525
5070312448.0,-0.6344668865203857
5071249920.0,-0.6167933344841003
5072187392.0,-0.5959089398384094
5073124864.0,-0.5755869746208191
5074062336.0,-0.5533406138420105
5074999808.0,-0.5299277901649475
5075937280.0,-0.5057152509689331
5076874752.0,-0.48083916306495667
5077812736.0,-0.45513927936553955
5078750208.0,-0.43023714423179626
5079687680.0,-0.40494465827941895
5080625152.0,-0.37961047887802124
5081562624.0,-0.35644736886024475
5082500096.0,-0.3326936960220337
5083437568.0,-0.31100109219551086
5084375040.0,-0.28966251015663147
5085312512.0,-0.27164793014526367
5086249984.0,-0.2544272541999817
5087187456.0,-0.23835600912570953
5088124928.0,-0.22582803666591644
5089062400.0,-0.21511368453502655
5089999872.0,-0.2070552259683609
5090937344.0,-0.20092511177062988
5091874816.0,-0.19837182760238647
5092812288.0,-0.1980845183134079
5093749760.0,-0.20019224286079407
5094687744.0,-0.20552904903888702
5095625216.0,-0.21410499513149261
5096562688.0,-0.2240367978811264
5097500160.0,-0.23657909035682678
5098437632.0,-0.2506481111049652
5099375104.0,-0.26768091320991516
5100312576.0,-0.2859756052494049
5101250048.0,-0.30668455362319946
5102187520.0,-0.33007991313934326
5103124992.0,-0.3544180989265442
5104062464.0,-0.37848979234695435
5104999936.0,-0.40434420108795166
5105937408.0,-0.5006841421127319
5106874880.0,-0.5189571976661682
5107812352.0,-0.5361016988754272
5108749824.0,-0.5528550744056702
5109687296.0,-0.5660120844841003
5110624768.0,-0.5784747004508972
5111562752.0,-0.5871548652648926
5112500224.0,-0.5949289202690125
5113437696.0,-0.6015841364860535
5114375168.0,-0.6052184104919434
5115312640.0,-0.6063069701194763
5116250112.0,-0.6053636074066162
5117187584.0,-0.6050530076026917
5118125056.0,-0.6016353964805603
5119062528.0,-0.5974417328834534
5120000000.0,-0.5929390788078308
5120937472.0,-0.5870948433876038
5121874944.0,-0.5823668241500854
5122812416.0,-0.5753542184829712
5123749888.0,-0.5676101446151733
5124687360.0,-0.559593141078949
5125624832.0,-0.5529119372367859
5126562304.0,-0.5448301434516907
5127499776.0,-0.537347137928009
5128437248.0,-0.528920590877533
5129375232.0,-0.5200210809707642
5130312704.0,-0.5100893378257751
5131250176.0,-0.49765172600746155
5132187648.0,-0.4847348630428314
5133125120.0,-0.47097256779670715
5134062592.0,-0.45549291372299194
5135000064.0,-0.43874847888946533
5135937536.0,-0.42186859250068665
5136875008.0,-0.40372756123542786
5137812480.0,-0.3843532204627991
5138749952.0,-0.36611291766166687
5139687424.0,-0.34708645939826965
5140624896.0,-0.3281726539134979
5141562368.0,-0.3122744560241699
5142499840.0,-0.2962057888507843
5143437312.0,-0.2849167287349701
5144374784.0,-0.2755189836025238
5145312256.0,-0.2749970257282257
5146250240.0,-0.28001877665519714
5147187712.0,-0.290181040763855
5148125184.0,-0.3061372637748718
5149062656.0,-0.3230856657028198
5150000128.0,-0.3419434428215027
5150937600.0,-0.3626418113708496
5151875072.0,-0.38288432359695435
5152812544.0,-0.40323278307914734
5153750016.0,-0.4239438474178314
5154687488.0,-0.44113409519195557
5155624960.0,-0.4585968255996704
5156562432.0,-0.4750232696533203
5157499904.0,-0.4886360466480255
5158437376.0,-0.502170205116272
5159374848.0,-0.5127345323562622
5160312320.0,-0.5228581428527832
5161249792.0,-0.5330986976623535
5162187264.0,-0.541278600692749
5163125248.0,-0.5485677719116211
5164062720.0,-0.5562974214553833
5165000192.0,-0.5628597140312195
5165937664.0,-0.5678748488426208
5166875136.0,-0.5827212929725647
5167812608.0,-0.5976871848106384
5168750080.0,-0.6138055324554443
5169687552.0,-0.6299607753753662
5170625024.0,-0.6464280486106873
5171562496.0,-0.6626132726669312
5172499968.0,-0.6809040307998657
5173437440.0,-0.6963331699371338
5174374912.0,-0.7116789221763611
5175312384.0,-0.7265355587005615
5176249856.0,-0.7387091517448425
5177187328.0,-0.750935971736908
5178124800.0,-0.7597752809524536
5179062272.0,-0.7685171365737915
5180000256.0,-0.7727446556091309
5180937728.0,-0.7747367024421692
5181875200.0,-0.7740097045898438
5182812672.0,-0.7701810598373413
5183750144.0,-0.7638768553733826
5184687616.0,-0.7543826699256897
5185625088.0,-0.7411068677902222
5186562560.0,-0.7261046767234802
5187500032.0,-0.7087650895118713
5188437504.0,-0.6903577446937561
5189374976.0,-0.6694368720054626
5190312448.0,-0.6473265290260315
5191249920.0,-0.6231094598770142
5192187392.0,-0.6000168323516846
5193124864.0,-0.5755794644355774
5194062336.0,-0.5514734387397766
5194999808.0,-0.5278468728065491
5195937280.0,-0.5059817433357239
5196874752.0,-0.4842875897884369
5197812736.0,-0.46310481429100037
5198750208.0,-0.4444728493690491
5199687680.0,-0.4267043173313141
5200625152.0,-0.4119381606578827
5201562624.0,-0.3983163833618164
5202500096.0,-0.38759472966194153
5203437568.0,-0.3797142803668976
5204375040.0,-0.3738268315792084
5205312512.0,-0.3706968426704407
5206249984.0,-0.369617223739624
5207187456.0,-0.37276920676231384
5208124928.0,-0.3790508210659027
5209062400.0,-0.3877018988132477
5209999872.0,-0.3991650938987732
5210937344.0,-0.4137396514415741
5211874816.0,-0.4308067858219147
5212812288.0,-0.4495421350002289
5213749760.0,-0.4705651104450226
5214687744.0,-0.4925321936607361
5215625216.0,-0.5159304738044739
5216562688.0,-0.5414328575134277
5217500160.0,-0.5691625475883484
5218437632.0,-0.5963109731674194
5219375104.0,-0.6251142024993896
5220312576.0,-0.6534532904624939
5221250048.0,-0.6818720698356628
5222187520.0,-0.7108033895492554
5223124992.0,-0.7390329837799072
5224062464.0,-0.765556275844574
5224999936.0,-0.7933712601661682
5225937408.0,-0.8456888198852539
5226874880.0,-0.8711012005805969
5227812352.0,-0.8955321311950684
5228749824.0,-0.9176663160324097
5229687296.0,-0.9365817904472351
5230624768.0,-0.9534777402877808
5231562752.0,-0.967944324016571
5232500224.0,-0.9811291694641113
5233437696.0,-0.9905680418014526
5234375168.0,-0.9966365694999695
5235312640.0,-1.0012567043304443
5236250112.0,-1.002140760421753
5237187584.0,-1.0009899139404297
5238125056.0,-0.99786776304245
5239062528.0,-0.9912682175636292
5240000000.0,-0.9837967157363892
5240937472.0,-0.9749172925949097
5241874944.0,-0.963976263999939
5242812416.0,-0.9521766901016235
5243749888.0,-0.9380214810371399
5244687360.0,-0.9238316416740417
5245624832.0,-0.908649742603302
5246562304.0,-0.8926827311515808
5247499776.0,-0.8768754601478577
5248437248.0,-0.8612108826637268
5249375232.0,-0.8449881076812744
5250312704.0,-0.83013916015625
5251250176.0,-0.8151819109916687
5252187648.0,-0.8008930087089539
5253125120.0,-0.7858566641807556
5254062592.0,-0.7719188928604126
5255000064.0,-0.7592944502830505
5255937536.0,-0.7490743398666382
5256875008.0,-0.7393726706504822
5257812480.0,-0.7321359515190125
5258749952.0,-0.7260266542434692
5259687424.0,-0.7217200398445129
5260624896.0,-0.7192758917808533
5261562368.0,-0.7195626497268677
5262499840.0,-0.7214003205299377
5263437312.0,-0.7255901098251343
5264374784.0,-0.7315675020217896
5265312256.0,-0.7393171191215515
5266250240.0,-0.7489655613899231
5267187712.0,-0.7626809477806091
5268125184.0,-0.7774608135223389
5269062656.0,-0.796852171421051
5270000128.0,-0.8181575536727905
5270937600.0,-0.8406929969787598
5271875072.0,-0.866341769695282
5272812544.0,-0.8941546082496643
5273750016.0,-0.9248745441436768
5274687488.0,-0.9557680487632751
5275624960.0,-0.9882542490959167
5276562432.0,-1.0226850509643555
5277499904.0,-1.0576863288879395
5278437376.0,-1.0941497087478638
5279374848.0,-1.132304072380066
5280312320.0,-1.1695997714996338
5281249792.0,-1.2084263563156128
5282187264.0,-1.2477322816848755
5283125248.0,-1.2881349325180054
5284062720.0,-1.329225778579712
5285000192.0,-1.3697904348373413
5285937664.0,-1.4024511575698853
5286875136.0,-1.4367867708206177
5287812608.0,-1.4699506759643555
5288750080.0,-1.5011483430862427
5289687552.0,-1.5299235582351685
5290625024.0,-1.5554695129394531
5291562496.0,-1.5785605907440186
5292499968.0,-1.5994833707809448
5293437440.0,-1.6180323362350464
5294374912.0,-1.6321804523468018
5295312384.0,-1.6424877643585205
5296249856.0,-1.6512482166290283
5297187328.0,-1.6548240184783936
5298124800.0,-1.655837059020996
5299062272.0,-1.653245210647583
5299999744.0,-1.6484553813934326
5300937728.0,-1.6419275999069214
5301875200.0,-1.6328059434890747
5302812672.0,-1.621530294418335
5303750144.0,-1.6067185401916504
5304687616.0,-1.5904299020767212
5305625088.0,-1.5733544826507568
5306562560.0,-1.5553357601165771
5307500032.0,-1.5369828939437866
5308437504.0,-1.5213916301727295
5309374976.0,-1.5041406154632568
5310312448.0,-1.488387942314148
5311249920.0,-1.4747650623321533
5312187392.0,-1.4612032175064087
5313124864.0,-1.4488866329193115
5314062336.0,-1.4373785257339478
5314999808.0,-1.425927758216858
5315937280.0,-1.4160643815994263
5316874752.0,-1.4088176488876343
5317812736.0,-1.4023483991622925
5318750208.0,-1.399562954902649
5319687680.0,-1.4006445407867432
5320625152.0,-1.403616189956665
5321562624.0,-1.4078725576400757
5322500096.0,-1.4163569211959839
5323437568.0,-1.4271124601364136
5324375040.0,-1.4395668506622314
5325312512.0,-1.4551323652267456
5326249984.0,-1.475433111190796
5327187456.0,-1.4982115030288696
5328124928.0,-1.524756908416748
5329062400.0,-1.5544947385787964
5329999872.0,-1.5881608724594116
5330937344.0,-1.6250591278076172
5331874816.0,-1.661776065826416
5332812288.0,-1.7301578521728516
5333749760.0,-1.7770940065383911
5334687744.0,-1.826760172843933
5335625216.0,-1.877224326133728
5336562688.0,-1.927803874015808
5337500160.0,-1.9808785915374756
5338437632.0,-2.034295082092285
5339375104.0,-2.0898189544677734
5340312576.0,-2.146577835083008
5341250048.0,-2.2037148475646973
5342187520.0,-2.260474681854248
5343124992.0,-2.3144147396087646
5344062464.0,-2.3663666248321533
5344999936.0,-2.4167838096618652
5345937408.0,-2.3624422550201416
5346874880.0,-2.392650604248047
5347812352.0,-2.4201059341430664
5348749824.0,-2.4452197551727295
5349687296.0,-2.4684224128723145
5350624768.0,-2.487018585205078
5351562752.0,-2.5043179988861084
5352500224.0,-2.516758441925049
5353437696.0,-2.5279343128204346
5354375168.0,-2.535478353500366
5355312640.0,-2.5393714904785156
5356250112.0,-2.53767728805542
5357187584.0,-2.533362627029419
5358125056.0,-2.524461030960083
5359062528.0,-2.5109012126922607
5360000000.0,-2.4955086708068848
5360937472.0,-2.478029489517212
5361874944.0,-2.456488847732544
5362812416.0,-2.434231996536255
5363749888.0,-2.4098944664001465
5364687360.0,-2.384202480316162
5365624832.0,-2.356984853744507
5366562304.0,-2.330543041229248
5367499776.0,-2.3035380840301514
5368437248.0,-2.277512550354004
5369375232.0,-2.25126314163208
5370312704.0,-2.225370168685913
5371250176.0,-2.1999359130859375
5372187648.0,-2.174855947494507
5373125120.0,-2.1490731239318848
5374062592.0,-2.1258962154388428
5375000064.0,-2.1029396057128906
5375937536.0,-2.082334041595459
5376875008.0,-2.061695098876953
5377812480.0,-2.0440399646759033
5378749952.0,-2.026831865310669
5379687424.0,-2.011507034301758
5380624896.0,-1.9967875480651855
5381562368.0,-1.9844955205917358
5382499840.0,-1.9739880561828613
5383437312.0,-1.9642900228500366
5384374784.0,-1.9566562175750732
5385312256.0,-1.9488780498504639
5386250240.0,-1.9438859224319458
5387187712.0,-1.9396768808364868
5388125184.0,-1.9360252618789673
5389062656.0,-1.9348373413085938
5390000128.0,-1.9337360858917236
5390937600.0,-1.9338555335998535
5391875072.0,-1.9357376098632812
5392812544.0,-1.938423752784729
5393750016.0,-1.940050721168518
5394687488.0,-1.9452247619628906
5395624960.0,-1.9498604536056519
5396562432.0,-1.9550729990005493
5397499904.0,-1.958923101425171
5398437376.0,-1.9640445709228516
5399374848.0,-1.9681240320205688
5400312320.0,-1.9732269048690796
5401249792.0,-1.9758055210113525
5402187264.0,-1.9797286987304688
5403125248.0,-1.9826685190200806
5404062720.0,-1.9840772151947021
5405000192.0,-1.9852911233901978
5405937664.0,-2.1260690689086914
5406875136.0,-2.1235175132751465
5407812608.0,-2.1174604892730713
5408750080.0,-2.1109507083892822
5409687552.0,-2.0999717712402344
5410625024.0,-2.087677240371704
5411562496.0,-2.0712850093841553
5412499968.0,-2.0542337894439697
5413437440.0,-2.0349204540252686
5414374912.0,-2.0128958225250244
5415312384.0,-1.9889271259307861
5416249856.0,-1.9637634754180908
5417187328.0,-1.9355945587158203
5418124800.0,-1.9068260192871094
5419062272.0,-1.8751084804534912
5420000256.0,-1.8436510562896729
5420937728.0,-1.8125908374786377
5421875200.0,-1.781494140625
5422812672.0,-1.7497767210006714
5423750144.0,-1.71863853931427
5424687616.0,-1.6879913806915283
5425625088.0,-1.6571638584136963
5426562560.0,-1.6266952753067017
5427500032.0,-1.598034381866455
5428437504.0,-1.568992257118225
5429374976.0,-1.5413379669189453
5430312448.0,-1.5152379274368286
5431249920.0,-1.4890719652175903
5432187392.0,-1.4651408195495605
5433124864.0,-1.4419546127319336
5434062336.0,-1.420066237449646
5434999808.0,-1.3992867469787598
5435937280.0,-1.3785597085952759
5436874752.0,-1.3601620197296143
5437812736.0,-1.3416377305984497
5438750208.0,-1.324013352394104
5439687680.0,-1.3092715740203857
5440625152.0,-1.295034408569336
5441562624.0,-1.282957673072815
5442500096.0,-1.272313117980957
5443437568.0,-1.2630594968795776
5444375040.0,-1.2563767433166504
5445312512.0,-1.2504863739013672
5446249984.0,-1.2453957796096802
5447187456.0,-1.2434512376785278
5448124928.0,-1.2412965297698975
5449062400.0,-1.2422728538513184
5449999872.0,-1.2449824810028076
5450937344.0,-1.2488008737564087
5451874816.0,-1.2537416219711304
5452812288.0,-1.2601696252822876
5453749760.0,-1.2686699628829956
5454687744.0,-1.277333378791809
5455625216.0,-1.2882158756256104
5456562688.0,-1.3000849485397339
5457500160.0,-1.3108099699020386
5458437632.0,-1.3229835033416748
5459375104.0,-1.3351664543151855
5460312576.0,-1.3457481861114502
5461250048.0,-1.356475830078125
5462187520.0,-1.3667958974838257
5463124992.0,-1.3742467164993286
5464062464.0,-1.381186842918396
5464999936.0,-1.385499358177185
5465937408.0,-1.3950653076171875
5466874880.0,-1.3936753273010254
5467812352.0,-1.393080472946167
5468749824.0,-1.3879879713058472
5469687296.0,-1.381333351135254
5470624768.0,-1.3725764751434326
5471562752.0,-1.362417221069336
5472500224.0,-1.3504012823104858
5473437696.0,-1.3357594013214111
5474375168.0,-1.3186535835266113
5475312640.0,-1.3002429008483887
5476250112.0,-1.2803453207015991
5477187584.0,-1.2579479217529297
5478125056.0,-1.2355332374572754
5479062528.0,-1.211544156074524
5480000000.0,-1.1863905191421509
5480937472.0,-1.1604527235031128
5481874944.0,-1.1330983638763428
5482812416.0,-1.1054303646087646
5483749888.0,-1.0767595767974854
5484687360.0,-1.049752116203308
5485624832.0,-1.021453619003296
5486562304.0,-0.9957471489906311
5487499776.0,-0.9688510894775391
5488437248.0,-0.9411009550094604
5489375232.0,-0.9155858755111694
5490312704.0,-0.8917331695556641
5491250176.0,-0.8671214580535889
5492187648.0,-0.843125581741333
5493125120.0,-0.8216699361801147
5494062592.0,-0.8013775944709778
5495000064.0,-0.7839359045028687
5495937536.0,-0.7671017050743103
5496875008.0,-0.7521789073944092
5497812480.0,-0.7403077483177185
5498749952.0,-0.7304256558418274
5499687424.0,-0.7239644527435303
5500624896.0,-0.7198066711425781
5501562368.0,-0.7177032232284546
5502499840.0,-0.7183095812797546
5503437312.0,-0.7221122980117798
5504374784.0,-0.727993905544281
5505312256.0,-0.737390398979187
5506250240.0,-0.7493829131126404
5507187712.0,-0.7640385627746582
5508125184.0,-0.781079113483429
5509062656.0,-0.8005180358886719
5510000128.0,-0.8218543529510498
5510937600.0,-0.8482853174209595
5511875072.0,-0.8743221759796143
5512812544.0,-0.9024832248687744
5513750016.0,-0.933002769947052
5514687488.0,-0.9637331962585449
5515624960.0,-0.9949477314949036
5516562432.0,-1.028255581855774
5517499904.0,-1.0616928339004517
5518437376.0,-1.0935174226760864
5519374848.0,-1.1247631311416626
5520312320.0,-1.1540861129760742
5521249792.0,-1.181809425354004
5522187264.0,-1.2073004245758057
5523125248.0,-1.2300282716751099
5524062720.0,-1.2497998476028442
5525000192.0,-1.2656296491622925
5525937664.0,-1.1047794818878174
5526875136.0,-1.1103036403656006
5527812608.0,-1.115060806274414
5528750080.0,-1.1185747385025024
5529687552.0,-1.1190780401229858
5530625024.0,-1.1183615922927856
5531562496.0,-1.1151769161224365
5532499968.0,-1.1103529930114746
5533437440.0,-1.1042965650558472
5534374912.0,-1.0980119705200195
5535312384.0,-1.087644338607788
5536249856.0,-1.076133131980896
5537187328.0,-1.0648611783981323
5538124800.0,-1.0520399808883667
5539062272.0,-1.0395208597183228
5539999744.0,-1.0237048864364624
5540937728.0,-1.0091129541397095
5541875200.0,-0.9933803081512451
5542812672.0,-0.9777513146400452
5543750144.0,-0.9614752531051636
5544687616.0,-0.9448005557060242
5545625088.0,-0.9289311766624451
5546562560.0,-0.9137123227119446
5547500032.0,-0.8991028666496277
5548437504.0,-0.8839958906173706
5549374976.0,-0.8699689507484436
5550312448.0,-0.8582120537757874
5551249920.0,-0.846503734588623
5552187392.0,-0.8365713357925415
5553124864.0,-0.8278633952140808
5554062336.0,-0.8214845061302185
5554999808.0,-0.8155849575996399
5555937280.0,-0.8116015195846558
5556874752.0,-0.8112630248069763
5557812736.0,-0.8108054399490356
5558750208.0,-0.8148117065429688
5559687680.0,-0.8191514015197754
5560625152.0,-0.8273701071739197
5561562624.0,-0.8370568156242371
5562500096.0,-0.8506692051887512
5563437568.0,-0.8665319085121155
5564375040.0,-0.8841559886932373
5565312512.0,-0.9058006405830383
5566249984.0,-0.9289534687995911
5567187456.0,-0.9532217979431152
5568124928.0,-0.9804133772850037
5569062400.0,-1.0083494186401367
5569999872.0,-1.0357683897018433
5570937344.0,-1.065617322921753
5571874816.0,-1.094412922859192
5572812288.0,-1.123088002204895
5573749760.0,-1.1517040729522705
5574687744.0,-1.1780807971954346
5575625216.0,-1.2036930322647095
5576562688.0,-1.2276095151901245
5577500160.0,-1.248462200164795
5578437632.0,-1.2665438652038574
5579375104.0,-1.2829041481018066
5580312576.0,-1.2957172393798828
5581250048.0,-1.30616295337677
5582187520.0,-1.3124339580535889
5583124992.0,-1.317409873008728
5584062464.0,-1.3188786506652832
5584999936.0,-1.3189191818237305
5585937408.0,-1.2396173477172852
5586874880.0,-1.2471017837524414
5587812352.0,-1.2508105039596558
5588749824.0,-1.2547590732574463
5589687296.0,-1.2574663162231445
5590624768.0,-1.2588857412338257
5591562752.0,-1.2608325481414795
5592500224.0,-1.2603884935379028
5593437696.0,-1.2600561380386353
5594375168.0,-1.2568477392196655
5595312640.0,-1.2552441358566284
5596250112.0,-1.2511694431304932
5597187584.0,-1.2475776672363281
5598125056.0,-1.2432070970535278
5599062528.0,-1.2376632690429688
5600000000.0,-1.2328044176101685
5600937472.0,-1.2259445190429688
5601874944.0,-1.2204610109329224
5602812416.0,-1.2137227058410645
5603749888.0,-1.2075273990631104
5604687360.0,-1.2006713151931763
5605624832.0,-1.194566011428833
5606562304.0,-1.1879855394363403
5607499776.0,-1.1824336051940918
5608437248.0,-1.1766327619552612
5609375232.0,-1.1704548597335815
5610312704.0,-1.1639021635055542
5611250176.0,-1.158574104309082
5612187648.0,-1.1514148712158203
5613125120.0,-1.146797776222229
5614062592.0,-1.1401596069335938
5615000064.0,-1.133504033088684
5615937536.0,-1.1285637617111206
5616875008.0,-1.1245019435882568
5617812480.0,-1.120331883430481
5618749952.0,-1.118149995803833
5619687424.0,-1.1148003339767456
5620624896.0,-1.111642837524414
5621562368.0,-1.1099880933761597
5622499840.0,-1.107025384902954
5623437312.0,-1.1053413152694702
5624374784.0,-1.1038086414337158
5625312256.0,-1.1021989583969116
5626250240.0,-1.1006104946136475
5627187712.0,-1.1002517938613892
5628125184.0,-1.1006171703338623
5629062656.0,-1.099644422531128
5630000128.0,-1.0989259481430054
5630937600.0,-1.098886251449585
5631875072.0,-1.0975744724273682
5632812544.0,-1.0966111421585083
5633750016.0,-1.0945117473602295
5634687488.0,-1.092188835144043
5635624960.0,-1.0883123874664307
5636562432.0,-1.082254409790039
5637499904.0,-1.0759645700454712
5638437376.0,-1.0698591470718384
5639374848.0,-1.0618277788162231
5640312320.0,-1.0533013343811035
5641249792.0,-1.0448929071426392
5642187264.0,-1.0363929271697998
5643125248.0,-1.0276343822479248
5644062720.0,-1.0178561210632324
5645000192.0,-1.0093103647232056
5645937664.0,-1.0076689720153809
5646875136.0,-0.9952681660652161
5647812608.0,-0.9830179810523987
5648750080.0,-0.9689699411392212
5649687552.0,-0.9543932676315308
5650625024.0,-0.9389697313308716
5651562496.0,-0.9226297736167908
5652499968.0,-0.9043115973472595
5653437440.0,-0.8861889839172363
5654374912.0,-0.8666102886199951
5655312384.0,-0.8476911187171936
5656249856.0,-0.8278480172157288
5657187328.0,-0.806541919708252
5658124800.0,-0.7879284024238586
5659062272.0,-0.7659760117530823
5660000256.0,-0.7465125918388367
5660937728.0,-0.7261449098587036
5661875200.0,-0.7063150405883789
5662812672.0,-0.6866554021835327
5663750144.0,-0.6676462888717651
5664687616.0,-0.6492265462875366
5665625088.0,-0.632993221282959
5666562560.0,-0.6168419122695923
5667500032.0,-0.6015221476554871
5668437504.0,-0.5877880454063416
5669374976.0,-0.5759099125862122
5670312448.0,-0.5658365488052368
5671249920.0,-0.5568829774856567
5672187392.0,-0.5500008463859558
5673124864.0,-0.5449646711349487
5674062336.0,-0.5412430167198181
5674999808.0,-0.5383538007736206
5675937280.0,-0.5382248163223267
5676874752.0,-0.5385494232177734
5677812736.0,-0.5393721461296082
5678750208.0,-0.542270302772522
5679687680.0,-0.5450174808502197
5680625152.0,-0.5492177605628967
5681562624.0,-0.5531717538833618
5682500096.0,-0.5585474371910095
5683437568.0,-0.562868058681488
5684375040.0,-0.5671434998512268
5685312512.0,-0.571309506893158
5686249984.0,-0.5753950476646423
5687187456.0,-0.5773900747299194
5688124928.0,-0.5807876586914062
5689062400.0,-0.5821838974952698
5689999872.0,-0.5828975439071655
5690937344.0,-0.5823318362236023
5691874816.0,-0.5799253582954407
5692812288.0,-0.577534556388855
5693749760.0,-0.5722766518592834
5694687744.0,-0.5656136870384216
5695625216.0,-0.5563321113586426
5696562688.0,-0.5463937520980835
5697500160.0,-0.5358636975288391
5698437632.0,-0.523517370223999
5699375104.0,-0.5100662112236023
5700312576.0,-0.49585506319999695
5701250048.0,-0.4831341803073883
5702187520.0,-0.46924474835395813
5703124992.0,-0.4555399417877197
5704062464.0,-0.4416457712650299
5704999936.0,-0.42896637320518494
5705937408.0,-0.3963826298713684
5706874880.0,-0.39559057354927063
5707812352.0,-0.39351776242256165
5708749824.0,-0.3927304446697235
5709687296.0,-0.3905557096004486
5710624768.0,-0.388781875371933
5711562752.0,-0.387223482131958
5712500224.0,-0.3868634104728699
5713437696.0,-0.3847772777080536
5714375168.0,-0.3846447467803955
5715312640.0,-0.3822380602359772
5716250112.0,-0.3790745735168457
5717187584.0,-0.37626582384109497
5718125056.0,-0.37150731682777405
5719062528.0,-0.36528101563453674
5720000000.0,-0.358333945274353
5720937472.0,-0.3514578342437744
5721874944.0,-0.3432833254337311
5722812416.0,-0.33394354581832886
5723749888.0,-0.3262169659137726
5724687360.0,-0.31729835271835327
5725624832.0,-0.3077987730503082
5726562304.0,-0.29900145530700684
5727499776.0,-0.29022085666656494
5728437248.0,-0.2824062407016754
5729375232.0,-0.2759992778301239
5730312704.0,-0.27079853415489197
5731250176.0,-0.26634806394577026
5732187648.0,-0.2637961804866791
5733125120.0,-0.26375049352645874
5734062592.0,-0.2647041082382202
5735000064.0,-0.2679480314254761
5735937536.0,-0.2730579972267151
5736875008.0,-0.2792205512523651
5737812480.0,-0.2875553369522095
5738749952.0,-0.29872241616249084
5739687424.0,-0.31040647625923157
5740624896.0,-0.3229365050792694
5741562368.0,-0.33690378069877625
5742499840.0,-0.34981200098991394
5743437312.0,-0.36240971088409424
5744374784.0,-0.37442880868911743
5745312256.0,-0.3850363492965698
5746250240.0,-0.3946740925312042
5747187712.0,-0.40036943554878235
5748125184.0,-0.40523162484169006
5749062656.0,-0.40773001313209534
5750000128.0,-0.40735092759132385
5750937600.0,-0.4038480818271637
5751875072.0,-0.3989241123199463
5752812544.0,-0.3926926851272583
5753750016.0,-0.386419415473938
5754687488.0,-0.37728869915008545
5755624960.0,-0.36943763494491577
5756562432.0,-0.36120709776878357
5757499904.0,-0.35417690873146057
5758437376.0,-0.3453335464000702
5759374848.0,-0.33878064155578613
5760312320.0,-0.3326479196548462
5761249792.0,-0.3286115527153015
5762187264.0,-0.3239211440086365
5763125248.0,-0.321818470954895
5764062720.0,-0.3174397647380829
5765000192.0,-0.3149775266647339
5765937664.0,-0.2370973825454712
5766875136.0,-0.24109098315238953
5767812608.0,-0.24561144411563873
5768750080.0,-0.2501458525657654
5769687552.0,-0.2553965151309967
5770625024.0,-0.26219257712364197
5771562496.0,-0.2684914469718933
5772499968.0,-0.27429765462875366
5773437440.0,-0.28135907649993896
5774374912.0,-0.28851011395454407
5775312384.0,-0.29571935534477234
5776249856.0,-0.30350250005722046
5777187328.0,-0.3100312650203705
5778124800.0,-0.31758370995521545
5779062272.0,-0.32454946637153625
5779999744.0,-0.3326672911643982
5780937728.0,-0.33875516057014465
5781875200.0,-0.34496593475341797
5782812672.0,-0.35153061151504517
5783750144.0,-0.3576359152793884
5784687616.0,-0.3625209331512451
5785625088.0,-0.3676704466342926
5786562560.0,-0.3714669346809387
5787500032.0,-0.37589946389198303
5788437504.0,-0.3771628141403198
5789374976.0,-0.3771458566188812
5790312448.0,-0.37553271651268005
5791249920.0,-0.3730756640434265
5792187392.0,-0.36930668354034424
5793124864.0,-0.3646615743637085
5794062336.0,-0.36094287037849426
5794999808.0,-0.35375431180000305
5795937280.0,-0.34678754210472107
5796874752.0,-0.33944031596183777
5797812736.0,-0.33160704374313354
5798750208.0,-0.3216753900051117
5799687680.0,-0.31132951378822327
5800625152.0,-0.2997437119483948
5801562624.0,-0.28739795088768005
5802500096.0,-0.2754969298839569
5803437568.0,-0.2635428011417389
5804375040.0,-0.24797648191452026
5805312512.0,-0.23349131643772125
5806249984.0,-0.21895253658294678
5807187456.0,-0.20378996431827545
5808124928.0,-0.1894848644733429
5809062400.0,-0.17340883612632751
5809999872.0,-0.15763090550899506
5810937344.0,-0.14073537290096283
5811874816.0,-0.12622934579849243
5812812288.0,-0.11038463562726974
5813749760.0,-0.09367881715297699
5814687744.0,-0.07986791431903839
5815625216.0,-0.06629981100559235
5816562688.0,-0.05301351472735405
5817500160.0,-0.03927365317940712
5818437632.0,-0.027494609355926514
5819375104.0,-0.014675776474177837
5820312576.0,-0.0047474573366343975
5821250048.0,0.005151401739567518
5822187520.0,0.014830519445240498
5823124992.0,0.023091670125722885
5824062464.0,0.030235406011343002
5824999936.0,0.037284575402736664
5825937408.0,-0.1453758031129837
5826874880.0,-0.15109357237815857
5827812352.0,-0.15549986064434052
5828749824.0,-0.15748165547847748
5829687296.0,-0.15785464644432068
5830624768.0,-0.15785355865955353
5831562752.0,-0.15621812641620636
5832500224.0,-0.1545494794845581
5833437696.0,-0.15141548216342926
5834375168.0,-0.1484101563692093
5835312640.0,-0.14409637451171875
5836250112.0,-0.14070042967796326
5837187584.0,-0.13670581579208374
5838125056.0,-0.1334419548511505
5839062528.0,-0.13017748296260834
5840000000.0,-0.1309068351984024
5840937472.0,-0.1328611671924591
5841874944.0,-0.13389010727405548
5842812416.0,-0.13714894652366638
5843749888.0,-0.14033089578151703
5844687360.0,-0.1451779305934906
5845624832.0,-0.151297464966774
5846562304.0,-0.15781566500663757
5847499776.0,-0.16488614678382874
5848437248.0,-0.17486824095249176
5849375232.0,-0.18397581577301025
5850312704.0,-0.1940395087003708
5851250176.0,-0.20391732454299927
5852187648.0,-0.21625429391860962
5853125120.0,-0.22652651369571686
5854062592.0,-0.236996591091156
5855000064.0,-0.2467971295118332
5855937536.0,-0.25660058856010437
5856875008.0,-0.2642234265804291
5857812480.0,-0.2725214660167694
5858749952.0,-0.2782236337661743
5859687424.0,-0.28087949752807617
5860624896.0,-0.2829340696334839
5861562368.0,-0.28249672055244446
5862499840.0,-0.28084856271743774
5863437312.0,-0.2752707004547119
5864374784.0,-0.27061501145362854
5865312256.0,-0.26335978507995605
5866250240.0,-0.2548755705356598
5867187712.0,-0.24522697925567627
5868125184.0,-0.23413485288619995
5869062656.0,-0.22163869440555573
5870000128.0,-0.2084227204322815
5870937600.0,-0.19468474388122559
5871875072.0,-0.1807246208190918
5872812544.0,-0.16746275126934052
5873750016.0,-0.1543457806110382
5874687488.0,-0.1422816812992096
5875624960.0,-0.131748765707016
5876562432.0,-0.1229143962264061
5877499904.0,-0.11524245887994766
5878437376.0,-0.11177196353673935
5879374848.0,-0.10794266313314438
5880312320.0,-0.10758815705776215
5881249792.0,-0.10840006172657013
5882187264.0,-0.11136290431022644
5883125248.0,-0.11683458834886551
5884062720.0,-0.12312957644462585
5885000192.0,-0.13119743764400482
5885937664.0,-0.07018624246120453
5886875136.0,-0.0734139010310173
5887812608.0,-0.07824230194091797
5888750080.0,-0.08458174765110016
5889687552.0,-0.09027233719825745
5890625024.0,-0.09655319899320602
5891562496.0,-0.1044759526848793
5892499968.0,-0.1110878437757492
5893437440.0,-0.11914253234863281
5894374912.0,-0.1266879290342331
5895312384.0,-0.13545557856559753
5896249856.0,-0.14359232783317566
5897187328.0,-0.15209871530532837
5898124800.0,-0.16149082779884338
5899062272.0,-0.17070801556110382
5900000256.0,-0.180123433470726
5900937728.0,-0.18896332383155823
5901875200.0,-0.19792579114437103
5902812672.0,-0.20733705163002014
5903750144.0,-0.21678587794303894
5904687616.0,-0.22589606046676636
5905625088.0,-0.23557257652282715
5906562560.0,-0.2440117448568344
5907500032.0,-0.2532787024974823
5908437504.0,-0.2617575228214264
5909374976.0,-0.27043354511260986
5910312448.0,-0.27899280190467834
5911249920.0,-0.28677549958229065
5912187392.0,-0.2934815287590027
5913124864.0,-0.30118826031684875
5914062336.0,-0.3085012137889862
5914999808.0,-0.3161514699459076
5915937280.0,-0.32092928886413574
5916874752.0,-0.3251732587814331
5917812736.0,-0.3287384808063507
5918750208.0,-0.3322739601135254
5919687680.0,-0.33471938967704773
5920625152.0,-0.3355690538883209
5921562624.0,-0.3373185992240906
5922500096.0,-0.3379983603954315
5923437568.0,-0.3382057845592499
5924375040.0,-0.33698391914367676
5925312512.0,-0.33397555351257324
5926249984.0,-0.3285270035266876
5927187456.0,-0.3234218657016754
5928124928.0,-0.3150271773338318
5929062400.0,-0.3056773543357849
5929999872.0,-0.29588231444358826
5930937344.0,-0.2831198573112488
5931874816.0,-0.26931867003440857
5932812288.0,-0.25447750091552734
5933749760.0,-0.23864710330963135
5934687744.0,-0.2213423103094101
5935625216.0,-0.20432205498218536
5936562688.0,-0.18585361540317535
5937500160.0,-0.16642947494983673
5938437632.0,-0.14790113270282745
5939375104.0,-0.12858812510967255
5940312576.0,-0.11126913875341415
5941250048.0,-0.09333087503910065
5942187520.0,-0.07628823071718216
5943124992.0,-0.06046484410762787
5944062464.0,-0.04731164127588272
5944999936.0,-0.03289690986275673
5945937408.0,-0.13563114404678345
5946874880.0,-0.14368793368339539
5947812352.0,-0.15411865711212158
5948749824.0,-0.16553768515586853
5949687296.0,-0.1784522831439972
5950624768.0,-0.19314400851726532
5951562752.0,-0.20844291150569916
5952500224.0,-0.22541926801204681
5953437696.0,-0.24331681430339813
5954375168.0,-0.26132360100746155
5955312640.0,-0.2811569273471832
5956250112.0,-0.30022966861724854
5957187584.0,-0.31910672783851624
5958125056.0,-0.3394024074077606
5959062528.0,-0.35767441987991333
5960000000.0,-0.3762662708759308
5960937472.0,-0.39272892475128174
5961874944.0,-0.4092518091201782
5962812416.0,-0.42342203855514526
5963749888.0,-0.4365949034690857
5964687360.0,-0.44489550590515137
5965624832.0,-0.45302388072013855
5966562304.0,-0.4561190605163574
5967499776.0,-0.45651382207870483
5968437248.0,-0.4552134573459625
5969375232.0,-0.4489419162273407
5970312704.0,-0.44113555550575256
5971250176.0,-0.4283696115016937
5972187648.0,-0.41388195753097534
5973125120.0,-0.3966768682003021
5974062592.0,-0.3758043050765991
5975000064.0,-0.3540802299976349
5975937536.0,-0.33161383867263794
5976875008.0,-0.3069414496421814
5977812480.0,-0.28243935108184814
5978749952.0,-0.2576741874217987
5979687424.0,-0.23384444415569305
5980624896.0,-0.2097116857767105
5981562368.0,-0.18767406046390533
5982499840.0,-0.16667985916137695
5983437312.0,-0.14800988137722015
5984374784.0,-0.1324453204870224
5985312256.0,-0.11884544789791107
5986250240.0,-0.10726630687713623
5987187712.0,-0.09771707653999329
5988125184.0,-0.0920800119638443
5989062656.0,-0.0885932445526123
5990000128.0,-0.08742356300354004
5990937600.0,-0.08785655349493027
5991875072.0,-0.09033158421516418
5992812544.0,-0.09413617849349976
5993750016.0,-0.10158757865428925
5994687488.0,-0.10812018811702728
5995624960.0,-0.11683519184589386
5996562432.0,-0.12592998147010803
5997499904.0,-0.13432615995407104
5998437376.0,-0.14444990456104279
5999374848.0,-0.15463335812091827
6000312320.0,-0.16248270869255066
6001249792.0,-0.17033526301383972
6002187264.0,-0.1779145896434784
6003125248.0,-0.18454906344413757
6004062720.0,-0.19065357744693756
6005000192.0,-0.149693563580513
6005937664.0,-0.156752347946167
6006875136.0,-0.16437524557113647
6007812608.0,-0.17352019250392914
6008750080.0,-0.18322166800498962
6009687552.0,-0.1928374171257019
6010625024.0,-0.2035445123910904
6011562496.0,-0.2156217396259308
6012499968.0,-0.22791962325572968
6013437440.0,-0.24119804799556732
6014374912.0,-0.2549615800380707
6015312384.0,-0.26930615305900574
6016249856.0,-0.28294193744659424
6017187328.0,-0.2970689535140991
6018124800.0,-0.31095120310783386
6019062272.0,-0.3234671354293823
6019999744.0,-0.336902379989624
6020937728.0,-0.34807437658309937
6021875200.0,-0.35752254724502563
6022812672.0,-0.3676719069480896
6023750144.0,-0.3770691752433777
6024687616.0,-0.38356953859329224
6025625088.0,-0.3913097381591797
6026562560.0,-0.3956301808357239
6027500032.0,-0.39930641651153564
6028437504.0,-0.40145373344421387
6029374976.0,-0.40170130133628845
6030312448.0,-0.3994218111038208
6031249920.0,-0.3969247341156006
6032187392.0,-0.39188387989997864
6033124864.0,-0.38477668166160583
6034062336.0,-0.37793201208114624
6034999808.0,-0.36905068159103394
6035937280.0,-0.35862699151039124
6036874752.0,-0.34860482811927795
6037812736.0,-0.33575546741485596
6038750208.0,-0.323768675327301
6039687680.0,-0.31185051798820496
6040625152.0,-0.2991383373737335
6041562624.0,-0.2881166338920593
6042500096.0,-0.275800883769989
6043437568.0,-0.2655683755874634
6044375040.0,-0.2560625970363617
6045312512.0,-0.24692842364311218
6046249984.0,-0.23793627321720123
6047187456.0,-0.23213113844394684
6048124928.0,-0.22507061064243317
6049062400.0,-0.22003433108329773
6049999872.0,-0.21626566350460052
6050937344.0,-0.2136833518743515
6051874816.0,-0.21133102476596832
6052812288.0,-0.20956769585609436
6053749760.0,-0.20933707058429718
6054687744.0,-0.2088722437620163
6055625216.0,-0.20968569815158844
6056562688.0,-0.2122589498758316
6057500160.0,-0.21430495381355286
6058437632.0,-0.21866947412490845
6059375104.0,-0.22284314036369324
6060312576.0,-0.22750556468963623
6061250048.0,-0.23382923007011414
6062187520.0,-0.2380131036043167
6063124992.0,-0.24320371448993683
6064062464.0,-0.2494007647037506
6064999936.0,-0.14798030257225037
6065937408.0,-0.168167382478714
6066874880.0,-0.18836691975593567
6067812352.0,-0.2099027782678604
6068749824.0,-0.22906659543514252
6069687296.0,-0.24972674250602722
6070624768.0,-0.26893454790115356
6071562752.0,-0.2883927822113037
6072500224.0,-0.30700597167015076
6073437696.0,-0.32592320442199707
6074375168.0,-0.3435749411582947
6075312640.0,-0.36011841893196106
6076250112.0,-0.37559714913368225
6077187584.0,-0.3891250491142273
6078125056.0,-0.4019722044467926
6079062528.0,-0.4132569134235382
6080000000.0,-0.4241403341293335
6080937472.0,-0.43404799699783325
6081874944.0,-0.4399014711380005
6082812416.0,-0.44463038444519043
6083749888.0,-0.44804224371910095
6084687360.0,-0.4508836567401886
6085624832.0,-0.4518751800060272
6086562304.0,-0.45170873403549194
6087499776.0,-0.45063212513923645
6088437248.0,-0.4465067684650421
6089375232.0,-0.44168975949287415
6090312704.0,-0.43641531467437744
6091250176.0,-0.42963114380836487
6092187648.0,-0.421024352312088
6093125120.0,-0.4113638997077942
6094062592.0,-0.4011484384536743
6095000064.0,-0.3896046578884125
6095937536.0,-0.37820711731910706
6096875008.0,-0.3660387396812439
6097812480.0,-0.35160577297210693
6098749952.0,-0.3385816216468811
6099687424.0,-0.3240213394165039
6100624896.0,-0.3080975115299225
6101562368.0,-0.294815331697464
6102499840.0,-0.2793560028076172
6103437312.0,-0.2641371190547943
6104374784.0,-0.24891334772109985
6105312256.0,-0.23361191153526306
6106250240.0,-0.21955928206443787
6107187712.0,-0.2050110101699829
6108125184.0,-0.19145160913467407
6109062656.0,-0.17694175243377686
6110000128.0,-0.1638314425945282
6110937600.0,-0.1507447063922882
6111875072.0,-0.13866427540779114
6112812544.0,-0.12750013172626495
6113750016.0,-0.11651051789522171
6114687488.0,-0.10661690682172775
6115624960.0,-0.09741267561912537
6116562432.0,-0.08880232274532318
6117499904.0,-0.08250901848077774
6118437376.0,-0.0788857713341713
6119374848.0,-0.07864653319120407
6120312320.0,-0.07818178832530975
6121249792.0,-0.08042502403259277
6122187264.0,-0.08291969448328018
6123125248.0,-0.08626782894134521
6124062720.0,-0.09254010766744614
6125000192.0,-0.1451631337404251
6125937664.0,-0.15892599523067474
6126875136.0,-0.17334160208702087
6127812608.0,-0.18774236738681793
6128750080.0,-0.20373910665512085
6129687552.0,-0.22024255990982056
6130625024.0,-0.23718294501304626
6131562496.0,-0.2540605366230011
6132499968.0,-0.26860615611076355
6133437440.0,-0.28477951884269714
6134374912.0,-0.30228009819984436
6135312384.0,-0.3178185224533081
6136249856.0,-0.3319694399833679
6137187328.0,-0.34714531898498535
6138124800.0,-0.3607044219970703
6139062272.0,-0.3742172122001648
6140000256.0,-0.38641640543937683
6140937728.0,-0.3971653878688812
6141875200.0,-0.4079701006412506
6142812672.0,-0.41799768805503845
6143750144.0,-0.4270629286766052
6144687616.0,-0.43677833676338196
6145625088.0,-0.44429758191108704
6146562560.0,-0.4510360062122345
6147500032.0,-0.4561794102191925
6148437504.0,-0.4587262272834778
6149374976.0,-0.46034741401672363
6150312448.0,-0.460139662027359
6151249920.0,-0.45735353231430054
6152187392.0,-0.4544077217578888
6153124864.0,-0.449903279542923
6154062336.0,-0.444501131772995
6154999808.0,-0.43621695041656494
6155937280.0,-0.42757487297058105
6156874752.0,-0.4180637001991272
6157812736.0,-0.4073876142501831
6158750208.0,-0.39553534984588623
6159687680.0,-0.3833586871623993
6160625152.0,-0.3695630729198456
6161562624.0,-0.35527440905570984
6162500096.0,-0.3424055874347687
6163437568.0,-0.327817440032959
6164375040.0,-0.3131457269191742
6165312512.0,-0.29950225353240967
6166249984.0,-0.2845398187637329
6167187456.0,-0.27126577496528625
6168124928.0,-0.25783777236938477
6169062400.0,-0.24528241157531738
6169999872.0,-0.2303568571805954
6170937344.0,-0.21737004816532135
6171874816.0,-0.2026958167552948
6172812288.0,-0.1913485825061798
6173749760.0,-0.1790895164012909
6174687744.0,-0.1666615605354309
6175625216.0,-0.15679751336574554
6176562688.0,-0.14840467274188995
6177500160.0,-0.14033293724060059
6178437632.0,-0.1344718039035797
6179375104.0,-0.12909433245658875
6180312576.0,-0.12609316408634186
6181250048.0,-0.12327104806900024
6182187520.0,-0.12386975437402725
6183124992.0,-0.12506376206874847
6184062464.0,-0.1291615068912506
6184999936.0,-0.2725782096385956
6185937408.0,-0.2884163558483124
6186874880.0,-0.3045099973678589
6187812352.0,-0.3207329213619232
6188749824.0,-0.3371603488922119
6189687296.0,-0.35426774621009827
6190624768.0,-0.3704141080379486
6191562752.0,-0.3869757652282715
6192500224.0,-0.4014330208301544
6193437696.0,-0.4156946837902069
6194375168.0,-0.4285450279712677
6195312640.0,-0.4380394220352173
6196250112.0,-0.44712701439857483
6197187584.0,-0.45404621958732605
6198125056.0,-0.45947325229644775
6199062528.0,-0.4639235734939575
6200000000.0,-0.4680294394493103
6200937472.0,-0.46980395913124084
6201874944.0,-0.47138357162475586
6202812416.0,-0.47466355562210083
6203749888.0,-0.4757559895515442
6204687360.0,-0.47808295488357544
6205624832.0,-0.4799744188785553
6206562304.0,-0.4832669198513031
6207499776.0,-0.48708251118659973
6208437248.0,-0.4928908944129944
6209375232.0,-0.5001935362815857
6210312704.0,-0.5077190399169922
6211250176.0,-0.5166552662849426
6212187648.0,-0.5257399678230286
6213125120.0,-0.5335725545883179
6214062592.0,-0.5386611223220825
6215000064.0,-0.5398132801055908
6215937536.0,-0.5374359488487244
6216875008.0,-0.5297103524208069
6217812480.0,-0.5227912664413452
6218749952.0,-0.513882577419281
6219687424.0,-0.503172755241394
6220624896.0,-0.4901047945022583
6221562368.0,-0.4761744737625122
6222499840.0,-0.4629095494747162
6223437312.0,-0.4492979943752289
6224374784.0,-0.43616220355033875
6225312256.0,-0.42531436681747437
6226250240.0,-0.4136931896209717
6227187712.0,-0.4036090075969696
6228125184.0,-0.39396002888679504
6229062656.0,-0.3856695890426636
6230000128.0,-0.37737664580345154
6230937600.0,-0.37074193358421326
6231875072.0,-0.3640049993991852
6232812544.0,-0.3569740056991577
6233750016.0,-0.350765585899353
6234687488.0,-0.34483349323272705
6235624960.0,-0.3390692174434662
6236562432.0,-0.33262622356414795
6237499904.0,-0.32701030373573303
6238437376.0,-0.32056915760040283
6239374848.0,-0.3134330213069916
6240312320.0,-0.30619707703590393
6241249792.0,-0.2990540564060211
6242187264.0,-0.29133936762809753
6243125248.0,-0.2850174009799957
6244062720.0,-0.2782876193523407
6245000192.0,-0.42332035303115845
6245937664.0,-0.4263787269592285
6246875136.0,-0.4301958382129669
6247812608.0,-0.43438223004341125
6248750080.0,-0.4412277042865753
6249687552.0,-0.45069578289985657
6250625024.0,-0.4618033468723297
6251562496.0,-0.4757126271724701
6252499968.0,-0.491035521030426
6253437440.0,-0.5106847882270813
6254374912.0,-0.532315194606781
6255312384.0,-0.555197536945343
6256249856.0,-0.5796292424201965
6257187328.0,-0.6071019172668457
6258124800.0,-0.6341424584388733
6259062272.0,-0.6621262431144714
6259999744.0,-0.6899358630180359
6260937728.0,-0.7170186042785645
6261875200.0,-0.743547797203064
6262812672.0,-0.7682649493217468
6263750144.0,-0.7921526432037354
6264687616.0,-0.8136294484138489
6265625088.0,-0.8336591720581055
6266562560.0,-0.8500765562057495
6267500032.0,-0.8640900254249573
6268437504.0,-0.8756533265113831
6269374976.0,-0.8831490278244019
6270312448.0,-0.8876010775566101
6271249920.0,-0.8891342282295227
6272187392.0,-0.8861747980117798
6273124864.0,-0.8810255527496338
6274062336.0,-0.8707454204559326
6274999808.0,-0.8577224016189575
6275937280.0,-0.8410648107528687
6276874752.0,-0.8219536542892456
6277812736.0,-0.7992417216300964
6278750208.0,-0.774185061454773
6279687680.0,-0.7483485341072083
6280625152.0,-0.7208647131919861
6281562624.0,-0.6902967095375061
6282500096.0,-0.6607607007026672
6283437568.0,-0.6311754584312439
6284375040.0,-0.600362241268158
6285312512.0,-0.5697003602981567
6286249984.0,-0.539315402507782
6287187456.0,-0.510882556438446
6288124928.0,-0.4815599322319031
6289062400.0,-0.45502519607543945
6289999872.0,-0.42970049381256104
6290937344.0,-0.4055062532424927
6291874816.0,-0.38444241881370544
6292812288.0,-0.3649950921535492
6293749760.0,-0.3483283221721649
6294687744.0,-0.33472195267677307
6295625216.0,-0.3232252895832062
6296562688.0,-0.32076919078826904
6297500160.0,-0.31956997513771057
6298437632.0,-0.3221275508403778
6299375104.0,-0.3281615078449249
6300312576.0,-0.33606261014938354
6301250048.0,-0.3475295901298523
6302187520.0,-0.3606850206851959
6303124992.0,-0.3773859441280365
6304062464.0,-0.3969450294971466
6304999936.0,-0.5353038311004639
6305937408.0,-0.5550770163536072
6306874880.0,-0.5768210291862488
6307812352.0,-0.6004663705825806
6308749824.0,-0.623156726360321
6309687296.0,-0.649179995059967
6310624768.0,-0.6762617230415344
6311562752.0,-0.7028661370277405
6312500224.0,-0.7285547256469727
6313437696.0,-0.7561888694763184
6314375168.0,-0.7824812531471252
6315312640.0,-0.8082267045974731
6316250112.0,-0.8337218165397644
6317187584.0,-0.8574780821800232
6318125056.0,-0.8797234892845154
6319062528.0,-0.9000242352485657
6320000000.0,-0.9181908965110779
6320937472.0,-0.9344059228897095
6321874944.0,-0.9504824876785278
6322812416.0,-0.9642060995101929
6323749888.0,-0.9752331376075745
6324687360.0,-0.9829729199409485
6325624832.0,-0.9897841811180115
6326562304.0,-0.9913544058799744
6327499776.0,-0.9925016164779663
6328437248.0,-0.9885249733924866
6329375232.0,-0.9827064275741577
6330312704.0,-0.9751374125480652
6331250176.0,-0.9651287198066711
6332187648.0,-0.9537991285324097
6333125120.0,-0.9389249682426453
6334062592.0,-0.9238581657409668
6335000064.0,-0.9061499834060669
6335937536.0,-0.8893173336982727
6336875008.0,-0.869924783706665
6337812480.0,-0.8492931127548218
6338749952.0,-0.8298699259757996
6339687424.0,-0.807241678237915
6340624896.0,-0.7848312854766846
6341562368.0,-0.7636266946792603
6342499840.0,-0.7404729127883911
6343437312.0,-0.7175862193107605
6344374784.0,-0.6951261758804321
6345312256.0,-0.6740102171897888
6346250240.0,-0.6518622636795044
6347187712.0,-0.6288520693778992
6348125184.0,-0.6072177290916443
6349062656.0,-0.5859032273292542
6350000128.0,-0.5679171085357666
6350937600.0,-0.549625813961029
6351875072.0,-0.5347527861595154
6352812544.0,-0.5229055285453796
6353750016.0,-0.5111442804336548
6354687488.0,-0.5025990009307861
6355624960.0,-0.49592167139053345
6356562432.0,-0.49274659156799316
6357499904.0,-0.49185219407081604
6358437376.0,-0.492125004529953
6359374848.0,-0.4950762391090393
6360312320.0,-0.5013138651847839
6361249792.0,-0.5096247792243958
6362187264.0,-0.5206751823425293
6363125248.0,-0.5337843298912048
6364062720.0,-0.5496732592582703
6365000192.0,-0.8255221843719482
6365937664.0,-0.8308585286140442
6366875136.0,-0.8378112316131592
6367812608.0,-0.8437084555625916
6368750080.0,-0.8510696887969971
6369687552.0,-0.8577377796173096
6370625024.0,-0.8655315041542053
6371562496.0,-0.8739254474639893
6372499968.0,-0.882332444190979
6373437440.0,-0.8916040658950806
6374374912.0,-0.9000967144966125
6375312384.0,-0.9101642966270447
6376249856.0,-0.919200599193573
6377187328.0,-0.9282877445220947
6378124800.0,-0.9367446303367615
6379062272.0,-0.9446899890899658
6380000256.0,-0.9518661499023438
6380937728.0,-0.9591042399406433
6381875200.0,-0.9649823307991028
6382812672.0,-0.9700605273246765
6383750144.0,-0.974298894405365
6384687616.0,-0.9779703617095947
6385625088.0,-0.9807109236717224
6386562560.0,-0.9846861958503723
6387500032.0,-0.9870582222938538
6388437504.0,-0.9907604455947876
6389374976.0,-0.9915043711662292
6390312448.0,-0.9928041696548462
6391249920.0,-0.993391215801239
6392187392.0,-0.9930592179298401
6393124864.0,-0.9927663207054138
6394062336.0,-0.9912675023078918
6394999808.0,-0.9900186061859131
6395937280.0,-0.9874734282493591
6396874752.0,-0.9870163798332214
6397812736.0,-0.9846579432487488
6398750208.0,-0.9812102317810059
6399687680.0,-0.9776929020881653
6400625152.0,-0.9742478728294373
6401562624.0,-0.971797525882721
6402500096.0,-0.9687134623527527
6403437568.0,-0.9671996831893921
6404375040.0,-0.9664565920829773
6405312512.0,-0.9658176302909851
6406249984.0,-0.9652571678161621
6407187456.0,-0.9661310911178589
6408124928.0,-0.9675710797309875
6409062400.0,-0.9700260758399963
6409999872.0,-0.9736648201942444
6410937344.0,-0.9765586853027344
6411874816.0,-0.9829019904136658
6412812288.0,-0.9884530901908875
6413749760.0,-0.9944857358932495
6414687744.0,-1.0022090673446655
6415625216.0,-1.009238362312317
6416562688.0,-1.0169708728790283
6417500160.0,-1.0258272886276245
6418437632.0,-1.0336066484451294
6419375104.0,-1.0429508686065674
6420312576.0,-1.0510213375091553
6421250048.0,-1.0587035417556763
6422187520.0,-1.0670759677886963
6423124992.0,-1.0724458694458008
6424062464.0,-1.0760703086853027
6424999936.0,-1.092629313468933
6425937408.0,-1.1040153503417969
6426874880.0,-1.1141555309295654
6427812352.0,-1.124188780784607
6428749824.0,-1.1315758228302002
6429687296.0,-1.1391100883483887
6430624768.0,-1.1435831785202026
6431562752.0,-1.146767497062683
6432500224.0,-1.1493653059005737
6433437696.0,-1.150161623954773
6434375168.0,-1.1490014791488647
6435312640.0,-1.1473233699798584
6436250112.0,-1.143955945968628
6437187584.0,-1.139495849609375
6438125056.0,-1.1322197914123535
6439062528.0,-1.1260063648223877
6440000000.0,-1.1175391674041748
6440937472.0,-1.1076279878616333
6441874944.0,-1.0958685874938965
6442812416.0,-1.0858495235443115
6443749888.0,-1.075363039970398
6444687360.0,-1.0626246929168701
6445624832.0,-1.0509586334228516
6446562304.0,-1.0387948751449585
6447499776.0,-1.0265804529190063
6448437248.0,-1.0142046213150024
6449375232.0,-1.0022302865982056
6450312704.0,-0.9897499680519104
6451250176.0,-0.9788938164710999
6452187648.0,-0.969397246837616
6453125120.0,-0.9591865539550781
6454062592.0,-0.9514751434326172
6455000064.0,-0.9442046284675598
6455937536.0,-0.9384173154830933
6456875008.0,-0.9319374561309814
6457812480.0,-0.9267719984054565
6458749952.0,-0.9222875237464905
6459687424.0,-0.9177983999252319
6460624896.0,-0.9141327142715454
6461562368.0,-0.9106606841087341
6462499840.0,-0.907192051410675
6463437312.0,-0.9043307304382324
6464374784.0,-0.9002594351768494
6465312256.0,-0.8967733383178711
6466250240.0,-0.8930181264877319
6467187712.0,-0.8902435302734375
6468125184.0,-0.8872487545013428
6469062656.0,-0.8833448886871338
6470000128.0,-0.8784564733505249
6470937600.0,-0.8735357522964478
6471875072.0,-0.8680734634399414
6472812544.0,-0.8623801469802856
6473750016.0,-0.8591263294219971
6474687488.0,-0.8547864556312561
6475624960.0,-0.851518452167511
6476562432.0,-0.8486194610595703
6477499904.0,-0.8459092378616333
6478437376.0,-0.8431951403617859
6479374848.0,-0.8415409922599792
6480312320.0,-0.8384093046188354
6481249792.0,-0.8375119566917419
6482187264.0,-0.8366705775260925
6483125248.0,-0.8369700908660889
6484062720.0,-0.8392170667648315
6485000192.0,-0.9416955709457397
6485937664.0,-0.9502884745597839
6486875136.0,-0.9579587578773499
6487812608.0,-0.9660558700561523
6488750080.0,-0.9739320874214172
6489687552.0,-0.9800180792808533
6490625024.0,-0.987922191619873
6491562496.0,-0.9950377941131592
6492499968.0,-0.9989758133888245
6493437440.0,-1.0047919750213623
6494374912.0,-1.0085842609405518
6495312384.0,-1.0116329193115234
6496249856.0,-1.013964056968689
6497187328.0,-1.0165258646011353
6498124800.0,-1.0172125101089478
6499062272.0,-1.0178247690200806
6499999744.0,-1.0172228813171387
6500937728.0,-1.0159410238265991
6501875200.0,-1.0136131048202515
6502812672.0,-1.0107556581497192
6503750144.0,-1.0075418949127197
6504687616.0,-1.0013014078140259
6505625088.0,-0.9946519136428833
6506562560.0,-0.9872406721115112
6507500032.0,-0.9792861938476562
6508437504.0,-0.9700590968132019
6509374976.0,-0.9592731595039368
6510312448.0,-0.947600781917572
6511249920.0,-0.936363160610199
6512187392.0,-0.9222889542579651
6513124864.0,-0.9106733798980713
6514062336.0,-0.8986323475837708
6514999808.0,-0.8855094313621521
6515937280.0,-0.8737934827804565
6516874752.0,-0.8637480735778809
6517812736.0,-0.8530519604682922
6518750208.0,-0.8446269035339355
6519687680.0,-0.8356631398200989
6520625152.0,-0.8281049132347107
6521562624.0,-0.8210622668266296
6522500096.0,-0.8143057823181152
6523437568.0,-0.8083145618438721
6524375040.0,-0.8021162748336792
6525312512.0,-0.7976070642471313
6526249984.0,-0.7942829132080078
6527187456.0,-0.7911665439605713
6528124928.0,-0.7907699346542358
6529062400.0,-0.7897528409957886
6529999872.0,-0.7883821129798889
6530937344.0,-0.7898798584938049
6531874816.0,-0.7913110852241516
6532812288.0,-0.7933855652809143
6533749760.0,-0.797919511795044
6534687744.0,-0.8020138144493103
6535625216.0,-0.8066831231117249
6536562688.0,-0.8109896779060364
6537500160.0,-0.8154770135879517
6538437632.0,-0.8204236626625061
6539375104.0,-0.8265052437782288
6540312576.0,-0.8327155709266663
6541250048.0,-0.8399379849433899
6542187520.0,-0.8475780487060547
6543124992.0,-0.8557036519050598
6544062464.0,-0.8654726147651672
6544999936.0,-0.8632235527038574
6545937408.0,-0.8679694533348083
6546874880.0,-0.8724023699760437
6547812352.0,-0.8773636221885681
6548749824.0,-0.8825381398200989
6549687296.0,-0.8862718939781189
6550624768.0,-0.8903564810752869
6551562752.0,-0.8947877883911133
6552500224.0,-0.8986119031906128
6553437696.0,-0.9045634865760803
6554375168.0,-0.9100658297538757
6555312640.0,-0.9170047044754028
6556250112.0,-0.924517035484314
6557187584.0,-0.9338994026184082
6558125056.0,-0.9437353610992432
6559062528.0,-0.9528627395629883
6560000000.0,-0.9653738141059875
6560937472.0,-0.9762582182884216
6561874944.0,-0.9883962869644165
6562812416.0,-1.0010095834732056
6563749888.0,-1.0149028301239014
6564687360.0,-1.027092456817627
6565624832.0,-1.0415990352630615
6566562304.0,-1.05336332321167
6567499776.0,-1.0677134990692139
6568437248.0,-1.080527424812317
6569375232.0,-1.0951576232910156
6570312704.0,-1.1080217361450195
6571250176.0,-1.1188976764678955
6572187648.0,-1.1319935321807861
6573125120.0,-1.1432181596755981
6574062592.0,-1.1534749269485474
6575000064.0,-1.1627590656280518
6575937536.0,-1.171576976776123
6576875008.0,-1.1768995523452759
6577812480.0,-1.182376503944397
6578749952.0,-1.1872259378433228
6579687424.0,-1.191817283630371
6580624896.0,-1.1954686641693115
6581562368.0,-1.1968187093734741
6582499840.0,-1.1983524560928345
6583437312.0,-1.198416829109192
6584374784.0,-1.200136661529541
6585312256.0,-1.197485327720642
6586250240.0,-1.1960601806640625
6587187712.0,-1.19244384765625
6588125184.0,-1.1900314092636108
6589062656.0,-1.1848959922790527
6590000128.0,-1.1809184551239014
6590937600.0,-1.175934910774231
6591875072.0,-1.1699833869934082
6592812544.0,-1.1656705141067505
6593750016.0,-1.1607776880264282
6594687488.0,-1.1562824249267578
6595624960.0,-1.1519354581832886
6596562432.0,-1.1469700336456299
6597499904.0,-1.145164132118225
6598437376.0,-1.1427092552185059
6599374848.0,-1.1398104429244995
6600312320.0,-1.1391870975494385
6601249792.0,-1.1378188133239746
6602187264.0,-1.13695228099823
6603125248.0,-1.1380503177642822
6604062720.0,-1.139830231666565
6605000192.0,-1.137200951576233
6605937664.0,-1.1433446407318115
6606875136.0,-1.1491508483886719
6607812608.0,-1.152994155883789
6608750080.0,-1.1588447093963623
6609687552.0,-1.1627871990203857
6610625024.0,-1.1687664985656738
6611562496.0,-1.172091007232666
6612499968.0,-1.1770986318588257
6613437440.0,-1.17988920211792
6614374912.0,-1.1837451457977295
6615312384.0,-1.187267541885376
6616249856.0,-1.1906845569610596
6617187328.0,-1.1937729120254517
6618124800.0,-1.196808099746704
6619062272.0,-1.20145583152771
6620000256.0,-1.2050334215164185
6620937728.0,-1.2116352319717407
6621875200.0,-1.216814637184143
6622812672.0,-1.2237434387207031
6623750144.0,-1.2328943014144897
6624687616.0,-1.2436223030090332
6625625088.0,-1.2561160326004028
6626562560.0,-1.2742265462875366
6627500032.0,-1.2933743000030518
6628437504.0,-1.3135385513305664
6629374976.0,-1.3335951566696167
6630312448.0,-1.355420708656311
6631249920.0,-1.3762873411178589
6632187392.0,-1.398488163948059
6633124864.0,-1.4214755296707153
6634062336.0,-1.443644404411316
6634999808.0,-1.4648714065551758
6635937280.0,-1.4858009815216064
6636874752.0,-1.5059618949890137
6637812736.0,-1.5265142917633057
6638750208.0,-1.5462130308151245
6639687680.0,-1.5647414922714233
6640625152.0,-1.581201434135437
6641562624.0,-1.5974127054214478
6642500096.0,-1.611440658569336
6643437568.0,-1.6247546672821045
6644375040.0,-1.6363252401351929
6645312512.0,-1.6467865705490112
6646249984.0,-1.6568574905395508
6647187456.0,-1.6647849082946777
6648124928.0,-1.6706188917160034
6649062400.0,-1.6750956773757935
6649999872.0,-1.680029273033142
6650937344.0,-1.6833820343017578
6651874816.0,-1.6884949207305908
6652812288.0,-1.6930856704711914
6653749760.0,-1.696378231048584
6654687744.0,-1.6992965936660767
6655625216.0,-1.7030303478240967
6656562688.0,-1.7072018384933472
6657500160.0,-1.71237051486969
6658437632.0,-1.718060851097107
6659375104.0,-1.7232744693756104
6660312576.0,-1.7303353548049927
6661250048.0,-1.7391417026519775
6662187520.0,-1.747367024421692
6663124992.0,-1.7586880922317505
6664062464.0,-1.771959662437439
6664999936.0,-1.795408844947815
6665937408.0,-1.8085988759994507
6666874880.0,-1.822628378868103
6667812352.0,-1.8363286256790161
6668749824.0,-1.852048397064209
6669687296.0,-1.8647724390029907
6670624768.0,-1.8786998987197876
6671562752.0,-1.8911503553390503
6672500224.0,-1.9039666652679443
6673437696.0,-1.9160810708999634
6674375168.0,-1.9279556274414062
6675312640.0,-1.9387086629867554
6676250112.0,-1.9451266527175903
6677187584.0,-1.950333833694458
6678125056.0,-1.9534590244293213
6679062528.0,-1.9566459655761719
6680000000.0,-1.9605430364608765
6680937472.0,-1.963248610496521
6681874944.0,-1.965230941772461
6682812416.0,-1.9705772399902344
6683749888.0,-1.97272789478302
6684687360.0,-1.976341962814331
6685624832.0,-1.979085087776184
6686562304.0,-1.9804766178131104
6687499776.0,-1.9809468984603882
6688437248.0,-1.9806989431381226
6689375232.0,-1.9821703433990479
6690312704.0,-1.9835231304168701
6691250176.0,-1.986694574356079
6692187648.0,-1.9922263622283936
6693125120.0,-1.9997562170028687
6694062592.0,-2.0108494758605957
6695000064.0,-2.022730827331543
6695937536.0,-2.0369675159454346
6696875008.0,-2.053755521774292
6697812480.0,-2.0727102756500244
6698749952.0,-2.0926387310028076
6699687424.0,-2.11250376701355
6700624896.0,-2.135246753692627
6701562368.0,-2.1564714908599854
6702499840.0,-2.1809234619140625
6703437312.0,-2.204055070877075
6704374784.0,-2.22935152053833
6705312256.0,-2.2534658908843994
6706250240.0,-2.278501272201538
6707187712.0,-2.3038244247436523
6708125184.0,-2.3280372619628906
6709062656.0,-2.3504109382629395
6710000128.0,-2.3708367347717285
6710937600.0,-2.3918886184692383
6711875072.0,-2.411825656890869
6712812544.0,-2.4278247356414795
6713750016.0,-2.441859245300293
6714687488.0,-2.453888177871704
6715624960.0,-2.460986852645874
6716562432.0,-2.465400457382202
6717499904.0,-2.4691219329833984
6718437376.0,-2.4684720039367676
6719374848.0,-2.4668755531311035
6720312320.0,-2.4652249813079834
6721249792.0,-2.461221933364868
6722187264.0,-2.455688238143921
6723125248.0,-2.4512741565704346
6724062720.0,-2.448909282684326
6725000192.0,-2.4231033325195312
6725937664.0,-2.426833152770996
6726875136.0,-2.4305429458618164
6727812608.0,-2.4345455169677734
6728750080.0,-2.440464735031128
6729687552.0,-2.4472126960754395
6730625024.0,-2.4569740295410156
6731562496.0,-2.467982053756714
6732499968.0,-2.481987714767456
6733437440.0,-2.497929573059082
6734374912.0,-2.5156972408294678
6735312384.0,-2.5362093448638916
6736249856.0,-2.558540105819702
6737187328.0,-2.583235263824463
6738124800.0,-2.6093108654022217
6739062272.0,-2.6379337310791016
6739999744.0,-2.666351795196533
6740937728.0,-2.695220470428467
6741875200.0,-2.724968194961548
6742812672.0,-2.7559962272644043
6743750144.0,-2.788637161254883
6744687616.0,-2.822523593902588
6745625088.0,-2.8588898181915283
6746562560.0,-2.892866849899292
6747500032.0,-2.9273507595062256
6748437504.0,-2.9601240158081055
6749374976.0,-2.989506483078003
6750312448.0,-3.0170722007751465
6751249920.0,-3.0411694049835205
6752187392.0,-3.0668137073516846
6753124864.0,-3.0837841033935547
6754062336.0,-3.097477674484253
6754999808.0,-3.1087212562561035
6755937280.0,-3.114280939102173
6756874752.0,-3.116546392440796
6757812736.0,-3.1163368225097656
6758750208.0,-3.1105079650878906
6759687680.0,-3.1005053520202637
6760625152.0,-3.084789991378784
6761562624.0,-3.065373659133911
6762500096.0,-3.039966344833374
6763437568.0,-3.0088045597076416
6764375040.0,-2.9727113246917725
6765312512.0,-2.9315645694732666
6766249984.0,-2.887126922607422
6767187456.0,-2.836833953857422
6768124928.0,-2.783635377883911
6769062400.0,-2.7266931533813477
6769999872.0,-2.6663272380828857
6770937344.0,-2.603764057159424
6771874816.0,-2.5402660369873047
6772812288.0,-2.4756979942321777
6773749760.0,-2.4123358726501465
6774687744.0,-2.348695993423462
6775625216.0,-2.287257671356201
6776562688.0,-2.2259597778320312
6777500160.0,-2.1667604446411133
6778437632.0,-2.111917018890381
6779375104.0,-2.060272455215454
6780312576.0,-2.0111005306243896
6781250048.0,-1.9646496772766113
6782187520.0,-1.9205331802368164
6783124992.0,-1.8835906982421875
6784062464.0,-1.852843165397644
6784999936.0,-2.3041703701019287
6785937408.0,-2.2863316535949707
6786874880.0,-2.2697103023529053
6787812352.0,-2.253572702407837
6788749824.0,-2.2369260787963867
6789687296.0,-2.2221570014953613
6790624768.0,-2.208449125289917
6791562752.0,-2.1956260204315186
6792500224.0,-2.184912919998169
6793437696.0,-2.177457571029663
6794375168.0,-2.1719741821289062
6795312640.0,-2.1690447330474854
6796250112.0,-2.1673779487609863
6797187584.0,-2.1675684452056885
6798125056.0,-2.1691830158233643
6799062528.0,-2.172895669937134
6800000000.0,-2.178239107131958
6800937472.0,-2.1843490600585938
6801874944.0,-2.1927649974823
6802812416.0,-2.202172040939331
6803749888.0,-2.2162399291992188
6804687360.0,-2.232210874557495
6805624832.0,-2.251502275466919
6806562304.0,-2.2723453044891357
6807499776.0,-2.2930171489715576
6808437248.0,-2.3145053386688232
6809375232.0,-2.335348606109619
6810312704.0,-2.354522943496704
6811250176.0,-2.3717010021209717
6812187648.0,-2.3889033794403076
6813125120.0,-2.4040510654449463
6814062592.0,-2.420153856277466
6815000064.0,-2.4316818714141846
6815937536.0,-2.4426472187042236
6816875008.0,-2.4510862827301025
6817812480.0,-2.4567792415618896
6818749952.0,-2.4593639373779297
6819687424.0,-2.4586105346679688
6820624896.0,-2.4540982246398926
6821562368.0,-2.4426581859588623
6822499840.0,-2.4263646602630615
6823437312.0,-2.407703399658203
6824374784.0,-2.3825225830078125
6825312256.0,-2.35520076751709
6826250240.0,-2.3247227668762207
6827187712.0,-2.292778491973877
6828125184.0,-2.2596983909606934
6829062656.0,-2.222625970840454
6830000128.0,-2.1846745014190674
6830937600.0,-2.1451613903045654
6831875072.0,-2.1040282249450684
6832812544.0,-2.061328649520874
6833750016.0,-2.0177974700927734
6834687488.0,-1.9747563600540161
6835624960.0,-1.9303325414657593
6836562432.0,-1.887903094291687
6837499904.0,-1.8456788063049316
6838437376.0,-1.8052699565887451
6839374848.0,-1.7672849893569946
6840312320.0,-1.7308932542800903
6841249792.0,-1.6960777044296265
6842187264.0,-1.665383219718933
6843125248.0,-1.6351814270019531
6844062720.0,-1.6076220273971558
6845000192.0,-1.5032345056533813
6845937664.0,-1.4774595499038696
6846875136.0,-1.4528125524520874
6847812608.0,-1.431426763534546
6848750080.0,-1.4131296873092651
6849687552.0,-1.3988254070281982
6850625024.0,-1.385339379310608
6851562496.0,-1.3767807483673096
6852499968.0,-1.3690581321716309
6853437440.0,-1.3649303913116455
6854374912.0,-1.360809564590454
6855312384.0,-1.3606706857681274
6856249856.0,-1.362151026725769
6857187328.0,-1.3653806447982788
6858124800.0,-1.372926950454712
6859062272.0,-1.3820788860321045
6860000256.0,-1.394271969795227
6860937728.0,-1.407110571861267
6861875200.0,-1.4227055311203003
6862812672.0,-1.439284324645996
6863750144.0,-1.456716775894165
6864687616.0,-1.4736673831939697
6865625088.0,-1.4929207563400269
6866562560.0,-1.512361764907837
6867500032.0,-1.5305429697036743
6868437504.0,-1.548711895942688
6869374976.0,-1.5661811828613281
6870312448.0,-1.5822153091430664
6871249920.0,-1.595643162727356
6872187392.0,-1.608811378479004
6873124864.0,-1.6207977533340454
6874062336.0,-1.6308557987213135
6874999808.0,-1.6369742155075073
6875937280.0,-1.6404240131378174
6876874752.0,-1.6420629024505615
6877812736.0,-1.641944169998169
6878750208.0,-1.6362037658691406
6879687680.0,-1.6287647485733032
6880625152.0,-1.617437720298767
6881562624.0,-1.6021572351455688
6882500096.0,-1.5848075151443481
6883437568.0,-1.5632948875427246
6884375040.0,-1.5404508113861084
6885312512.0,-1.5146496295928955
6886249984.0,-1.485461711883545
6887187456.0,-1.4568827152252197
6888124928.0,-1.4261858463287354
6889062400.0,-1.3957693576812744
6889999872.0,-1.3645426034927368
6890937344.0,-1.3331668376922607
6891874816.0,-1.301584005355835
6892812288.0,-1.2697575092315674
6893749760.0,-1.2388648986816406
6894687744.0,-1.2077819108963013
6895625216.0,-1.1773009300231934
6896562688.0,-1.1515494585037231
6897500160.0,-1.124053955078125
6898437632.0,-1.1000434160232544
6899375104.0,-1.0765509605407715
6900312576.0,-1.0564438104629517
6901250048.0,-1.0376635789871216
6902187520.0,-1.0211681127548218
6903124992.0,-1.0044251680374146
6904062464.0,-0.9895424246788025
6904999936.0,-0.9891651272773743
6905937408.0,-0.9829229712486267
6906874880.0,-0.9801790118217468
6907812352.0,-0.9797683358192444
6908749824.0,-0.9799274206161499
6909687296.0,-0.9829986691474915
6910624768.0,-0.9855028986930847
6911562752.0,-0.9894264340400696
6912500224.0,-0.9941893815994263
6913437696.0,-0.9992743730545044
6914375168.0,-1.0043283700942993
6915312640.0,-1.0096710920333862
6916250112.0,-1.0132849216461182
6917187584.0,-1.016556739807129
6918125056.0,-1.019142508506775
6919062528.0,-1.0203043222427368
6920000000.0,-1.019688606262207
6920937472.0,-1.016903281211853
6921874944.0,-1.0122902393341064
6922812416.0,-1.006705403327942
6923749888.0,-0.9993451237678528
6924687360.0,-0.9893236756324768
6925624832.0,-0.9778642058372498
6926562304.0,-0.9638151526451111
6927499776.0,-0.9496301412582397
6928437248.0,-0.9326304793357849
6929375232.0,-0.9164569973945618
6930312704.0,-0.8969942927360535
6931250176.0,-0.8773388266563416
6932187648.0,-0.8568769097328186
6933125120.0,-0.8343579173088074
6934062592.0,-0.8124259114265442
6935000064.0,-0.7895786762237549
6935937536.0,-0.7669395804405212
6936875008.0,-0.742724597454071
6937812480.0,-0.7207139134407043
6938749952.0,-0.6980413794517517
6939687424.0,-0.6767672300338745
6940624896.0,-0.654859185218811
6941562368.0,-0.6360458135604858
6942499840.0,-0.6183581352233887
6943437312.0,-0.6021568775177002
6944374784.0,-0.5873185992240906
6945312256.0,-0.5749501585960388
6946250240.0,-0.5631513595581055
6947187712.0,-0.5524608492851257
6948125184.0,-0.5452041029930115
6949062656.0,-0.5396586060523987
6950000128.0,-0.5338428020477295
6950937600.0,-0.5310584306716919
6951875072.0,-0.5298373699188232
6952812544.0,-0.5293356776237488
6953750016.0,-0.5294567346572876
6954687488.0,-0.532235860824585
6955624960.0,-0.5347993969917297
6956562432.0,-0.5406236052513123
6957499904.0,-0.5484768748283386
6958437376.0,-0.5572294592857361
6959374848.0,-0.5659336447715759
6960312320.0,-0.5761969089508057
6961249792.0,-0.5853914022445679
6962187264.0,-0.5945243835449219
6963125248.0,-0.6055172085762024
6964062720.0,-0.6157984733581543
6965000192.0,-0.522375226020813
6965937664.0,-0.5305478572845459
6966875136.0,-0.54029780626297
6967812608.0,-0.5489348769187927
6968750080.0,-0.5577949285507202
6969687552.0,-0.567877471446991
6970625024.0,-0.5779900550842285
6971562496.0,-0.5889588594436646
6972499968.0,-0.5993893146514893
6973437440.0,-0.6102725267410278
6974374912.0,-0.6228182315826416
6975312384.0,-0.6364722847938538
6976249856.0,-0.6488639116287231
6977187328.0,-0.6625986695289612
6978124800.0,-0.6748030781745911
6979062272.0,-0.6874904632568359
6979999744.0,-0.7012115120887756
6980937728.0,-0.7133148312568665
6981875200.0,-0.7240204811096191
6982812672.0,-0.7353440523147583
6983750144.0,-0.7445445656776428
6984687616.0,-0.7532489895820618
6985625088.0,-0.762701153755188
6986562560.0,-0.7700836062431335
6987500032.0,-0.7762200236320496
6988437504.0,-0.7809566259384155
6989374976.0,-0.785676121711731
6990312448.0,-0.7887736558914185
6991249920.0,-0.7897857427597046
6992187392.0,-0.7915757298469543
6993124864.0,-0.7914438843727112
6994062336.0,-0.7899841070175171
6994999808.0,-0.7881324887275696
6995937280.0,-0.7843539714813232
6996874752.0,-0.7802716493606567
6997812736.0,-0.7731247544288635
6998750208.0,-0.7665495276451111
6999687680.0,-0.757145345211029
7000625152.0,-0.7463613748550415
7001562624.0,-0.7365349531173706
7002500096.0,-0.7250522971153259
7003437568.0,-0.7131359577178955
7004375040.0,-0.701011061668396
7005312512.0,-0.6876182556152344
7006249984.0,-0.6754503846168518
7007187456.0,-0.6595560908317566
7008124928.0,-0.6415874361991882
7009062400.0,-0.6233009696006775
7009999872.0,-0.6062834858894348
7010937344.0,-0.5887189507484436
7011874816.0,-0.5706749558448792
7012812288.0,-0.552152693271637
7013749760.0,-0.5355589389801025
7014687744.0,-0.5183865427970886
7015625216.0,-0.5010867714881897
7016562688.0,-0.4840998947620392
7017500160.0,-0.4693467617034912
7018437632.0,-0.45474791526794434
7019375104.0,-0.44234398007392883
7020312576.0,-0.4290699064731598
7021250048.0,-0.41712290048599243
7022187520.0,-0.40728074312210083
7023124992.0,-0.39455434679985046
7024062464.0,-0.38434550166130066
7024999936.0,-0.29342126846313477
7025937408.0,-0.29685425758361816
7026874880.0,-0.2999095022678375
7027812352.0,-0.30437302589416504
7028749824.0,-0.3094688355922699
7029687296.0,-0.31516045331954956
7030624768.0,-0.3219212591648102
7031562752.0,-0.3302173316478729
7032500224.0,-0.3398142457008362
7033437696.0,-0.35114526748657227
7034375168.0,-0.36265406012535095
7035312640.0,-0.37417349219322205
7036250112.0,-0.3887324035167694
7037187584.0,-0.40228837728500366
7038125056.0,-0.4153415858745575
7039062528.0,-0.42982611060142517
7040000000.0,-0.4437512457370758
7040937472.0,-0.4577837288379669
7041874944.0,-0.47158095240592957
7042812416.0,-0.4853940010070801
7043749888.0,-0.49798479676246643
7044687360.0,-0.5112035274505615
7045624832.0,-0.5236113667488098
7046562304.0,-0.5357396602630615
7047499776.0,-0.546299159526825
7048437248.0,-0.5563988089561462
7049375232.0,-0.5653427839279175
7050312704.0,-0.5734289288520813
7051250176.0,-0.5807703137397766
7052187648.0,-0.5874000191688538
7053125120.0,-0.5907865166664124
7054062592.0,-0.5940057635307312
7055000064.0,-0.5953969359397888
7055937536.0,-0.595790684223175
7056875008.0,-0.5935476422309875
7057812480.0,-0.5927284359931946
7058749952.0,-0.5919243097305298
7059687424.0,-0.591282844543457
7060624896.0,-0.5882774591445923
7061562368.0,-0.583519697189331
7062499840.0,-0.578815758228302
7063437312.0,-0.5739604830741882
7064374784.0,-0.5661146640777588
7065312256.0,-0.5575775504112244
7066250240.0,-0.5486947298049927
7067187712.0,-0.5384358167648315
7068125184.0,-0.5283411741256714
7069062656.0,-0.5170108675956726
7070000128.0,-0.5068625807762146
7070937600.0,-0.49423113465309143
7071875072.0,-0.48156097531318665
7072812544.0,-0.4683133363723755
7073750016.0,-0.4540318548679352
7074687488.0,-0.4401736259460449
7075624960.0,-0.4268791973590851
7076562432.0,-0.4121629297733307
7077499904.0,-0.3969108760356903
7078437376.0,-0.3808634281158447
7079374848.0,-0.36700868606567383
7080312320.0,-0.3517419397830963
7081249792.0,-0.33640578389167786
7082187264.0,-0.32092171907424927
7083125248.0,-0.3078504800796509
7084062720.0,-0.29247719049453735
7085000192.0,-0.3574148416519165
7085937664.0,-0.34736233949661255
7086875136.0,-0.33673855662345886
7087812608.0,-0.3258539140224457
7088750080.0,-0.3173846900463104
7089687552.0,-0.30877885222435
7090625024.0,-0.30052971839904785
7091562496.0,-0.29387161135673523
7092499968.0,-0.2884840667247772
7093437440.0,-0.28243839740753174
7094374912.0,-0.27868154644966125
7095312384.0,-0.27519452571868896
7096249856.0,-0.2718411684036255
7097187328.0,-0.27106425166130066
7098124800.0,-0.2718363106250763
7099062272.0,-0.27255013585090637
7100000256.0,-0.27581486105918884
7100937728.0,-0.2815415561199188
7101875200.0,-0.2867004871368408
7102812672.0,-0.29519033432006836
7103750144.0,-0.3057549297809601
7104687616.0,-0.31786638498306274
7105625088.0,-0.3296552896499634
7106562560.0,-0.34492728114128113
7107500032.0,-0.36096635460853577
7108437504.0,-0.3781929314136505
7109374976.0,-0.3966890275478363
7110312448.0,-0.4171975255012512
7111249920.0,-0.43797412514686584
7112187392.0,-0.46067100763320923
7113124864.0,-0.48310989141464233
7114062336.0,-0.5061357021331787
7114999808.0,-0.5288015604019165
7115937280.0,-0.551171064376831
7116874752.0,-0.5725915431976318
7117812736.0,-0.5937597751617432
7118750208.0,-0.6139706969261169
7119687680.0,-0.63462233543396
7120625152.0,-0.6523774266242981
7121562624.0,-0.6706960201263428
7122500096.0,-0.6868000030517578
7123437568.0,-0.7008117437362671
7124375040.0,-0.7145612239837646
7125312512.0,-0.7259371280670166
7126249984.0,-0.7333672642707825
7127187456.0,-0.7399206161499023
7128124928.0,-0.7437044382095337
7129062400.0,-0.7458591461181641
7129999872.0,-0.7453498840332031
7130937344.0,-0.7442753314971924
7131874816.0,-0.7401158213615417
7132812288.0,-0.7337549924850464
7133749760.0,-0.725173830986023
7134687744.0,-0.7143226861953735
7135625216.0,-0.7056940197944641
7136562688.0,-0.691769003868103
7137500160.0,-0.6773834824562073
7138437632.0,-0.6603962779045105
7139375104.0,-0.6431452631950378
7140312576.0,-0.6244654059410095
7141250048.0,-0.6033741235733032
7142187520.0,-0.5829014778137207
7143124992.0,-0.5621119141578674
7144062464.0,-0.4260531961917877
7144999936.0,-0.42522871494293213
7145937408.0,-0.42387834191322327
7146874880.0,-0.420693963766098
7147812352.0,-0.41675493121147156
7148749824.0,-0.4140412509441376
7149687296.0,-0.41162484884262085
7150624768.0,-0.41007447242736816
7151562752.0,-0.40722939372062683
7152500224.0,-0.40748855471611023
7153437696.0,-0.40841418504714966
7154375168.0,-0.4093530774116516
7155312640.0,-0.41207021474838257
7156250112.0,-0.41518744826316833
7157187584.0,-0.4204868972301483
7158125056.0,-0.427741140127182
7159062528.0,-0.4362689256668091
7160000000.0,-0.4442877471446991
7160937472.0,-0.45124223828315735
7161874944.0,-0.4591856598854065
7162812416.0,-0.46896353363990784
7163749888.0,-0.47875961661338806
7164687360.0,-0.48765888810157776
7165624832.0,-0.49925991892814636
7166562304.0,-0.510773777961731
7167499776.0,-0.5211438536643982
7168437248.0,-0.5312535166740417
7169375232.0,-0.5406330227851868
7170312704.0,-0.5485421419143677
7171250176.0,-0.5555513501167297
7172187648.0,-0.5615611672401428
7173125120.0,-0.5667029023170471
7174062592.0,-0.570852518081665
7175000064.0,-0.5729564428329468
7175937536.0,-0.5748679637908936
7176875008.0,-0.5736967921257019
7177812480.0,-0.5714629292488098
7178749952.0,-0.5669262409210205
7179687424.0,-0.5618071556091309
7180624896.0,-0.5551542639732361
7181562368.0,-0.5491868257522583
7182499840.0,-0.5399396419525146
7183437312.0,-0.5302039980888367
7184374784.0,-0.5196700096130371
7185312256.0,-0.5057660341262817
7186250240.0,-0.4889414608478546
7187187712.0,-0.4706517159938812
7188125184.0,-0.4521980285644531
7189062656.0,-0.43135857582092285
7190000128.0,-0.41145190596580505
7190937600.0,-0.38982799649238586
7191875072.0,-0.3686850368976593
7192812544.0,-0.3491079807281494
7193750016.0,-0.32878047227859497
7194687488.0,-0.3100571930408478
7195624960.0,-0.292547345161438
7196562432.0,-0.2760190963745117
7197499904.0,-0.260610431432724
7198437376.0,-0.2470967322587967
7199374848.0,-0.2342616468667984
7200312320.0,-0.22389096021652222
7201249792.0,-0.21546997129917145
7202187264.0,-0.20916536450386047
7203125248.0,-0.20562778413295746
7204062720.0,-0.30521729588508606
7205000192.0,-0.3176243007183075
7205937664.0,-0.3311725854873657
7206875136.0,-0.3487165570259094
7207812608.0,-0.3672703206539154
7208750080.0,-0.39075133204460144
7209687552.0,-0.4158887565135956
7210625024.0,-0.44314175844192505
7211562496.0,-0.4738868474960327
7212499968.0,-0.5063827633857727
7213437440.0,-0.5390902161598206
7214374912.0,-0.5733062028884888
7215312384.0,-0.6077566742897034
7216249856.0,-0.6411716938018799
7217187328.0,-0.674079418182373
7218124800.0,-0.7073341012001038
7219062272.0,-0.7393646836280823
7219999744.0,-0.7680774927139282
7220937728.0,-0.7951128482818604
7221875200.0,-0.8197146058082581
7222812672.0,-0.8395916819572449
7223750144.0,-0.8559762239456177
7224687616.0,-0.8686423301696777
7225625088.0,-0.8759339451789856
7226562560.0,-0.8796272277832031
7227500032.0,-0.8791685104370117
7228437504.0,-0.87381911277771
7229374976.0,-0.8654314875602722
7230312448.0,-0.8528662323951721
7231249920.0,-0.8355641961097717
7232187392.0,-0.8137121200561523
7233124864.0,-0.7898920178413391
7234062336.0,-0.7609683275222778
7234999808.0,-0.729651927947998
7235937280.0,-0.6944505572319031
7236874752.0,-0.6607772707939148
7237812736.0,-0.6217179298400879
7238750208.0,-0.5847398042678833
7239687680.0,-0.5449121594429016
7240625152.0,-0.5025664567947388
7241562624.0,-0.4618135094642639
7242500096.0,-0.4191480576992035
7243437568.0,-0.37514084577560425
7244375040.0,-0.3325820863246918
7245312512.0,-0.2908182442188263
7246249984.0,-0.2503303587436676
7247187456.0,-0.20995590090751648
7248124928.0,-0.1732139140367508
7249062400.0,-0.13880601525306702
7249999872.0,-0.10605572909116745
7250937344.0,-0.07667867094278336
7251874816.0,-0.0502588115632534
7252812288.0,-0.02706834487617016
7253749760.0,-0.006565198302268982
7254687744.0,0.009842787869274616
7255625216.0,0.022001106292009354
7256562688.0,0.030692392960190773
7257500160.0,0.03692663460969925
7258437632.0,0.03724227473139763
7259375104.0,0.03350146487355232
7260312576.0,0.024032698944211006
7261250048.0,0.011174332350492477
7262187520.0,-0.008256127126514912
7263124992.0,-0.02954597771167755
7264062464.0,-0.30850887298583984
7264999936.0,-0.30501511693000793
7265937408.0,-0.3041122257709503
7266874880.0,-0.30437710881233215
7267812352.0,-0.3076040744781494
7268749824.0,-0.3134400248527527
7269687296.0,-0.3198205828666687
7270624768.0,-0.329754114151001
7271562752.0,-0.34141895174980164
7272500224.0,-0.35463184118270874
7273437696.0,-0.36873504519462585
7274375168.0,-0.38411304354667664
7275312640.0,-0.4012141823768616
7276250112.0,-0.4177144467830658
7277187584.0,-0.4339507520198822
7278125056.0,-0.45192986726760864
7279062528.0,-0.46761205792427063
7280000000.0,-0.48162010312080383
7280937472.0,-0.4953119158744812
7281874944.0,-0.5085762143135071
7282812416.0,-0.5164433717727661
7283749888.0,-0.5251047015190125
7284687360.0,-0.5303569436073303
7285624832.0,-0.5338276624679565
7286562304.0,-0.533499002456665
7287499776.0,-0.5346376895904541
7288437248.0,-0.5350005626678467
7289375232.0,-0.5321963429450989
7290312704.0,-0.5275408625602722
7291250176.0,-0.5209386348724365
7292187648.0,-0.5112256407737732
7293125120.0,-0.5000767707824707
7294062592.0,-0.48647576570510864
7295000064.0,-0.47191154956817627
7295937536.0,-0.4565131366252899
7296875008.0,-0.439929336309433
7297812480.0,-0.4218783974647522
7298749952.0,-0.4044772982597351
7299687424.0,-0.38596996665000916
7300624896.0,-0.36634859442710876
7301562368.0,-0.3501228988170624
7302499840.0,-0.33272871375083923
7303437312.0,-0.3162064254283905
7304374784.0,-0.3013831377029419
7305312256.0,-0.28675755858421326
7306250240.0,-0.2736407220363617
7307187712.0,-0.2625023126602173
7308125184.0,-0.2508418560028076
7309062656.0,-0.24103155732154846
7310000128.0,-0.23235054314136505
7310937600.0,-0.22518032789230347
7311875072.0,-0.21986332535743713
7312812544.0,-0.2165769785642624
7313750016.0,-0.2143869400024414
7314687488.0,-0.21323716640472412
7315624960.0,-0.21304482221603394
7316562432.0,-0.2130652517080307
7317499904.0,-0.212348073720932
7318437376.0,-0.21058093011379242
7319374848.0,-0.20747290551662445
7320312320.0,-0.20449458062648773
7321249792.0,-0.19967445731163025
7322187264.0,-0.19400031864643097
7323125248.0,-0.18531623482704163
7324062720.0,-0.32918378710746765
7325000192.0,-0.3082444667816162
7325937664.0,-0.284924179315567
7326875136.0,-0.26108261942863464
7327812608.0,-0.2336532026529312
7328750080.0,-0.2066105455160141
7329687552.0,-0.17875456809997559
7330625024.0,-0.15173788368701935
7331562496.0,-0.125160813331604
7332499968.0,-0.1013977900147438
7333437440.0,-0.07924342155456543
7334374912.0,-0.06194743514060974
7335312384.0,-0.04718110337853432
7336249856.0,-0.038890790194272995
7337187328.0,-0.03465646505355835
7338124800.0,-0.03444567695260048
7339062272.0,-0.0358886793255806
7340000256.0,-0.04173630475997925
7340937728.0,-0.05269388109445572
7341875200.0,-0.06930193305015564
7342812672.0,-0.08941564708948135
7343750144.0,-0.1097978726029396
7344687616.0,-0.1338774859905243
7345625088.0,-0.16058611869812012
7346562560.0,-0.1860002726316452
7347500032.0,-0.21269361674785614
7348437504.0,-0.23675121366977692
7349374976.0,-0.2590644359588623
7350312448.0,-0.27704429626464844
7351249920.0,-0.2940499186515808
7352187392.0,-0.3065679669380188
7353124864.0,-0.31492725014686584
7354062336.0,-0.31705543398857117
7354999808.0,-0.3159509003162384
7355937280.0,-0.30956554412841797
7356874752.0,-0.2989211678504944
7357812736.0,-0.28201958537101746
7358750208.0,-0.2622321546077728
7359687680.0,-0.23779310286045074
7360625152.0,-0.21034836769104004
7361562624.0,-0.18122468888759613
7362500096.0,-0.14903341233730316
7363437568.0,-0.11580460518598557
7364375040.0,-0.08171247690916061
7365312512.0,-0.04756166413426399
7366249984.0,-0.015022055245935917
7367187456.0,0.015059880912303925
7368124928.0,0.0411660335958004
7369062400.0,0.06135851889848709
7369999872.0,0.07861963659524918
7370937344.0,0.0916278138756752
7371874816.0,0.10213787108659744
7372812288.0,0.10892052203416824
7373749760.0,0.11431774497032166
7374687744.0,0.11714451760053635
7375625216.0,0.11855742335319519
7376562688.0,0.11844290047883987
7377500160.0,0.11860155314207077
7378437632.0,0.11659610271453857
7379375104.0,0.113914854824543
7380312576.0,0.10987414419651031
7381250048.0,0.10492224246263504
7382187520.0,0.09855170547962189
7383124992.0,0.09043142199516296
7384062464.0,-0.21880029141902924
7384999936.0,-0.2354036569595337
7385937408.0,-0.25255125761032104
7386874880.0,-0.26980891823768616
7387812352.0,-0.2874482274055481
7388749824.0,-0.30390462279319763
7389687296.0,-0.3157494068145752
7390624768.0,-0.32948172092437744
7391562752.0,-0.3380594253540039
7392500224.0,-0.3457152843475342
7393437696.0,-0.3493269979953766
7394375168.0,-0.3505520820617676
7395312640.0,-0.347806453704834
7396250112.0,-0.34265050292015076
7397187584.0,-0.3324323296546936
7398125056.0,-0.3185123801231384
7399062528.0,-0.3017384707927704
7400000000.0,-0.28089481592178345
7400937472.0,-0.25645381212234497
7401874944.0,-0.2296256572008133
7402812416.0,-0.20082204043865204
7403749888.0,-0.1689775139093399
7404687360.0,-0.1352376937866211
7405624832.0,-0.10023169964551926
7406562304.0,-0.0641181543469429
7407499776.0,-0.026886405423283577
7408437248.0,0.011081666685640812
7409375232.0,0.04759206995368004
7410312704.0,0.0834972932934761
7411250176.0,0.11739152669906616
7412187648.0,0.15070095658302307
7413125120.0,0.18104876577854156
7414062592.0,0.2086787223815918
7415000064.0,0.23580892384052277
7415937536.0,0.2594691216945648
7416875008.0,0.27963486313819885
7417812480.0,0.29639923572540283
7418749952.0,0.3099718987941742
7419687424.0,0.31932660937309265
7420624896.0,0.3253919184207916
7421562368.0,0.3267858922481537
7422499840.0,0.3256911039352417
7423437312.0,0.32120174169540405
7424374784.0,0.3124554455280304
7425312256.0,0.300613135099411
7426250240.0,0.2853168547153473
7427187712.0,0.2668170630931854
7428125184.0,0.2464684247970581
7429062656.0,0.22376053035259247
7430000128.0,0.1968899965286255
7430937600.0,0.1699562817811966
7431875072.0,0.14232541620731354
7432812544.0,0.11134110391139984
7433750016.0,0.08086623251438141
7434687488.0,0.04809572175145149
7435624960.0,0.016616512089967728
7436562432.0,-0.014117668382823467
7437499904.0,-0.04557041451334953
7438437376.0,-0.07597631216049194
7439374848.0,-0.10467950254678726
7440312320.0,-0.13571152091026306
7441249792.0,-0.16250579059123993
7442187264.0,-0.19021694362163544
7443125248.0,-0.21483114361763
7444062720.0,0.032956045120954514
7445000192.0,0.01824091002345085
7445937664.0,0.0023672087118029594
7446875136.0,-0.015288563445210457
7447812608.0,-0.033521100878715515
7448750080.0,-0.04963485896587372
7449687552.0,-0.0663556307554245
7450625024.0,-0.08208155632019043
7451562496.0,-0.09651657938957214
7452499968.0,-0.10835011303424835
7453437440.0,-0.11914414167404175
7454374912.0,-0.1290677934885025
7455312384.0,-0.13523416221141815
7456249856.0,-0.13935425877571106
7457187328.0,-0.14151737093925476
7458124800.0,-0.14199012517929077
7459062272.0,-0.1401655375957489
7459999744.0,-0.13634918630123138
7460937728.0,-0.13030162453651428
7461875200.0,-0.12355247139930725
7462812672.0,-0.1138802170753479
7463750144.0,-0.10321097820997238
7464687616.0,-0.09406252205371857
7465625088.0,-0.0837489441037178
7466562560.0,-0.07514538615942001
7467500032.0,-0.06663873046636581
7468437504.0,-0.05976197123527527
7469374976.0,-0.051191117614507675
7470312448.0,-0.045102979987859726
7471249920.0,-0.03854363411664963
7472187392.0,-0.035662561655044556
7473124864.0,-0.03144025430083275
7474062336.0,-0.029716353863477707
7474999808.0,-0.02980571798980236
7475937280.0,-0.030405694618821144
7476874752.0,-0.03382352367043495
7477812736.0,-0.0382033996284008
7478750208.0,-0.044519875198602676
7479687680.0,-0.051020532846450806
7480625152.0,-0.05992582067847252
7481562624.0,-0.06896515190601349
7482500096.0,-0.07882548868656158
7483437568.0,-0.0886748880147934
7484375040.0,-0.1003192588686943
7485312512.0,-0.11077192425727844
7486249984.0,-0.12175149470567703
7487187456.0,-0.13262411952018738
7488124928.0,-0.143154114484787
7489062400.0,-0.15196026861667633
7489999872.0,-0.16062910854816437
7490937344.0,-0.1683129370212555
7491874816.0,-0.17291967570781708
7492812288.0,-0.17605270445346832
7493749760.0,-0.17708343267440796
7494687744.0,-0.17739713191986084
7495625216.0,-0.1743876338005066
7496562688.0,-0.17100144922733307
7497500160.0,-0.1650536209344864
7498437632.0,-0.15726856887340546
7499375104.0,-0.14863838255405426
7500312576.0,-0.13853949308395386
7501250048.0,-0.12817180156707764
7502187520.0,-0.11731645464897156
7503124992.0,-0.1069164052605629
7504062464.0,-0.09666543453931808
7504999936.0,-0.07056386768817902
7505937408.0,-0.04734645038843155
7506874880.0,-0.028279094025492668
7507812352.0,-0.011450743302702904
7508749824.0,0.0006544322241097689
7509687296.0,0.009451568126678467
7510624768.0,0.014067390002310276
7511562752.0,0.014676121063530445
7512500224.0,0.013261660002171993
7513437696.0,0.007349412422627211
7514375168.0,-0.002334571210667491
7515312640.0,-0.014340326189994812
7516250112.0,-0.029064150527119637
7517187584.0,-0.04250972345471382
7518125056.0,-0.055894359946250916
7519062528.0,-0.0714755654335022
7520000000.0,-0.08542435616254807
7520937472.0,-0.10045062005519867
7521874944.0,-0.1146470159292221
7522812416.0,-0.12654103338718414
7523749888.0,-0.1359434276819229
7524687360.0,-0.1442561149597168
7525624832.0,-0.1487671285867691
7526562304.0,-0.15136775374412537
7527499776.0,-0.15198254585266113
7528437248.0,-0.1492847055196762
7529375232.0,-0.14345917105674744
7530312704.0,-0.13452377915382385
7531250176.0,-0.12453234195709229
7532187648.0,-0.1128295436501503
7533125120.0,-0.09915921837091446
7534062592.0,-0.08504395931959152
7535000064.0,-0.07152345031499863
7535937536.0,-0.056208811700344086
7536875008.0,-0.042693059891462326
7537812480.0,-0.03161417320370674
7538749952.0,-0.021700747311115265
7539687424.0,-0.014608140103518963
7540624896.0,-0.011139568872749805
7541562368.0,-0.010809846222400665
7542499840.0,-0.01370444055646658
7543437312.0,-0.021957283839583397
7544374784.0,-0.033406227827072144
7545312256.0,-0.04909336194396019
7546250240.0,-0.0689222663640976
7547187712.0,-0.09202312678098679
7548125184.0,-0.1172768846154213
7549062656.0,-0.14527426660060883
7550000128.0,-0.17533037066459656
7550937600.0,-0.20659829676151276
7551875072.0,-0.23585468530654907
7552812544.0,-0.2630484998226166
7553750016.0,-0.2892482280731201
7554687488.0,-0.3141920864582062
7555624960.0,-0.3355921804904938
7556562432.0,-0.35408833622932434
7557499904.0,-0.37030288577079773
7558437376.0,-0.38529375195503235
7559374848.0,-0.3984222710132599
7560312320.0,-0.41105175018310547
7561249792.0,-0.4236288070678711
7562187264.0,-0.436791330575943
7563125248.0,-0.44888511300086975
7564062720.0,-0.4559133052825928
7565000192.0,-0.44143906235694885
7565937664.0,-0.4259582459926605
7566875136.0,-0.4083101153373718
7567812608.0,-0.38609635829925537
7568750080.0,-0.36305832862854004
7569687552.0,-0.3381238877773285
7570625024.0,-0.3126533627510071
7571562496.0,-0.2858387231826782
7572499968.0,-0.25860506296157837
7573437440.0,-0.23107095062732697
7574374912.0,-0.20343485474586487
7575312384.0,-0.17452964186668396
7576249856.0,-0.14739303290843964
7577187328.0,-0.12070158123970032
7578124800.0,-0.09525766968727112
7579062272.0,-0.07059509307146072
7580000256.0,-0.04638294130563736
7580937728.0,-0.024515895172953606
7581875200.0,-0.005739019718021154
7582812672.0,0.01240389421582222
7583750144.0,0.027062559500336647
7584687616.0,0.03917787969112396
7585625088.0,0.04949536174535751
7586562560.0,0.05851084738969803
7587500032.0,0.06349582225084305
7588437504.0,0.06668294966220856
7589374976.0,0.0682547315955162
7590312448.0,0.06549078971147537
7591249920.0,0.061673957854509354
7592187392.0,0.055758897215127945
7593124864.0,0.04932470619678497
7594062336.0,0.04016611725091934
7594999808.0,0.030621809884905815
7595937280.0,0.018996169790625572
7596874752.0,0.005941566079854965
7597812736.0,-0.008021989837288857
7598750208.0,-0.02513103559613228
7599687680.0,-0.04092946648597717
7600625152.0,-0.05889972671866417
7601562624.0,-0.0770341083407402
7602500096.0,-0.09558586776256561
7603437568.0,-0.1127137616276741
7604375040.0,-0.12977837026119232
7605312512.0,-0.14641940593719482
7606249984.0,-0.16223347187042236
7607187456.0,-0.17826411128044128
7608124928.0,-0.1917835772037506
7609062400.0,-0.20431235432624817
7609999872.0,-0.21620072424411774
7610937344.0,-0.22585327923297882
7611874816.0,-0.23563553392887115
7612812288.0,-0.24377276003360748
7613749760.0,-0.2503669261932373
7614687744.0,-0.25639837980270386
7615625216.0,-0.26081934571266174
7616562688.0,-0.26487037539482117
7617500160.0,-0.26690447330474854
7618437632.0,-0.27126821875572205
7619375104.0,-0.2746553122997284
7620312576.0,-0.2786458730697632
7621250048.0,-0.28217145800590515
7622187520.0,-0.2839004695415497
7623124992.0,-0.28816503286361694
7624062464.0,-0.28472158312797546
7624999936.0,-0.2911894917488098
7625937408.0,-0.2953002452850342
7626874880.0,-0.29686692357063293
7627812352.0,-0.29692575335502625
7628749824.0,-0.2944056987762451
7629687296.0,-0.2909952998161316
7630624768.0,-0.28520071506500244
7631562752.0,-0.27767524123191833
7632500224.0,-0.26887258887290955
7633437696.0,-0.25986337661743164
7634375168.0,-0.2493535727262497
7635312640.0,-0.23835839331150055
7636250112.0,-0.2250274121761322
7637187584.0,-0.21406951546669006
7638125056.0,-0.201881542801857
7639062528.0,-0.18918129801750183
7640000000.0,-0.17818541824817657
7640937472.0,-0.1657087802886963
7641874944.0,-0.1539236456155777
7642812416.0,-0.1441052109003067
7643749888.0,-0.13607104122638702
7644687360.0,-0.13047417998313904
7645624832.0,-0.12644076347351074
7646562304.0,-0.12425896525382996
7647499776.0,-0.12053470313549042
7648437248.0,-0.12048416584730148
7649375232.0,-0.12074599415063858
7650312704.0,-0.12171070277690887
7651250176.0,-0.1243654265999794
7652187648.0,-0.12890852987766266
7653125120.0,-0.13292214274406433
7654062592.0,-0.1395576298236847
7655000064.0,-0.1461816281080246
7655937536.0,-0.15305162966251373
7656875008.0,-0.16045822203159332
7657812480.0,-0.16911320388317108
7658749952.0,-0.17770330607891083
7659687424.0,-0.18551625311374664
7660624896.0,-0.19431494176387787
7661562368.0,-0.20419137179851532
7662499840.0,-0.21151798963546753
7663437312.0,-0.2201637625694275
7664374784.0,-0.22703306376934052
7665312256.0,-0.23337993025779724
7666250240.0,-0.23857901990413666
7667187712.0,-0.2440326064825058
7668125184.0,-0.2486482411623001
7669062656.0,-0.25027090311050415
7670000128.0,-0.2503820061683655
7670937600.0,-0.24908487498760223
7671875072.0,-0.24822676181793213
7672812544.0,-0.24445030093193054
7673750016.0,-0.23994824290275574
7674687488.0,-0.23522277176380157
7675624960.0,-0.22911299765110016
7676562432.0,-0.22192876040935516
7677499904.0,-0.21379101276397705
7678437376.0,-0.20590908825397491
7679374848.0,-0.19765906035900116
7680312320.0,-0.18934768438339233
7681249792.0,-0.17834028601646423
7682187264.0,-0.169332817196846
7683125248.0,-0.15964992344379425
7684062720.0,0.07154619693756104
7685000192.0,0.08713959902524948
7685937664.0,0.09767181426286697
7686875136.0,0.10673709958791733
7687812608.0,0.11450698226690292
7688750080.0,0.1191471517086029
7689687552.0,0.12032757699489594
7690625024.0,0.11960338056087494
7691562496.0,0.11559862643480301
7692499968.0,0.10971860587596893
7693437440.0,0.09947554022073746
7694374912.0,0.08757346868515015
7695312384.0,0.07231175154447556
7696249856.0,0.055258870124816895
7697187328.0,0.035760920494794846
7698124800.0,0.016829287633299828
7699062272.0,-0.006901448592543602
7699999744.0,-0.028984062373638153
7700937728.0,-0.052253857254981995
7701875200.0,-0.07689972221851349
7702812672.0,-0.10006697475910187
7703750144.0,-0.12477178871631622
7704687616.0,-0.14894920587539673
7705625088.0,-0.17125914990901947
7706562560.0,-0.19266583025455475
7707500032.0,-0.21239429712295532
7708437504.0,-0.23166149854660034
7709374976.0,-0.24835611879825592
7710312448.0,-0.2626246213912964
7711249920.0,-0.2749933898448944
7712187392.0,-0.28753408789634705
7713124864.0,-0.29739072918891907
7714062336.0,-0.3050430715084076
7714999808.0,-0.311562716960907
7715937280.0,-0.31516584753990173
7716874752.0,-0.318489670753479
7717812736.0,-0.3198123574256897
7718750208.0,-0.3202325701713562
7719687680.0,-0.31957900524139404
7720625152.0,-0.315513014793396
7721562624.0,-0.3103591501712799
7722500096.0,-0.3049936294555664
7723437568.0,-0.2982834577560425
7724375040.0,-0.2912242114543915
7725312512.0,-0.2842019498348236
7726249984.0,-0.27730610966682434
7727187456.0,-0.2685127556324005
7728124928.0,-0.26062649488449097
7729062400.0,-0.25238752365112305
7729999872.0,-0.24453210830688477
7730937344.0,-0.23715265095233917
7731874816.0,-0.23113542795181274
7732812288.0,-0.22529546916484833
7733749760.0,-0.22011177241802216
7734687744.0,-0.21544133126735687
7735625216.0,-0.21132218837738037
7736562688.0,-0.20829838514328003
7737500160.0,-0.20577310025691986
7738437632.0,-0.20537781715393066
7739375104.0,-0.20491807162761688
7740312576.0,-0.2057943046092987
7741250048.0,-0.20833149552345276
7742187520.0,-0.21107837557792664
7743124992.0,-0.21497304737567902
7744062464.0,-0.19732916355133057
7744999936.0,-0.16210192441940308
7745937408.0,-0.1224600151181221
7746874880.0,-0.08214946836233139
7747812352.0,-0.041510868817567825
7748749824.0,-0.0026602542493492365
7749687296.0,0.03348340094089508
7750624768.0,0.06897296756505966
7751562752.0,0.10093868523836136
7752500224.0,0.12942028045654297
7753437696.0,0.15511257946491241
7754375168.0,0.17796911299228668
7755312640.0,0.1962972730398178
7756250112.0,0.2120293378829956
7757187584.0,0.2236277461051941
7758125056.0,0.2311786711215973
7759062528.0,0.23590366542339325
7760000000.0,0.23676645755767822
7760937472.0,0.23560328781604767
7761874944.0,0.23021343350410461
7762812416.0,0.2235211879014969
7763749888.0,0.21313686668872833
7764687360.0,0.2010100781917572
7765624832.0,0.1869356632232666
7766562304.0,0.1706332415342331
7767499776.0,0.15370531380176544
7768437248.0,0.13363108038902283
7769375232.0,0.11478570103645325
7770312704.0,0.09416534006595612
7771250176.0,0.07250652462244034
7772187648.0,0.051700279116630554
7773125120.0,0.0316888764500618
7774062592.0,0.01162876095622778
7775000064.0,-0.008634244091808796
7775937536.0,-0.028241991996765137
7776875008.0,-0.047435589134693146
7777812480.0,-0.06670286506414413
7778749952.0,-0.08459250628948212
7779687424.0,-0.10224894434213638
7780624896.0,-0.11917939782142639
7781562368.0,-0.13423113524913788
7782499840.0,-0.1489417403936386
7783437312.0,-0.1616595983505249
7784374784.0,-0.17483560740947723
7785312256.0,-0.18785229325294495
7786250240.0,-0.1981111317873001
7787187712.0,-0.20819903910160065
7788125184.0,-0.21803924441337585
7789062656.0,-0.22683268785476685
7790000128.0,-0.23496301472187042
7790937600.0,-0.24265792965888977
7791875072.0,-0.24876916408538818
7792812544.0,-0.25511273741722107
7793750016.0,-0.26066187024116516
7794687488.0,-0.2662532925605774
7795624960.0,-0.27024710178375244
7796562432.0,-0.27525395154953003
7797499904.0,-0.2825257480144501
7798437376.0,-0.288038045167923
7799374848.0,-0.293785035610199
7800312320.0,-0.2965101897716522
7801249792.0,-0.29956620931625366
7802187264.0,-0.2997983694076538
7803125248.0,-0.2984149158000946
7804062720.0,-0.2809831202030182
7805000192.0,-0.27307265996932983
7805937664.0,-0.2634487450122833
7806875136.0,-0.25226861238479614
7807812608.0,-0.241278737783432
7808750080.0,-0.2281867116689682
7809687552.0,-0.21379613876342773
7810625024.0,-0.20018069446086884
7811562496.0,-0.18558035790920258
7812499968.0,-0.1700437217950821
7813437440.0,-0.15195846557617188
7814374912.0,-0.13585320115089417
7815312384.0,-0.1199864000082016
7816249856.0,-0.10340961813926697
7817187328.0,-0.0857149213552475
7818124800.0,-0.07054448127746582
7819062272.0,-0.05232064425945282
7820000256.0,-0.036966484040021896
7820937728.0,-0.02133084461092949
7821875200.0,-0.006912777666002512
7822812672.0,0.005075463093817234
7823750144.0,0.015569479204714298
7824687616.0,0.025341108441352844
7825625088.0,0.03403624892234802
7826562560.0,0.04318573325872421
7827500032.0,0.05052204430103302
7828437504.0,0.05783311650156975
7829374976.0,0.0644569918513298
7830312448.0,0.0696527287364006
7831249920.0,0.0761842355132103
7832187392.0,0.07918116450309753
7833124864.0,0.08212156593799591
7834062336.0,0.08623415976762772
7834999808.0,0.0884954184293747
7835937280.0,0.09031921625137329
7836874752.0,0.09130170941352844
7837812736.0,0.09291055053472519
7838750208.0,0.09263934940099716
7839687680.0,0.0936707854270935
7840625152.0,0.09374625980854034
7841562624.0,0.09458111971616745
7842500096.0,0.09397019445896149
7843437568.0,0.09361229836940765
7844375040.0,0.09231547266244888
7845312512.0,0.09123441576957703
7846249984.0,0.09020544588565826
7847187456.0,0.08946478366851807
7848124928.0,0.0851898342370987
7849062400.0,0.07971666008234024
7849999872.0,0.07570896297693253
7850937344.0,0.06964552402496338
7851874816.0,0.06433570384979248
7852812288.0,0.05769886448979378
7853749760.0,0.05056020990014076
7854687744.0,0.04455333203077316
7855625216.0,0.0355287604033947
7856562688.0,0.02747388742864132
7857500160.0,0.017982177436351776
7858437632.0,0.008709628134965897
7859375104.0,-0.0012706632260233164
7860312576.0,-0.012640533037483692
7861250048.0,-0.022929629310965538
7862187520.0,-0.03486079350113869
7863124992.0,-0.046230148524045944
7864062464.0,0.05149110034108162
7864999936.0,0.041471660137176514
7865937408.0,0.032321371138095856
7866874880.0,0.023902036249637604
7867812352.0,0.017074424773454666
7868749824.0,0.010303210467100143
7869687296.0,0.003879817435517907
7870624768.0,-0.0009438537526875734
7871562752.0,-0.004765387624502182
7872500224.0,-0.008883343078196049
7873437696.0,-0.014449038542807102
7874375168.0,-0.021204613149166107
7875312640.0,-0.028124453499913216
7876250112.0,-0.035095252096652985
7877187584.0,-0.04138439893722534
7878125056.0,-0.04898154363036156
7879062528.0,-0.05737241357564926
7880000000.0,-0.0662124902009964
7880937472.0,-0.07754988223314285
7881874944.0,-0.08893691748380661
7882812416.0,-0.10305227339267731
7883749888.0,-0.11671070009469986
7884687360.0,-0.13391205668449402
7885624832.0,-0.15161068737506866
7886562304.0,-0.170829176902771
7887499776.0,-0.19104202091693878
7888437248.0,-0.21225343644618988
7889375232.0,-0.23501405119895935
7890312704.0,-0.2591060400009155
7891250176.0,-0.28410205245018005
7892187648.0,-0.30786776542663574
7893125120.0,-0.3332289457321167
7894062592.0,-0.35888761281967163
7895000064.0,-0.38287925720214844
7895937536.0,-0.4062378704547882
7896875008.0,-0.4284009635448456
7897812480.0,-0.4497123956680298
7898749952.0,-0.46710288524627686
7899687424.0,-0.4824084937572479
7900624896.0,-0.49502572417259216
7901562368.0,-0.5050337910652161
7902499840.0,-0.5136957764625549
7903437312.0,-0.5183655619621277
7904374784.0,-0.5214475393295288
7905312256.0,-0.5187674164772034
7906250240.0,-0.5152481198310852
7907187712.0,-0.5080177783966064
7908125184.0,-0.4982130527496338
7909062656.0,-0.4854096472263336
7910000128.0,-0.47043901681900024
7910937600.0,-0.451745867729187
7911875072.0,-0.43060576915740967
7912812544.0,-0.40905433893203735
7913750016.0,-0.3834597170352936
7914687488.0,-0.3571186065673828
7915624960.0,-0.32974377274513245
7916562432.0,-0.29875633120536804
7917499904.0,-0.2694583535194397
7918437376.0,-0.2388617992401123
7919374848.0,-0.20810578763484955
7920312320.0,-0.1774461567401886
7921249792.0,-0.14619651436805725
7922187264.0,-0.11617957055568695
7923125248.0,-0.0883592963218689
7924062720.0,0.061289094388484955
7925000192.0,0.08336421102285385
7925937664.0,0.10343111306428909
7926875136.0,0.12118193507194519
7927812608.0,0.13636519014835358
7928750080.0,0.14879705011844635
7929687552.0,0.15729676187038422
7930625024.0,0.16615606844425201
7931562496.0,0.17091892659664154
7932499968.0,0.17426697909832
7933437440.0,0.1742251217365265
7934374912.0,0.17357173562049866
7935312384.0,0.1691196709871292
7936249856.0,0.16135045886039734
7937187328.0,0.15411745011806488
7938124800.0,0.14348353445529938
7939062272.0,0.13321609795093536
7939999744.0,0.11996252834796906
7940937728.0,0.10429909825325012
7941875200.0,0.08742739260196686
7942812672.0,0.07153762131929398
7943750144.0,0.0517912432551384
7944687616.0,0.0336141511797905
7945625088.0,0.01184497494250536
7946562560.0,-0.009951210580766201
7947500032.0,-0.031040150672197342
7948437504.0,-0.05380978062748909
7949374976.0,-0.07645191252231598
7950312448.0,-0.09788470715284348
7951249920.0,-0.11917080730199814
7952187392.0,-0.14021243155002594
7953124864.0,-0.16350877285003662
7954062336.0,-0.18623793125152588
7954999808.0,-0.20708930492401123
7955937280.0,-0.22918981313705444
7956874752.0,-0.25100716948509216
7957812736.0,-0.27258795499801636
7958750208.0,-0.29436710476875305
7959687680.0,-0.31547442078590393
7960625152.0,-0.3365798890590668
7961562624.0,-0.35734617710113525
7962500096.0,-0.37639349699020386
7963437568.0,-0.39448681473731995
7964375040.0,-0.4132530689239502
7965312512.0,-0.43102970719337463
7966249984.0,-0.4462331235408783
7967187456.0,-0.45991650223731995
7968124928.0,-0.473807156085968
7969062400.0,-0.48526886105537415
7969999872.0,-0.49608561396598816
7970937344.0,-0.5046530365943909
7971874816.0,-0.51130610704422
7972812288.0,-0.5172427296638489
7973749760.0,-0.519962728023529
7974687744.0,-0.5216321349143982
7975625216.0,-0.5217878818511963
7976562688.0,-0.5191126465797424
7977500160.0,-0.5137955546379089
7978437632.0,-0.5073450207710266
7979375104.0,-0.4967820644378662
7980312576.0,-0.48493245244026184
7981250048.0,-0.471389502286911
7982187520.0,-0.45416784286499023
7983124992.0,-0.4356679618358612
7984062464.0,-0.41276100277900696
7984999936.0,-0.39792361855506897
7985937408.0,-0.3817700147628784
7986874880.0,-0.36463382840156555
7987812352.0,-0.34643858671188354
7988749824.0,-0.32837873697280884
7989687296.0,-0.30914413928985596
7990624768.0,-0.28932926058769226
7991562752.0,-0.26833003759384155
7992500224.0,-0.24852481484413147
7993437696.0,-0.22693228721618652
7994375168.0,-0.20627231895923615
7995312640.0,-0.18407931923866272
7996250112.0,-0.16424879431724548
7997187584.0,-0.14418303966522217
7998125056.0,-0.12545034289360046
7999062528.0,-0.1066344603896141
8000000000.0,-0.08739795535802841
