Frequency (Hz),Measurement
2000000000.0,0.1883164644241333
2000937472.0,0.17945292592048645
2001874944.0,0.17146417498588562
2002812544.0,0.16203558444976807
2003750016.0,0.1526661366224289
2004687488.0,0.14150622487068176
2005624960.0,0.13017740845680237
2006562560.0,0.11847816407680511
2007500032.0,0.10607641935348511
2008437504.0,0.09349175542593002
2009374976.0,0.0792681947350502
2010312448.0,0.06600458920001984
2011250048.0,0.05187007039785385
2012187520.0,0.0374176986515522
2013124992.0,0.023151984438300133
2014062464.0,0.008824128657579422
2015000064.0,-0.0052665299735963345
2015937536.0,-0.018906814977526665
2016875008.0,-0.033600714057683945
2017812480.0,-0.046381209045648575
2018749952.0,-0.05954127758741379
2019687552.0,-0.07000108808279037
2020625024.0,-0.08037243783473969
2021562496.0,-0.09011378884315491
2022499968.0,-0.09814871102571487
2023437440.0,-0.10604273527860641
2024375040.0,-0.11209655553102493
2025312512.0,-0.11619366705417633
2026249984.0,-0.11889341473579407
2027187456.0,-0.12022485584020615
2028125056.0,-0.11884628236293793
2029062528.0,-0.11739245057106018
2030000000.0,-0.11339961737394333
2030937472.0,-0.10799100250005722
2031874944.0,-0.10135388374328613
2032812544.0,-0.09378841519355774
2033750016.0,-0.08429237455129623
2034687488.0,-0.07500428706407547
2035624960.0,-0.06323083490133286
2036562560.0,-0.050897277891635895
2037500032.0,-0.038506560027599335
2038437504.0,-0.024919936433434486
2039374976.0,-0.011741722002625465
2040312448.0,0.0031260752584785223
2041250048.0,0.017811572179198265
2042187520.0,0.03187255561351776
2043124992.0,0.04577149078249931
2044062464.0,0.059420645236968994
2044999936.0,0.07251042127609253
2045937536.0,0.08412908762693405
2046875008.0,0.09540735185146332
2047812480.0,0.10529854148626328
2048749952.0,0.10277354717254639
2049687552.0,0.11156204342842102
2050625024.0,0.11797333508729935
2051562496.0,0.12395722419023514
2052499968.0,0.1271093338727951
2053437440.0,0.12821489572525024
2054375040.0,0.12848423421382904
2055312512.0,0.12609903514385223
2056249984.0,0.1224941611289978
2057187456.0,0.11534953862428665
2058125056.0,0.10746577382087708
2059062528.0,0.09722284227609634
2060000000.0,0.08542251586914062
2060937472.0,0.07231485843658447
2061874944.0,0.05680708587169647
2062812544.0,0.04139755293726921
2063750016.0,0.02495170198380947
2064687488.0,0.007013922557234764
2065624960.0,-0.010355627164244652
2066562560.0,-0.02782585471868515
2067500032.0,-0.044531241059303284
2068437504.0,-0.061054032295942307
2069374976.0,-0.07660625129938126
2070312448.0,-0.0912761390209198
2071250048.0,-0.10409436374902725
2072187520.0,-0.11517507582902908
2073124992.0,-0.12405090034008026
2074062464.0,-0.13234426081180573
2075000064.0,-0.13740292191505432
2075937536.0,-0.14108264446258545
2076875008.0,-0.14215362071990967
2077812480.0,-0.14123740792274475
2078749952.0,-0.13789546489715576
2079687552.0,-0.13300873339176178
2080625024.0,-0.12609167397022247
2081562496.0,-0.1186380535364151
2082499968.0,-0.10932400077581406
2083437440.0,-0.09783946722745895
2084375040.0,-0.08677678555250168
2085312512.0,-0.07494833320379257
2086249984.0,-0.06332466751337051
2087187456.0,-0.05104468762874603
2088125056.0,-0.038389481604099274
2089062528.0,-0.027524633333086967
2090000000.0,-0.015286299400031567
2090937472.0,-0.003929808735847473
2091874944.0,0.006545628886669874
2092812544.0,0.015551980584859848
2093750016.0,0.023692969232797623
2094687488.0,0.03282845392823219
2095624960.0,0.04018351808190346
2096562560.0,0.0455421581864357
2097500032.0,0.05207888409495354
2098437504.0,0.05809912458062172
2099374976.0,0.06182581186294556
2100312448.0,0.0662434920668602
2101250048.0,0.0698990449309349
2102187520.0,0.0735236182808876
2103124992.0,0.07756506651639938
2104062464.0,0.08200761675834656
2104999936.0,0.08583549410104752
2105937536.0,0.0908481776714325
2106875008.0,0.09564052522182465
2107812480.0,0.09946659207344055
2108749952.0,0.13143867254257202
2109687552.0,0.13594192266464233
2110625024.0,0.14225490391254425
2111562496.0,0.1468104124069214
2112499968.0,0.1506606787443161
2113437440.0,0.15334630012512207
2114375040.0,0.15504127740859985
2115312512.0,0.15526704490184784
2116249984.0,0.154535174369812
2117187456.0,0.15236052870750427
2118125056.0,0.14921654760837555
2119062528.0,0.14389029145240784
2120000000.0,0.13839684426784515
2120937472.0,0.13113291561603546
2121874944.0,0.1217646524310112
2122812544.0,0.11264821887016296
2123750016.0,0.10280343890190125
2124687488.0,0.09152515977621078
2125624960.0,0.07892415672540665
2126562560.0,0.06597625464200974
2127500032.0,0.05307158827781677
2128437504.0,0.039869341999292374
2129374976.0,0.026431502774357796
2130312448.0,0.012850183993577957
2131250048.0,-0.0005653915577568114
2132187520.0,-0.01295682042837143
2133124992.0,-0.02401682175695896
2134062464.0,-0.035368528217077255
2135000064.0,-0.04462999850511551
2135937536.0,-0.053542301058769226
2136875008.0,-0.06107305362820625
2137812480.0,-0.06812256574630737
2138749952.0,-0.07319790869951248
2139687552.0,-0.07690868526697159
2140625024.0,-0.07936160266399384
2141562496.0,-0.07978327572345734
2142499968.0,-0.07972604781389236
2143437440.0,-0.07831229269504547
2144375040.0,-0.07553417980670929
2145312512.0,-0.07061845064163208
2146249984.0,-0.06471357494592667
2147187456.0,-0.05770900472998619
2148124928.0,-0.051594726741313934
2149062400.0,-0.04172230884432793
2150000128.0,-0.033597368746995926
2150937600.0,-0.02460860274732113
2151875072.0,-0.01583459973335266
2152812544.0,-0.006077213678508997
2153750016.0,0.0029273442924022675
2154687488.0,0.013394751586019993
2155624960.0,0.02133885771036148
2156562432.0,0.030898213386535645
2157499904.0,0.03943833336234093
2158437376.0,0.04693310335278511
2159375104.0,0.053114961832761765
2160312576.0,0.059479180723428726
2161250048.0,0.0644398108124733
2162187520.0,0.0689079761505127
2163124992.0,0.07305876910686493
2164062464.0,0.0760868638753891
2164999936.0,0.07924386858940125
2165937408.0,0.08132879436016083
2166874880.0,0.08280348777770996
2167812608.0,0.08374441415071487
2168750080.0,0.15603917837142944
2169687552.0,0.15740661323070526
2170625024.0,0.15560834109783173
2171562496.0,0.15362945199012756
2172499968.0,0.1488037109375
2173437440.0,0.1436747908592224
2174374912.0,0.13721983134746552
2175312384.0,0.12805821001529694
2176250112.0,0.11842519044876099
2177187584.0,0.10746391117572784
2178125056.0,0.09565530717372894
2179062528.0,0.08419657498598099
2180000000.0,0.0711890384554863
2180937472.0,0.05783514678478241
2181874944.0,0.04398450255393982
2182812416.0,0.030613400042057037
2183749888.0,0.0168599970638752
2184687616.0,0.0029985508881509304
2185625088.0,-0.010176724754273891
2186562560.0,-0.022831035777926445
2187500032.0,-0.03573831915855408
2188437504.0,-0.047007035464048386
2189374976.0,-0.05862969532608986
2190312448.0,-0.06919459253549576
2191249920.0,-0.07939285784959793
2192187392.0,-0.08745487034320831
2193125120.0,-0.09455042332410812
2194062592.0,-0.10221639275550842
2195000064.0,-0.108509361743927
2195937536.0,-0.11195766925811768
2196875008.0,-0.11607540398836136
2197812480.0,-0.11967677623033524
2198749952.0,-0.12101182341575623
2199687424.0,-0.12203194200992584
2200624896.0,-0.12332175672054291
2201562624.0,-0.1221519261598587
2202500096.0,-0.12152532488107681
2203437568.0,-0.1207013949751854
2204375040.0,-0.11793884634971619
2205312512.0,-0.11490821838378906
2206249984.0,-0.11257188022136688
2207187456.0,-0.10722138732671738
2208124928.0,-0.10246742516756058
2209062400.0,-0.09829693287611008
2209999872.0,-0.0935138538479805
2210937600.0,-0.08727332949638367
2211875072.0,-0.0820501297712326
2212812544.0,-0.07511670142412186
2213750016.0,-0.06694793701171875
2214687488.0,-0.05984949320554733
2215624960.0,-0.05187714099884033
2216562432.0,-0.043943364173173904
2217499904.0,-0.03491285443305969
2218437376.0,-0.02664763480424881
2219375104.0,-0.01849820278584957
2220312576.0,-0.008656959049403667
2221250048.0,0.0016145878471434116
2222187520.0,0.010826880112290382
2223124992.0,0.020110297948122025
2224062464.0,0.030748749151825905
2224999936.0,0.039655353873968124
2225937408.0,0.04991675168275833
2226874880.0,0.060576897114515305
2227812608.0,0.06962998956441879
2228750080.0,0.07590438425540924
2229687552.0,0.08396334946155548
2230625024.0,0.09314525127410889
2231562496.0,0.09902462363243103
2232499968.0,0.10658644884824753
2233437440.0,0.11311668902635574
2234374912.0,0.11687983572483063
2235312384.0,0.11990886926651001
2236250112.0,0.12072520703077316
2237187584.0,0.12053579837083817
2238125056.0,0.11868593096733093
2239062528.0,0.11441396921873093
2240000000.0,0.10830690711736679
2240937472.0,0.10142914950847626
2241874944.0,0.09389599412679672
2242812416.0,0.08446909487247467
2243749888.0,0.0740438848733902
2244687616.0,0.062383219599723816
2245625088.0,0.049560606479644775
2246562560.0,0.0369734987616539
2247500032.0,0.021747345104813576
2248437504.0,0.005999044515192509
2249374976.0,-0.009499534964561462
2250312448.0,-0.02743774652481079
2251249920.0,-0.04471980780363083
2252187392.0,-0.06215092912316322
2253125120.0,-0.08066350966691971
2254062592.0,-0.10038229078054428
2255000064.0,-0.11885618418455124
2255937536.0,-0.13779102265834808
2256875008.0,-0.15812347829341888
2257812480.0,-0.1779625564813614
2258749952.0,-0.19810591638088226
2259687424.0,-0.21750669181346893
2260624896.0,-0.23638798296451569
2261562624.0,-0.25382664799690247
2262500096.0,-0.2718335688114166
2263437568.0,-0.28852739930152893
2264375040.0,-0.3038124144077301
2265312512.0,-0.31825196743011475
2266249984.0,-0.3315078020095825
2267187456.0,-0.34364554286003113
2268124928.0,-0.3533432185649872
2269062400.0,-0.36170729994773865
2270000128.0,-0.3691963255405426
2270937600.0,-0.3752864599227905
2271875072.0,-0.37861207127571106
2272812544.0,-0.38185781240463257
2273750016.0,-0.3826466202735901
2274687488.0,-0.38299545645713806
2275624960.0,-0.38123953342437744
2276562432.0,-0.3777897357940674
2277499904.0,-0.37382733821868896
2278437376.0,-0.36927926540374756
2279375104.0,-0.3621574342250824
2280312576.0,-0.3542804718017578
2281250048.0,-0.34541621804237366
2282187520.0,-0.3352670669555664
2283124992.0,-0.3256254196166992
2284062464.0,-0.3158855438232422
2284999936.0,-0.30423805117607117
2285937408.0,-0.29332655668258667
2286874880.0,-0.2833419144153595
2287812608.0,-0.2729323208332062
2288750080.0,-0.2879728078842163
2289687552.0,-0.29017049074172974
2290625024.0,-0.2923770844936371
2291562496.0,-0.2959417402744293
2292499968.0,-0.2986293137073517
2293437440.0,-0.30203768610954285
2294374912.0,-0.307053804397583
2295312384.0,-0.3124545216560364
2296250112.0,-0.31750795245170593
2297187584.0,-0.3248036801815033
2298125056.0,-0.33339211344718933
2299062528.0,-0.34331753849983215
2300000000.0,-0.3544655442237854
2300937472.0,-0.36795133352279663
2301874944.0,-0.38398998975753784
2302812416.0,-0.40140780806541443
2303749888.0,-0.4208495020866394
2304687616.0,-0.44338810443878174
2305625088.0,-0.46704185009002686
2306562560.0,-0.49343153834342957
2307500032.0,-0.5231760144233704
2308437504.0,-0.5551960468292236
2309374976.0,-0.5868290066719055
2310312448.0,-0.6110988259315491
2311249920.0,-0.6382507681846619
2312187392.0,-0.6650704741477966
2313125120.0,-0.6950007081031799
2314062592.0,-0.7255739569664001
2315000064.0,-0.7572126388549805
2315937536.0,-0.7897295951843262
2316875008.0,-0.8240553736686707
2317812480.0,-0.8565463423728943
2318749952.0,-0.8905382752418518
2319687424.0,-0.923315167427063
2320624896.0,-0.9552847146987915
2321562624.0,-0.9866084456443787
2322500096.0,-1.0160855054855347
2323437568.0,-1.0440641641616821
2324375040.0,-1.0701128244400024
2325312512.0,-1.0940302610397339
2326249984.0,-1.1161153316497803
2327187456.0,-1.1370102167129517
2328124928.0,-1.154327630996704
2329062400.0,-1.1687555313110352
2329999872.0,-1.1819993257522583
2330937600.0,-1.1924693584442139
2331875072.0,-1.2004952430725098
2332812544.0,-1.2049534320831299
2333750016.0,-1.2077600955963135
2334687488.0,-1.2067111730575562
2335624960.0,-1.2039506435394287
2336562432.0,-1.1999849081039429
2337499904.0,-1.1932706832885742
2338437376.0,-1.184471845626831
2339375104.0,-1.174316644668579
2340312576.0,-1.1610276699066162
2341250048.0,-1.148108959197998
2342187520.0,-1.1329752206802368
2343124992.0,-1.1171259880065918
2344062464.0,-1.1006417274475098
2344999936.0,-1.0834838151931763
2345937408.0,-1.0669701099395752
2346874880.0,-1.049429178237915
2347812608.0,-1.0334537029266357
2348750080.0,-1.0037431716918945
2349687552.0,-0.9918044209480286
2350625024.0,-0.9815410375595093
2351562496.0,-0.9708226919174194
2352499968.0,-0.9609571099281311
2353437440.0,-0.9516623020172119
2354374912.0,-0.9439525604248047
2355312384.0,-0.936654269695282
2356250112.0,-0.9317807555198669
2357187584.0,-0.927721381187439
2358125056.0,-0.9245666861534119
2359062528.0,-0.9233759641647339
2360000000.0,-0.9225943684577942
2360937472.0,-0.9238736629486084
2361874944.0,-0.926822304725647
2362812416.0,-0.9321585297584534
2363749888.0,-0.9386864304542542
2364687616.0,-0.9458644986152649
2365625088.0,-0.9556019306182861
2366562560.0,-0.9654597640037537
2367500032.0,-0.9771748185157776
2368437504.0,-0.9899029731750488
2369374976.0,-1.0018402338027954
2370312448.0,-1.0143444538116455
2371249920.0,-1.026682734489441
2372187392.0,-1.0381845235824585
2373125120.0,-1.0483689308166504
2374062592.0,-1.0568456649780273
2375000064.0,-1.0618760585784912
2375937536.0,-1.0660265684127808
2376875008.0,-1.0659340620040894
2377812480.0,-1.0626347064971924
2378749952.0,-1.057780385017395
2379687424.0,-1.0483500957489014
2380624896.0,-1.0347731113433838
2381562624.0,-1.0180567502975464
2382500096.0,-0.9988800287246704
2383437568.0,-0.9771791696548462
2384375040.0,-0.9513730406761169
2385312512.0,-0.9229402542114258
2386249984.0,-0.8932847380638123
2387187456.0,-0.8612285852432251
2388124928.0,-0.8277133107185364
2389062400.0,-0.793930172920227
2390000128.0,-0.7592965960502625
2390937600.0,-0.723998486995697
2391875072.0,-0.6896769404411316
2392812544.0,-0.6549000144004822
2393750016.0,-0.6213188767433167
2394687488.0,-0.587632417678833
2395624960.0,-0.5551852583885193
2396562432.0,-0.5243222117424011
2397499904.0,-0.4942872226238251
2398437376.0,-0.4640372395515442
2399375104.0,-0.4353456199169159
2400312576.0,-0.4074576199054718
2401250048.0,-0.3811261057853699
2402187520.0,-0.35432741045951843
2403124992.0,-0.3292996287345886
2404062464.0,-0.30479153990745544
2404999936.0,-0.28031426668167114
2405937408.0,-0.25658538937568665
2406874880.0,-0.23414145410060883
2407812608.0,-0.2118901014328003
2408750080.0,-0.13838531076908112
2409687552.0,-0.11655405163764954
2410625024.0,-0.09649093449115753
2411562496.0,-0.07741384208202362
2412499968.0,-0.06047740578651428
2413437440.0,-0.04467036947607994
2414374912.0,-0.03196876868605614
2415312384.0,-0.022580519318580627
2416250112.0,-0.014597495086491108
2417187584.0,-0.010344023816287518
2418125056.0,-0.009369614534080029
2419062528.0,-0.011963428929448128
2420000000.0,-0.01663665845990181
2420937472.0,-0.02604074962437153
2421874944.0,-0.03760765120387077
2422812416.0,-0.052584726363420486
2423749888.0,-0.0707457885146141
2424687616.0,-0.09147012233734131
2425625088.0,-0.11501233279705048
2426562560.0,-0.14008355140686035
2427500032.0,-0.1681366115808487
2428437504.0,-0.19635340571403503
2429374976.0,-0.22613674402236938
2430312448.0,-0.25600141286849976
2431249920.0,-0.2848484218120575
2432187392.0,-0.31430521607398987
2433125120.0,-0.341547429561615
2434062592.0,-0.3677331507205963
2435000064.0,-0.3926069438457489
2435937536.0,-0.41490885615348816
2436875008.0,-0.4338771104812622
2437812480.0,-0.450397789478302
2438749952.0,-0.46394726634025574
2439687424.0,-0.4730978310108185
2440624896.0,-0.4783983528614044
2441562624.0,-0.4801933765411377
2442500096.0,-0.47845256328582764
2443437568.0,-0.47344672679901123
2444375040.0,-0.46518662571907043
2445312512.0,-0.4532259702682495
2446249984.0,-0.437048077583313
2447187456.0,-0.41927826404571533
2448124928.0,-0.39750760793685913
2449062400.0,-0.3732174336910248
2449999872.0,-0.3476201891899109
2450937600.0,-0.3181314766407013
2451875072.0,-0.2890689969062805
2452812544.0,-0.25744324922561646
2453750016.0,-0.2252589762210846
2454687488.0,-0.19185326993465424
2455624960.0,-0.1580304205417633
2456562432.0,-0.12495659291744232
2457499904.0,-0.09148484468460083
2458437376.0,-0.05869071185588837
2459375104.0,-0.02636789157986641
2460312576.0,0.005269438028335571
2461250048.0,0.03493070974946022
2462187520.0,0.06455405801534653
2463124992.0,0.09313523024320602
2464062464.0,0.11959127336740494
2464999936.0,0.1450144499540329
2465937408.0,0.16930325329303741
2466874880.0,0.19230416417121887
2467812608.0,0.21271999180316925
2468750080.0,0.12279458343982697
2469687552.0,0.13741232454776764
2470625024.0,0.15398913621902466
2471562496.0,0.16565321385860443
2472499968.0,0.1769343912601471
2473437440.0,0.18702532351016998
2474374912.0,0.19445309042930603
2475312384.0,0.19920332729816437
2476250112.0,0.20298095047473907
2477187584.0,0.20493187010288239
2478125056.0,0.2048090547323227
2479062528.0,0.20359840989112854
2480000000.0,0.1982666552066803
2480937472.0,0.19223615527153015
2481874944.0,0.1838144212961197
2482812416.0,0.17314669489860535
2483749888.0,0.16206735372543335
2484687616.0,0.14943891763687134
2485625088.0,0.13344503939151764
2486562560.0,0.11831364780664444
2487500032.0,0.10034599155187607
2488437504.0,0.08154979348182678
2489374976.0,0.06230490654706955
2490312448.0,0.041707172989845276
2491249920.0,0.021289151161909103
2492187392.0,-5.182769746170379e-05
2493125120.0,-0.020441509783267975
2494062592.0,-0.04174923524260521
2495000064.0,-0.062406014651060104
2495937536.0,-0.08099588751792908
2496875008.0,-0.10001862794160843
2497812480.0,-0.11745505034923553
2498749952.0,-0.13438592851161957
2499687424.0,-0.15032203495502472
2500624896.0,-0.16378985345363617
2501562624.0,-0.17532172799110413
2502500096.0,-0.18381106853485107
2503437568.0,-0.192469984292984
2504375040.0,-0.1987452358007431
2505312512.0,-0.20324552059173584
2506249984.0,-0.2044420838356018
2507187456.0,-0.20467519760131836
2508124928.0,-0.20245976746082306
2509062400.0,-0.19864904880523682
2510000128.0,-0.19258920848369598
2510937600.0,-0.18467824161052704
2511875072.0,-0.17508673667907715
2512812544.0,-0.1646002233028412
2513750016.0,-0.15125805139541626
2514687488.0,-0.13691271841526031
2515624960.0,-0.12225466221570969
2516562432.0,-0.10500840842723846
2517499904.0,-0.08714692294597626
2518437376.0,-0.06933192908763885
2519375104.0,-0.050544217228889465
2520312576.0,-0.031562499701976776
2521250048.0,-0.011757914908230305
2522187520.0,0.008008508011698723
2523124992.0,0.026915544643998146
2524062464.0,0.04537210613489151
2524999936.0,0.06384848803281784
2525937408.0,0.08017347753047943
2526874880.0,0.09719529747962952
2527812608.0,0.11220946162939072
2528750080.0,0.16614504158496857
2529687552.0,0.1710757464170456
2530625024.0,0.1756383776664734
2531562496.0,0.18031519651412964
2532499968.0,0.18321789801120758
2533437440.0,0.1847383975982666
2534374912.0,0.18622586131095886
2535312384.0,0.18699942529201508
2536250112.0,0.18523657321929932
2537187584.0,0.18383559584617615
2538125056.0,0.18078918755054474
2539062528.0,0.17684751749038696
2540000000.0,0.1721060574054718
2540937472.0,0.16664724051952362
2541874944.0,0.15976482629776
2542812416.0,0.15130063891410828
2543749888.0,0.14205273985862732
2544687616.0,0.1317053884267807
2545625088.0,0.12121621519327164
2546562560.0,0.10839251428842545
2547500032.0,0.09639710187911987
2548437504.0,0.08253443986177444
2549374976.0,0.06794073432683945
2550312448.0,0.05170435085892677
2551249920.0,0.03661166876554489
2552187392.0,0.020628053694963455
2553125120.0,0.0040921918116509914
2554062592.0,-0.012779004871845245
2555000064.0,-0.02833578549325466
2555937536.0,-0.043591246008872986
2556875008.0,-0.058064308017492294
2557812480.0,-0.07229449599981308
2558749952.0,-0.0862409844994545
2559687424.0,-0.09927432984113693
2560624896.0,-0.11127641797065735
2561562624.0,-0.12039852887392044
2562500096.0,-0.12880174815654755
2563437568.0,-0.1354629099369049
2564375040.0,-0.14011439681053162
2565312512.0,-0.14363929629325867
2566249984.0,-0.1452503502368927
2567187456.0,-0.14433002471923828
2568124928.0,-0.1413159817457199
2569062400.0,-0.1364932507276535
2569999872.0,-0.1293741911649704
2570937600.0,-0.12117770314216614
2571875072.0,-0.11092830449342728
2572812544.0,-0.0986509770154953
2573750016.0,-0.08501657098531723
2574687488.0,-0.07031451910734177
2575624960.0,-0.053420014679431915
2576562432.0,-0.03553056716918945
2577499904.0,-0.017020029947161674
2578437376.0,0.002699256641790271
2579375104.0,0.021611420437693596
2580312576.0,0.04248626157641411
2581250048.0,0.06201888620853424
2582187520.0,0.08213802427053452
2583124992.0,0.10180840641260147
2584062464.0,0.12102646380662918
2584999936.0,0.13929174840450287
2585937408.0,0.15595294535160065
2586874880.0,0.1705150604248047
2587812608.0,0.18322959542274475
2588750080.0,0.20752227306365967
2589687552.0,0.21531511843204498
2590625024.0,0.2205129712820053
2591562496.0,0.22308897972106934
2592499968.0,0.22396306693553925
2593437440.0,0.22252792119979858
2594374912.0,0.2188730537891388
2595312384.0,0.21237391233444214
2596250112.0,0.2036655992269516
2597187584.0,0.19427993893623352
2598125056.0,0.18228000402450562
2599062528.0,0.16938136518001556
2600000000.0,0.15483982861042023
2600937472.0,0.13986736536026
2601874944.0,0.12366316467523575
2602812416.0,0.10709995031356812
2603749888.0,0.09007398784160614
2604687616.0,0.07316183298826218
2605625088.0,0.055347468703985214
2606562560.0,0.03845696151256561
2607500032.0,0.02261395938694477
2608437504.0,0.007022065110504627
2609374976.0,-0.008869349025189877
2610312448.0,-0.02119828574359417
2611249920.0,-0.03478648513555527
2612187392.0,-0.0468582957983017
2613125120.0,-0.05730963125824928
2614062592.0,-0.0665244609117508
2615000064.0,-0.07514271885156631
2615937536.0,-0.08312025666236877
2616875008.0,-0.08813673257827759
2617812480.0,-0.09430012851953506
2618749952.0,-0.09725857526063919
2619687424.0,-0.10067058354616165
2620624896.0,-0.10230652987957001
2621562624.0,-0.10276153683662415
2622500096.0,-0.10248091071844101
2623437568.0,-0.10125961154699326
2624375040.0,-0.10002743452787399
2625312512.0,-0.09727243334054947
2626249984.0,-0.0945756658911705
2627187456.0,-0.09001155197620392
2628124928.0,-0.08486304432153702
2629062400.0,-0.07941490411758423
2630000128.0,-0.07435224950313568
2630937600.0,-0.06740695983171463
2631875072.0,-0.0601239874958992
2632812544.0,-0.052964966744184494
2633750016.0,-0.04384741932153702
2634687488.0,-0.03524760156869888
2635624960.0,-0.025089096277952194
2636562432.0,-0.014999021776020527
2637499904.0,-0.003801028709858656
2638437376.0,0.00824179220944643
2639375104.0,0.020568296313285828
2640312576.0,0.033951688557863235
2641250048.0,0.047682423144578934
2642187520.0,0.06319807469844818
2643124992.0,0.0783843919634819
2644062464.0,0.09506295621395111
2644999936.0,0.11226240545511246
2645937408.0,0.12804265320301056
2646874880.0,0.14541010558605194
2647812608.0,0.22016671299934387
2648750080.0,0.23079916834831238
2649687552.0,0.24088455736637115
2650625024.0,0.24805812537670135
2651562496.0,0.2521783411502838
2652499968.0,0.2542099952697754
2653437440.0,0.25446817278862
2654374912.0,0.25107651948928833
2655312384.0,0.24579893052577972
2656250112.0,0.23710544407367706
2657187584.0,0.20006142556667328
2658125056.0,0.18174847960472107
2659062528.0,0.1612199991941452
2660000000.0,0.1391017884016037
2660937472.0,0.11447054147720337
2661874944.0,0.08709993958473206
2662812416.0,0.059921227395534515
2663749888.0,0.031836897134780884
2664687616.0,0.0019180449889972806
2665625088.0,-0.028600187972187996
2666562560.0,-0.05800279229879379
2667500032.0,-0.08586081117391586
2668437504.0,-0.11379513889551163
2669374976.0,-0.13831885159015656
2670312448.0,-0.16246895492076874
2671249920.0,-0.18488635122776031
2672187392.0,-0.20392991602420807
2673125120.0,-0.2210177779197693
2674062592.0,-0.23515863716602325
2675000064.0,-0.24533744156360626
2675937536.0,-0.25277554988861084
2676875008.0,-0.2576528787612915
2677812480.0,-0.2588154375553131
2678749952.0,-0.2585291564464569
2679687424.0,-0.25381165742874146
2680624896.0,-0.24793069064617157
2681562624.0,-0.23893091082572937
2682500096.0,-0.22770409286022186
2683437568.0,-0.2143755704164505
2684375040.0,-0.19988128542900085
2685312512.0,-0.18300963938236237
2686249984.0,-0.16499657928943634
2687187456.0,-0.14598533511161804
2688124928.0,-0.12681497633457184
2689062400.0,-0.10573308169841766
2689999872.0,-0.08627510070800781
2690937600.0,-0.06556437909603119
2691875072.0,-0.04578609764575958
2692812544.0,-0.025333190336823463
2693750016.0,-0.006131171248853207
2694687488.0,0.013302458450198174
2695624960.0,0.03256992623209953
2696562432.0,0.05109671875834465
2697499904.0,0.06939300894737244
2698437376.0,0.08726294338703156
2699375104.0,0.10392861813306808
2700312576.0,0.12090131640434265
2701250048.0,0.13722312450408936
2702187520.0,0.15328171849250793
2703124992.0,0.16868051886558533
2704062464.0,0.18326890468597412
2704999936.0,0.19865556061267853
2705937408.0,0.21215426921844482
2706874880.0,0.2258165329694748
2707812608.0,0.1965528428554535
2708750080.0,0.2034503072500229
2709687552.0,0.20811094343662262
2710625024.0,0.2112889587879181
2711562496.0,0.2134712040424347
2712499968.0,0.21465320885181427
2713437440.0,0.21425622701644897
2714374912.0,0.2133847326040268
2715312384.0,0.20900706946849823
2716250112.0,0.20481730997562408
2717187584.0,0.19879448413848877
2718125056.0,0.19142991304397583
2719062528.0,0.1818142980337143
2720000000.0,0.17093022167682648
2720937472.0,0.1597803831100464
2721874944.0,0.1463858038187027
2722812416.0,0.1321045458316803
2723749888.0,0.11727452278137207
2724687616.0,0.10047734528779984
2725625088.0,0.08366807550191879
2726562560.0,0.06579224765300751
2727500032.0,0.047515012323856354
2728437504.0,0.028550902381539345
2729374976.0,0.0095726503059268
2730312448.0,-0.009338484145700932
2731249920.0,-0.027648616582155228
2732187392.0,-0.04673917591571808
2733125120.0,-0.06519680470228195
2734062592.0,-0.08250090479850769
2735000064.0,-0.09920424222946167
2735937536.0,-0.115474633872509
2736875008.0,-0.12986360490322113
2737812480.0,-0.1436425894498825
2738749952.0,-0.15579622983932495
2739687424.0,-0.16629892587661743
2740624896.0,-0.17472051084041595
2741562624.0,-0.18272487819194794
2742500096.0,-0.18839015066623688
2743437568.0,-0.19221562147140503
2744375040.0,-0.19446656107902527
2745312512.0,-0.19454021751880646
2746249984.0,-0.1930958777666092
2747187456.0,-0.1892351657152176
2748124928.0,-0.18467232584953308
2749062400.0,-0.17736805975437164
2750000128.0,-0.16860689222812653
2750937600.0,-0.15892070531845093
2751875072.0,-0.14636051654815674
2752812544.0,-0.13256847858428955
2753750016.0,-0.1179136112332344
2754687488.0,-0.10283666849136353
2755624960.0,-0.08496206253767014
2756562432.0,-0.06701789051294327
2757499904.0,-0.04945417493581772
2758437376.0,-0.03051985427737236
2759375104.0,-0.011677789501845837
2760312576.0,0.007417062297463417
2761250048.0,0.026488257572054863
2762187520.0,0.045406319200992584
2763124992.0,0.0634910985827446
2764062464.0,0.08107905089855194
2764999936.0,0.09789826720952988
2765937408.0,0.11389253288507462
2766874880.0,0.12835930287837982
2767812608.0,0.1838928610086441
2768750080.0,0.18335765600204468
2769687552.0,0.18194866180419922
2770625024.0,0.17832326889038086
2771562496.0,0.17499032616615295
2772499968.0,0.1699543595314026
2773437440.0,0.1646445095539093
2774374912.0,0.15896618366241455
2775312384.0,0.15165479481220245
2776250112.0,0.14351500570774078
2777187584.0,0.13413730263710022
2778125056.0,0.12534308433532715
2779062528.0,0.11505404859781265
2780000000.0,0.10452592372894287
2780937472.0,0.09341301023960114
2781874944.0,0.08208055049180984
2782812416.0,0.06995382905006409
2783749888.0,0.05761134997010231
2784687616.0,0.04606887325644493
2785625088.0,0.03337383270263672
2786562560.0,0.020134026184678078
2787500032.0,0.007090125698596239
2788437504.0,-0.0066976421512663364
2789374976.0,-0.01860903389751911
2790312448.0,-0.03120233677327633
2791249920.0,-0.04305797070264816
2792187392.0,-0.05531705170869827
2793125120.0,-0.06608306616544724
2794062592.0,-0.07673658430576324
2795000064.0,-0.08668576180934906
2795937536.0,-0.09452824294567108
2796875008.0,-0.10164225846529007
2797812480.0,-0.10685911029577255
2798749952.0,-0.11230733245611191
2799687424.0,-0.11663656681776047
2800624896.0,-0.1190016120672226
2801562624.0,-0.11966490000486374
2802500096.0,-0.1187155693769455
2803437568.0,-0.1163940578699112
2804375040.0,-0.11291557550430298
2805312512.0,-0.10668454319238663
2806249984.0,-0.10069909691810608
2807187456.0,-0.09211456030607224
2808124928.0,-0.08216378092765808
2809062400.0,-0.07134272903203964
2809999872.0,-0.05896244943141937
2810937600.0,-0.04540938511490822
2811875072.0,-0.03159446269273758
2812812544.0,-0.015137872658669949
2813750016.0,0.0008370480500161648
2814687488.0,0.01681867614388466
2815624960.0,0.0341651551425457
2816562432.0,0.051583584398031235
2817499904.0,0.06858757138252258
2818437376.0,0.08561566472053528
2819375104.0,0.10266466438770294
2820312576.0,0.11812681704759598
2821250048.0,0.1340399831533432
2822187520.0,0.14908944070339203
2823124992.0,0.1612941026687622
2824062464.0,0.17307701706886292
2824999936.0,0.18309006094932556
2825937408.0,0.1912921518087387
2826874880.0,0.19737567007541656
2827812608.0,0.21078959107398987
2828750080.0,0.21289433538913727
2829687552.0,0.21227383613586426
2830625024.0,0.20848335325717926
2831562496.0,0.2023022174835205
2832499968.0,0.19458606839179993
2833437440.0,0.1829204261302948
2834374912.0,0.1711921989917755
2835312384.0,0.15683351457118988
2836250112.0,0.1398889273405075
2837187584.0,0.12343809753656387
2838125056.0,0.10513237863779068
2839062528.0,0.08580048382282257
2840000000.0,0.06651157885789871
2840937472.0,0.04649800434708595
2841874944.0,0.02668152004480362
2842812416.0,0.006899029482156038
2843749888.0,-0.011300235986709595
2844687616.0,-0.029423361644148827
2845625088.0,-0.04700180143117905
2846562560.0,-0.061102818697690964
2847500032.0,-0.07502031326293945
2848437504.0,-0.0893869549036026
2849374976.0,-0.0997542217373848
2850312448.0,-0.10825228691101074
2851249920.0,-0.1154361218214035
2852187392.0,-0.12179142236709595
2853125120.0,-0.1253984421491623
2854062592.0,-0.12728577852249146
2855000064.0,-0.1274968683719635
2855937536.0,-0.12474755197763443
2856875008.0,-0.12319985032081604
2857812480.0,-0.11738094687461853
2858749952.0,-0.1119823008775711
2859687424.0,-0.10499805957078934
2860624896.0,-0.09638425707817078
2861562624.0,-0.08637785911560059
2862500096.0,-0.07732180505990982
2863437568.0,-0.06636139005422592
2864375040.0,-0.055132534354925156
2865312512.0,-0.04216394200921059
2866249984.0,-0.029472017660737038
2867187456.0,-0.01747426949441433
2868124928.0,-0.005430509801954031
2869062400.0,0.006629071198403835
2870000128.0,0.020841268822550774
2870937600.0,0.03406806290149689
2871875072.0,0.04581723362207413
2872812544.0,0.05850471183657646
2873750016.0,0.07175503671169281
2874687488.0,0.08335310220718384
2875624960.0,0.0958976298570633
2876562432.0,0.10659736394882202
2877499904.0,0.117498978972435
2878437376.0,0.12853574752807617
2879375104.0,0.13880568742752075
2880312576.0,0.14818324148654938
2881250048.0,0.15666744112968445
2882187520.0,0.16510730981826782
2883124992.0,0.1723305583000183
2884062464.0,0.17856445908546448
2884999936.0,0.1843455582857132
2885937408.0,0.1886807382106781
2886874880.0,0.1914476901292801
2887812608.0,0.19415105879306793
2888750080.0,0.1946711540222168
2889687552.0,0.19494879245758057
2890625024.0,0.193296879529953
2891562496.0,0.18974484503269196
2892499968.0,0.18517015874385834
2893437440.0,0.17886090278625488
2894374912.0,0.16988112032413483
2895312384.0,0.1608598679304123
2896250112.0,0.14958466589450836
2897187584.0,0.1363004595041275
2898125056.0,0.12240895628929138
2899062528.0,0.10621829330921173
2900000000.0,0.08905299007892609
2900937472.0,0.07135869562625885
2901874944.0,0.05288425832986832
2902812416.0,0.03365685045719147
2903749888.0,0.014357538893818855
2904687616.0,-0.004057537764310837
2905625088.0,-0.023413335904479027
2906562560.0,-0.041501715779304504
2907500032.0,-0.059812020510435104
2908437504.0,-0.07683786004781723
2909374976.0,-0.09214044362306595
2910312448.0,-0.1066620722413063
2911249920.0,-0.11948743462562561
2912187392.0,-0.13097180426120758
2913125120.0,-0.13986138999462128
2914062592.0,-0.14739051461219788
2915000064.0,-0.15412253141403198
2915937536.0,-0.15805737674236298
2916875008.0,-0.15800349414348602
2917812480.0,-0.15898188948631287
2918749952.0,-0.1551472693681717
2919687424.0,-0.15089356899261475
2920624896.0,-0.14380067586898804
2921562624.0,-0.13514313101768494
2922500096.0,-0.12433329224586487
2923437568.0,-0.11265560239553452
2924375040.0,-0.09777612239122391
2925312512.0,-0.08294133096933365
2926249984.0,-0.06683571636676788
2927187456.0,-0.049594685435295105
2928124928.0,-0.032698117196559906
2929062400.0,-0.015396025031805038
2929999872.0,0.0028617349453270435
2930937600.0,0.020301910117268562
2931875072.0,0.038395874202251434
2932812544.0,0.055983979254961014
2933750016.0,0.07243521511554718
2934687488.0,0.08713733404874802
2935624960.0,0.1011626198887825
2936562432.0,0.11535340547561646
2937499904.0,0.12738122045993805
2938437376.0,0.1376127004623413
2939375104.0,0.14632238447666168
2940312576.0,0.1542583853006363
2941250048.0,0.1602633148431778
2942187520.0,0.16447454690933228
2943124992.0,0.16819339990615845
2944062464.0,0.16948045790195465
2944999936.0,0.17019924521446228
2945937408.0,0.1695469468832016
2946874880.0,0.16854150593280792
2947812608.0,0.16247312724590302
2948750080.0,0.16088442504405975
2949687552.0,0.15813152492046356
2950625024.0,0.1544819325208664
2951562496.0,0.14999514818191528
2952499968.0,0.1449321210384369
2953437440.0,0.13895004987716675
2954374912.0,0.1312023550271988
2955312384.0,0.12278205156326294
2956250112.0,0.11447598785161972
2957187584.0,0.10558796674013138
2958125056.0,0.096561960875988
2959062528.0,0.08578284084796906
2960000000.0,0.07555371522903442
2960937472.0,0.06546936929225922
2961874944.0,0.05487573519349098
2962812416.0,0.04368019476532936
2963749888.0,0.031123988330364227
2964687616.0,0.01925361528992653
2965625088.0,0.00711949123069644
2966562560.0,-0.0036209477111697197
2967500032.0,-0.014863152988255024
2968437504.0,-0.0254561398178339
2969374976.0,-0.03664028272032738
2970312448.0,-0.046497467905282974
2971249920.0,-0.055991556495428085
2972187392.0,-0.06469785422086716
2973125120.0,-0.07373113185167313
2974062592.0,-0.08089566975831985
2975000064.0,-0.0884573757648468
2975937536.0,-0.09281332045793533
2976875008.0,-0.09784220159053802
2977812480.0,-0.10241204500198364
2978749952.0,-0.10493060946464539
2979687424.0,-0.10716526210308075
2980624896.0,-0.10742825269699097
2981562624.0,-0.10707119852304459
2982500096.0,-0.10494598001241684
2983437568.0,-0.10224645584821701
2984375040.0,-0.09913521260023117
2985312512.0,-0.0947040542960167
2986249984.0,-0.08876374363899231
2987187456.0,-0.08244585245847702
2988124928.0,-0.07512148469686508
2989062400.0,-0.06787441670894623
2990000128.0,-0.05950399115681648
2990937600.0,-0.05076861009001732
2991875072.0,-0.04179958999156952
2992812544.0,-0.03261956572532654
2993750016.0,-0.024370402097702026
2994687488.0,-0.016471387818455696
2995624960.0,-0.006945692002773285
2996562432.0,0.0006105615175329149
2997499904.0,0.008799707517027855
2998437376.0,0.01597451977431774
2999375104.0,0.021746868267655373
3000312576.0,0.024338826537132263
3001250048.0,0.029120419174432755
3002187520.0,0.03313085809350014
3003124992.0,0.035197991877794266
3004062464.0,0.03627833351492882
3004999936.0,0.03768812119960785
3005937408.0,0.03682001680135727
3006874880.0,0.036025937646627426
3007812608.0,0.03125974163413048
3008750080.0,0.027155853807926178
3009687552.0,0.02332240529358387
3010625024.0,0.018485546112060547
3011562496.0,0.013251536525785923
3012499968.0,0.008915271610021591
3013437440.0,0.004351488780230284
3014374912.0,0.00015698497008997947
3015312384.0,-0.005215353332459927
3016250112.0,-0.010946402326226234
3017187584.0,-0.015208365395665169
3018125056.0,-0.020144524052739143
3019062528.0,-0.025340229272842407
3020000000.0,-0.03034691885113716
3020937472.0,-0.03629356995224953
3021874944.0,-0.04124222695827484
3022812416.0,-0.04704781994223595
3023749888.0,-0.05143455043435097
3024687616.0,-0.05527964234352112
3025625088.0,-0.061094462871551514
3026562560.0,-0.06501396745443344
3027500032.0,-0.06878238916397095
3028437504.0,-0.07386233657598495
3029374976.0,-0.07794663310050964
3030312448.0,-0.08108460903167725
3031249920.0,-0.08431464433670044
3032187392.0,-0.08834858983755112
3033125120.0,-0.09160816669464111
3034062592.0,-0.09442121535539627
3035000064.0,-0.09681165218353271
3035937536.0,-0.09866432845592499
3036875008.0,-0.10004357993602753
3037812480.0,-0.10274077206850052
3038749952.0,-0.10360818356275558
3039687424.0,-0.10444390773773193
3040624896.0,-0.1040477529168129
3041562624.0,-0.10285274684429169
3042500096.0,-0.10215722024440765
3043437568.0,-0.10067254304885864
3044375040.0,-0.09858274459838867
3045312512.0,-0.09576480090618134
3046249984.0,-0.09257620573043823
3047187456.0,-0.08905389904975891
3048124928.0,-0.08481130748987198
3049062400.0,-0.08046668767929077
3049999872.0,-0.07638715952634811
3050937600.0,-0.07184716314077377
3051875072.0,-0.06642577797174454
3052812544.0,-0.0616929791867733
3053750016.0,-0.055532313883304596
3054687488.0,-0.049471303820610046
3055624960.0,-0.044317856431007385
3056562432.0,-0.03907008469104767
3057499904.0,-0.03356624394655228
3058437376.0,-0.027177046984434128
3059375104.0,-0.02283458225429058
3060312576.0,-0.017711563035845757
3061250048.0,-0.013712146319448948
3062187520.0,-0.009891574271023273
3063124992.0,-0.006837231107056141
3064062464.0,-0.004080671817064285
3064999936.0,-0.0021640199702233076
3065937408.0,-0.0014558247057721019
3066874880.0,-0.0008908010786399245
3067812608.0,0.012463747523725033
3068750080.0,0.005724921356886625
3069687552.0,-0.0004301108419895172
3070625024.0,-0.008098007179796696
3071562496.0,-0.015745630487799644
3072499968.0,-0.025678381323814392
3073437440.0,-0.03389782831072807
3074374912.0,-0.0429132916033268
3075312384.0,-0.05209992825984955
3076250112.0,-0.06204326078295708
3077187584.0,-0.07029882073402405
3078125056.0,-0.07940836250782013
3079062528.0,-0.08747158199548721
3080000000.0,-0.09466808289289474
3080937472.0,-0.10187022387981415
3081874944.0,-0.10823807120323181
3082812416.0,-0.11373087018728256
3083749888.0,-0.11609716713428497
3084687616.0,-0.11898446083068848
3085625088.0,-0.1215221956372261
3086562560.0,-0.12169430404901505
3087500032.0,-0.12103486806154251
3088437504.0,-0.1190224289894104
3089374976.0,-0.11617411673069
3090312448.0,-0.113043874502182
3091249920.0,-0.1076517179608345
3092187392.0,-0.10107019543647766
3093125120.0,-0.09501199424266815
3094062592.0,-0.08697293698787689
3095000064.0,-0.0791543573141098
3095937536.0,-0.07021129131317139
3096875008.0,-0.06061838939785957
3097812480.0,-0.051104605197906494
3098749952.0,-0.04117582365870476
3099687424.0,-0.03142149746417999
3100624896.0,-0.02105237916111946
3101562624.0,-0.011230682022869587
3102500096.0,-0.0010490210261195898
3103437568.0,0.009331782348453999
3104375040.0,0.01792510598897934
3105312512.0,0.027175042778253555
3106249984.0,0.03610008582472801
3107187456.0,0.044250331819057465
3108124928.0,0.052516065537929535
3109062400.0,0.05950917303562164
3110000128.0,0.06590225547552109
3110937600.0,0.07257635146379471
3111875072.0,0.077245332300663
3112812544.0,0.08265527337789536
3113750016.0,0.08735480159521103
3114687488.0,0.09084710478782654
3115624960.0,0.09469927102327347
3116562432.0,0.0978572741150856
3117499904.0,0.10129128396511078
3118437376.0,0.10350793600082397
3119375104.0,0.10589464008808136
3120312576.0,0.10758053511381149
3121250048.0,0.10930588841438293
3122187520.0,0.1113942414522171
3123124992.0,0.11280332505702972
3124062464.0,0.11308269947767258
3124999936.0,0.11478713899850845
3125937408.0,0.11488509178161621
3126874880.0,0.11451641470193863
3127812608.0,0.13514956831932068
3128750080.0,0.13186205923557281
3129687552.0,0.12954215705394745
3130625024.0,0.1271769255399704
3131562496.0,0.12552772462368011
3132499968.0,0.12372813373804092
3133437440.0,0.12242473661899567
3134374912.0,0.12092992663383484
3135312384.0,0.11910732835531235
3136250112.0,0.1180199384689331
3137187584.0,0.11681530624628067
3138125056.0,0.1161392480134964
3139062528.0,0.11558659374713898
3140000000.0,0.11467709392309189
3140937472.0,0.11366619914770126
3141874944.0,0.11264102905988693
3142812416.0,0.11235643923282623
3143749888.0,0.11028202623128891
3144687616.0,0.10985705256462097
3145625088.0,0.10941080749034882
3146562560.0,0.10736612230539322
3147500032.0,0.10534923523664474
3148437504.0,0.10267011821269989
3149374976.0,0.10061509162187576
3150312448.0,0.09673549979925156
3151249920.0,0.09241314977407455
3152187392.0,0.08769173175096512
3153125120.0,0.08268485963344574
3154062592.0,0.07587563991546631
3155000064.0,0.06916818022727966
3155937536.0,0.06159871816635132
3156875008.0,0.05291413143277168
3157812480.0,0.04353263974189758
3158749952.0,0.034762904047966
3159687424.0,0.024781163781881332
3160624896.0,0.01349925622344017
3161562624.0,0.0033951939549297094
3162500096.0,-0.008249104022979736
3163437568.0,-0.019186053425073624
3164375040.0,-0.031144848093390465
3165312512.0,-0.041816987097263336
3166249984.0,-0.05461223050951958
3167187456.0,-0.06642577797174454
3168124928.0,-0.0767238661646843
3169062400.0,-0.08711589872837067
3169999872.0,-0.09613113105297089
3170937600.0,-0.1057918444275856
3171875072.0,-0.11424355208873749
3172812544.0,-0.12130209058523178
3173750016.0,-0.12598726153373718
3174687488.0,-0.13130010664463043
3175624960.0,-0.13463780283927917
3176562432.0,-0.13752080500125885
3177499904.0,-0.13798025250434875
3178437376.0,-0.13659334182739258
3179375104.0,-0.13505840301513672
3180312576.0,-0.13051848113536835
3181250048.0,-0.12510578334331512
3182187520.0,-0.1183614507317543
3183124992.0,-0.1099066287279129
3184062464.0,-0.0998174250125885
3184999936.0,-0.08883384615182877
3185937408.0,-0.07627177983522415
3186874880.0,-0.0630914494395256
3187812608.0,0.06250971555709839
3188750080.0,0.06033283844590187
3189687552.0,0.060322877019643784
3190625024.0,0.060356125235557556
3191562496.0,0.061902180314064026
3192499968.0,0.06335559487342834
3193437440.0,0.0660371258854866
3194374912.0,0.06883401423692703
3195312384.0,0.07283767312765121
3196250112.0,0.07668524980545044
3197187584.0,0.08179537951946259
3198125056.0,0.08634322881698608
3199062528.0,0.0904923751950264
3200000000.0,0.09469568729400635
3200937472.0,0.0985816940665245
3201874944.0,0.10230658203363419
3202812416.0,0.10424203425645828
3203749888.0,0.1066674068570137
3204687616.0,0.10724476724863052
3205625088.0,0.107772096991539
3206562560.0,0.10667818039655685
3207500032.0,0.10454683005809784
3208437504.0,0.10086632519960403
3209374976.0,0.09660325199365616
3210312448.0,0.09064293652772903
3211249920.0,0.08359382301568985
3212187392.0,0.07553551346063614
3213125120.0,0.06684871762990952
3214062592.0,0.05629557743668556
3215000064.0,0.045150045305490494
3215937536.0,0.03355732187628746
3216875008.0,0.021061092615127563
3217812480.0,0.00886296946555376
3218749952.0,-0.004380641505122185
3219687424.0,-0.01740383543074131
3220624896.0,-0.028848661109805107
3221562624.0,-0.04200301319360733
3222500096.0,-0.05353565886616707
3223437568.0,-0.06423662602901459
3224375040.0,-0.07440847158432007
3225312512.0,-0.08424658328294754
3226249984.0,-0.09129993617534637
3227187456.0,-0.09879561513662338
3228124928.0,-0.10368416458368301
3229062400.0,-0.10824508965015411
3230000128.0,-0.11118293553590775
3230937600.0,-0.11350563913583755
3231875072.0,-0.11423353850841522
3232812544.0,-0.11372741311788559
3233750016.0,-0.1122160479426384
3234687488.0,-0.10974723100662231
3235624960.0,-0.10526159405708313
3236562432.0,-0.10180331766605377
3237499904.0,-0.09599217772483826
3238437376.0,-0.08999582380056381
3239375104.0,-0.08546096831560135
3240312576.0,-0.07996369153261185
3241250048.0,-0.0743851438164711
3242187520.0,-0.069356270134449
3243124992.0,-0.06554099172353745
3244062464.0,-0.06155870482325554
3244999936.0,-0.05954110994935036
3245937408.0,-0.05800123140215874
3246874880.0,-0.05720798671245575
3247812608.0,-0.04929383844137192
3248750080.0,-0.05397975072264671
3249687552.0,-0.056994758546352386
3250625024.0,-0.06088884174823761
3251562496.0,-0.06451555341482162
3252499968.0,-0.06729094684123993
3253437440.0,-0.06799552589654922
3254374912.0,-0.0696040540933609
3255312384.0,-0.0701146051287651
3256250112.0,-0.06819997727870941
3257187584.0,-0.06673803925514221
3258125056.0,-0.06338654458522797
3259062528.0,-0.05856236070394516
3260000000.0,-0.05281084403395653
3260937472.0,-0.04636141657829285
3261874944.0,-0.03908133506774902
3262812416.0,-0.03175722807645798
3263749888.0,-0.023034239187836647
3264687616.0,-0.014331823214888573
3265625088.0,-0.00656887935474515
3266562560.0,0.0015476804692298174
3267500032.0,0.009302344173192978
3268437504.0,0.014066477306187153
3269374976.0,0.020014718174934387
3270312448.0,0.023800989612936974
3271249920.0,0.027383534237742424
3272187392.0,0.029540516436100006
3273125120.0,0.030318915843963623
3274062592.0,0.029586683958768845
3275000064.0,0.02765602618455887
3275937536.0,0.02447686903178692
3276875008.0,0.022436391562223434
3277812480.0,0.020690269768238068
3278749952.0,0.017201276496052742
3279687424.0,0.014981897547841072
3280624896.0,0.013629376888275146
3281562624.0,0.01185215450823307
3282500096.0,0.011912213638424873
3283437568.0,0.012851091101765633
3284375040.0,0.01306560542434454
3285312512.0,0.01510287169367075
3286249984.0,0.016426637768745422
3287187456.0,0.01837027445435524
3288124928.0,0.018502159044146538
3289062400.0,0.02035762369632721
3289999872.0,0.021516958251595497
3290937600.0,0.020854996517300606
3291875072.0,0.020692793652415276
3292812544.0,0.01787557080388069
3293750016.0,0.013986140489578247
3294687488.0,0.010112734511494637
3295624960.0,0.004442998208105564
3296562432.0,-0.0013880088226869702
3297499904.0,-0.008372142910957336
3298437376.0,-0.01671757735311985
3299375104.0,-0.02561141364276409
3300312576.0,-0.033635213971138
3301250048.0,-0.04373863711953163
3302187520.0,-0.052491504698991776
3303124992.0,-0.06197545304894447
3304062464.0,-0.07110006362199783
3304999936.0,-0.08016408979892731
3305937408.0,-0.08908867835998535
3306874880.0,-0.09661781042814255
3307812608.0,-0.0624379888176918
3308750080.0,-0.06035918369889259
3309687552.0,-0.05829622969031334
3310625024.0,-0.05614138022065163
3311562496.0,-0.05445946007966995
3312499968.0,-0.05266955494880676
3313437440.0,-0.05326542630791664
3314374912.0,-0.052406683564186096
3315312384.0,-0.05258069187402725
3316250112.0,-0.05249982327222824
3317187584.0,-0.053803298622369766
3318125056.0,-0.05692131817340851
3319062528.0,-0.05976898968219757
3320000000.0,-0.06362903118133545
3320937472.0,-0.06769528985023499
3321874944.0,-0.07228393107652664
3322812416.0,-0.07727944105863571
3323749888.0,-0.08293809741735458
3324687616.0,-0.09013491123914719
3325625088.0,-0.09718028455972672
3326562560.0,-0.10285388678312302
3327500032.0,-0.10857202112674713
3328437504.0,-0.11516690254211426
3329374976.0,-0.12102851271629333
3330312448.0,-0.12691548466682434
3331249920.0,-0.13226743042469025
3332187392.0,-0.13774146139621735
3333125120.0,-0.1409512609243393
3334062592.0,-0.14433656632900238
3335000064.0,-0.1456209123134613
3335937536.0,-0.14708229899406433
3336875008.0,-0.14649994671344757
3337812480.0,-0.14552092552185059
3338749952.0,-0.14162342250347137
3339687424.0,-0.1382705271244049
3340624896.0,-0.13482925295829773
3341562624.0,-0.12912654876708984
3342500096.0,-0.12211605161428452
3343437568.0,-0.11527057737112045
3344375040.0,-0.1070273369550705
3345312512.0,-0.09947103261947632
3346249984.0,-0.09017962962388992
3347187456.0,-0.08093149960041046
3348124928.0,-0.07229659706354141
3349062400.0,-0.06176013499498367
3350000128.0,-0.05298835411667824
3350937600.0,-0.043434400111436844
3351875072.0,-0.033793505281209946
3352812544.0,-0.02556190825998783
3353750016.0,-0.017443479970097542
3354687488.0,-0.008724729530513287
3355624960.0,-0.002258396241813898
3356562432.0,0.0034788837656378746
3357499904.0,0.009220280684530735
3358437376.0,0.014140788465738297
3359375104.0,0.019028453156352043
3360312576.0,0.022086137905716896
3361250048.0,0.02480917051434517
3362187520.0,0.02706523798406124
3363124992.0,0.029758961871266365
3364062464.0,0.03142452612519264
3364999936.0,0.033199798315763474
3365937408.0,0.034645307809114456
3366874880.0,0.03731708973646164
3367812608.0,0.044878967106342316
3368750080.0,0.05199481546878815
3369687552.0,0.05918757990002632
3370625024.0,0.06502049416303635
3371562496.0,0.06937030702829361
3372499968.0,0.07423204183578491
3373437440.0,0.0783027708530426
3374374912.0,0.08142425119876862
3375312384.0,0.08198075741529465
3376250112.0,0.08152347058057785
3377187584.0,0.08060945570468903
3378125056.0,0.07818330824375153
3379062528.0,0.07496599853038788
3380000000.0,0.07030866295099258
3380937472.0,0.06466406583786011
3381874944.0,0.05789531394839287
3382812416.0,0.050198305398225784
3383749888.0,0.04239276796579361
3384687616.0,0.03420945629477501
3385625088.0,0.024791521951556206
3386562560.0,0.014797321520745754
3387500032.0,0.003944837022572756
3388437504.0,-0.006197867915034294
3389374976.0,-0.0156708974391222
3390312448.0,-0.02593095414340496
3391249920.0,-0.0354217067360878
3392187392.0,-0.0450458750128746
3393125120.0,-0.05240805447101593
3394062592.0,-0.06040151044726372
3395000064.0,-0.06873196363449097
3395937536.0,-0.07509804517030716
3396875008.0,-0.08105325698852539
3397812480.0,-0.08610887825489044
3398749952.0,-0.09043069183826447
3399687424.0,-0.0936078280210495
3400624896.0,-0.09655028581619263
3401562624.0,-0.0968543067574501
3402500096.0,-0.09831754118204117
3403437568.0,-0.0982162207365036
3404375040.0,-0.09796257317066193
3405312512.0,-0.09579707682132721
3406249984.0,-0.09437613189220428
3407187456.0,-0.0908057764172554
3408124928.0,-0.08835697919130325
3409062400.0,-0.08550655841827393
3409999872.0,-0.08052489161491394
3410937600.0,-0.07684409618377686
3411875072.0,-0.07206740975379944
3412812544.0,-0.06816890090703964
3413750016.0,-0.0639052614569664
3414687488.0,-0.06026756018400192
3415624960.0,-0.05644464120268822
3416562432.0,-0.05229473486542702
3417499904.0,-0.048661235719919205
3418437376.0,-0.044884275645017624
3419375104.0,-0.040785711258649826
3420312576.0,-0.037321943789720535
3421250048.0,-0.03252655640244484
3422187520.0,-0.02995479851961136
3423124992.0,-0.025793934240937233
3424062464.0,-0.022621773183345795
3424999936.0,-0.019200511276721954
3425937408.0,-0.01563289575278759
3426874880.0,-0.012124736793339252
3427812608.0,-0.009162931703031063
3428750080.0,-0.005758335813879967
3429687552.0,-0.003092851024121046
3430625024.0,0.0014386283000931144
3431562496.0,0.003932527266442776
3432499968.0,0.008156734518706799
3433437440.0,0.012675432488322258
3434374912.0,0.018400825560092926
3435312384.0,0.02446182630956173
3436250112.0,0.031101686879992485
3437187584.0,0.03899393603205681
3438125056.0,0.048169080168008804
3439062528.0,0.05786311998963356
3440000000.0,0.06935736536979675
3440937472.0,0.08137045800685883
3441874944.0,0.09464269131422043
3442812416.0,0.10812631994485855
3443749888.0,0.12253106385469437
3444687616.0,0.1356256604194641
3445625088.0,0.14991158246994019
3446562560.0,0.16255782544612885
3447500032.0,0.17531231045722961
3448437504.0,0.18716417253017426
3449374976.0,0.19722333550453186
3450312448.0,0.20580662786960602
3451249920.0,0.21277059614658356
3452187392.0,0.21755832433700562
3453125120.0,0.21946950256824493
3454062592.0,0.21892960369586945
3455000064.0,0.2157079577445984
3455937536.0,0.21039947867393494
3456875008.0,0.2021496295928955
3457812480.0,0.19153892993927002
3458749952.0,0.17978638410568237
3459687424.0,0.1649446189403534
3460624896.0,0.14917893707752228
3461562624.0,0.13184435665607452
3462500096.0,0.11308126151561737
3463437568.0,0.09362241625785828
3464375040.0,0.07292936742305756
3465312512.0,0.05307192727923393
3466249984.0,0.03365204483270645
3467187456.0,0.014623960480093956
3468124928.0,-0.0032042518723756075
3469062400.0,-0.020034875720739365
3470000128.0,-0.03464353457093239
3470937600.0,-0.047465089708566666
3471875072.0,-0.058070097118616104
3472812544.0,-0.06743334978818893
3473750016.0,-0.07454656064510345
3474687488.0,-0.0796375721693039
3475624960.0,-0.0828627422451973
3476562432.0,-0.08385737985372543
3477499904.0,-0.08362152427434921
3478437376.0,-0.08337995409965515
3479375104.0,-0.07939980924129486
3480312576.0,-0.0748995915055275
3481250048.0,-0.07079552859067917
3482187520.0,-0.06606389582157135
3483124992.0,-0.06166105344891548
3484062464.0,-0.05546487867832184
3484999936.0,-0.050747860223054886
3485937408.0,-0.04577577859163284
3486874880.0,-0.04002932831645012
3487812608.0,-0.025707555934786797
3488750080.0,-0.027972741052508354
3489687552.0,-0.033016059547662735
3490625024.0,-0.03781052678823471
3491562496.0,-0.0430656298995018
3492499968.0,-0.04754406213760376
3493437440.0,-0.05296102166175842
3494374912.0,-0.057778969407081604
3495312384.0,-0.06285284459590912
3496250112.0,-0.06768617033958435
3497187584.0,-0.07136353105306625
3498125056.0,-0.07396560162305832
3499062528.0,-0.07695727795362473
3500000000.0,-0.07862979918718338
3500937472.0,-0.07793427258729935
3501874944.0,-0.07634786516427994
3502812416.0,-0.07346051186323166
3503749888.0,-0.07004627585411072
3504687616.0,-0.06523831933736801
3505625088.0,-0.0604095533490181
3506562560.0,-0.05451387166976929
3507500032.0,-0.046818818897008896
3508437504.0,-0.03841778263449669
3509374976.0,-0.03070889785885811
3510312448.0,-0.021367672830820084
3511249920.0,-0.012270190753042698
3512187392.0,-0.0038320724852383137
3513125120.0,0.005331491120159626
3514062592.0,0.014917193911969662
3515000064.0,0.0232374370098114
3515937536.0,0.03138723596930504
3516875008.0,0.038811095058918
3517812480.0,0.044529836624860764
3518749952.0,0.05064299330115318
3519687424.0,0.05495714768767357
3520624896.0,0.05773971229791641
3521562624.0,0.05993093177676201
3522500096.0,0.06051826849579811
3523437568.0,0.05993738770484924
3524375040.0,0.058800067752599716
3525312512.0,0.05636770278215408
3526249984.0,0.05327847972512245
3527187456.0,0.04830745980143547
3528124928.0,0.04393133521080017
3529062400.0,0.03816814348101616
3529999872.0,0.032539043575525284
3530937600.0,0.026609942317008972
3531875072.0,0.019948437809944153
3532812544.0,0.014315329492092133
3533750016.0,0.009046463295817375
3534687488.0,0.004399685654789209
3535624960.0,-0.00034955612500198185
3536562432.0,-0.00445493683218956
3537499904.0,-0.007923795841634274
3538437376.0,-0.00945136696100235
3539375104.0,-0.009816988371312618
3540312576.0,-0.010660630650818348
3541250048.0,-0.010004422627389431
3542187520.0,-0.007226851768791676
3543124992.0,-0.005900661926716566
3544062464.0,-0.0023323639761656523
3544999936.0,0.0014973280485719442
3545937408.0,0.005422879476100206
3546874880.0,0.01148111093789339
3547812608.0,0.013826144859194756
3548750080.0,0.012021137401461601
3549687552.0,0.01073229219764471
3550625024.0,0.008129233494400978
3551562496.0,0.006202576216310263
3552499968.0,0.003314963076263666
3553437440.0,0.0011089724721387029
3554374912.0,-0.0015140686882659793
3555312384.0,-0.004039774648845196
3556250112.0,-0.007360519841313362
3557187584.0,-0.011523284018039703
3558125056.0,-0.014893261715769768
3559062528.0,-0.01864355430006981
3560000000.0,-0.02240249700844288
3560937472.0,-0.025772731751203537
3561874944.0,-0.02970779687166214
3562812416.0,-0.031369663774967194
3563749888.0,-0.03469247743487358
3564687616.0,-0.037308916449546814
3565625088.0,-0.03975871205329895
3566562560.0,-0.0417892150580883
3567500032.0,-0.041947245597839355
3568437504.0,-0.043822742998600006
3569374976.0,-0.04423388093709946
3570312448.0,-0.04493274539709091
3571249920.0,-0.04441727325320244
3572187392.0,-0.044172484427690506
3573125120.0,-0.04252203181385994
3574062592.0,-0.041069164872169495
3575000064.0,-0.03975857049226761
3575937536.0,-0.03841160610318184
3576875008.0,-0.03634025901556015
3577812480.0,-0.03429258614778519
3578749952.0,-0.03250321373343468
3579687424.0,-0.030533280223608017
3580624896.0,-0.02765830233693123
3581562624.0,-0.026047687977552414
3582500096.0,-0.024088939651846886
3583437568.0,-0.022258169949054718
3584375040.0,-0.021393680945038795
3585312512.0,-0.02142246998846531
3586249984.0,-0.0207624863833189
3587187456.0,-0.020823804661631584
3588124928.0,-0.02020341344177723
3589062400.0,-0.020929396152496338
3590000128.0,-0.020455829799175262
3590937600.0,-0.020147932693362236
3591875072.0,-0.021356364712119102
3592812544.0,-0.021422216668725014
3593750016.0,-0.02015574835240841
3594687488.0,-0.01957743428647518
3595624960.0,-0.01869950070977211
3596562432.0,-0.017496852204203606
3597499904.0,-0.01582571119070053
3598437376.0,-0.01374262385070324
3599375104.0,-0.011563923209905624
3600312576.0,-0.0101859699934721
3601250048.0,-0.007146989926695824
3602187520.0,-0.003041513729840517
3603124992.0,9.851906361291185e-05
3604062464.0,0.0053746337071061134
3604999936.0,0.01231817714869976
3605937408.0,0.017690330743789673
3606874880.0,0.024094296619296074
3607812608.0,0.0465373769402504
3608750080.0,0.05476045235991478
3609687552.0,0.06466296315193176
3610625024.0,0.0725872591137886
3611562496.0,0.08095728605985641
3612499968.0,0.08795838057994843
3613437440.0,0.09457989037036896
3614374912.0,0.09967414289712906
3615312384.0,0.10484786331653595
3616250112.0,0.10958059132099152
3617187584.0,0.111086905002594
3618125056.0,0.1123102605342865
3619062528.0,0.11394891142845154
3620000000.0,0.11326733231544495
3620937472.0,0.11137942969799042
3621874944.0,0.10797552764415741
3622812416.0,0.10445626080036163
3623749888.0,0.09901686757802963
3624687616.0,0.09330230951309204
3625625088.0,0.08746296167373657
3626562560.0,0.0814409852027893
3627500032.0,0.07482146471738815
3628437504.0,0.06784707307815552
3629374976.0,0.0595206543803215
3630312448.0,0.05050438269972801
3631249920.0,0.04185456782579422
3632187392.0,0.032109953463077545
3633125120.0,0.022904621437191963
3634062592.0,0.012194191105663776
3635000064.0,0.0018927911296486855
3635937536.0,-0.007747740019112825
3636875008.0,-0.017681486904621124
3637812480.0,-0.027019351720809937
3638749952.0,-0.0363568551838398
3639687424.0,-0.04537524655461311
3640624896.0,-0.054874759167432785
3641562624.0,-0.06285601854324341
3642500096.0,-0.07054723054170609
3643437568.0,-0.0786997377872467
3644375040.0,-0.08542773127555847
3645312512.0,-0.09193986654281616
3646249984.0,-0.09704232215881348
3647187456.0,-0.10135255753993988
3648124928.0,-0.10529034584760666
3649062400.0,-0.10959723591804504
3649999872.0,-0.11294716596603394
3650937600.0,-0.11566153913736343
3651875072.0,-0.11757147312164307
3652812544.0,-0.11914235353469849
3653750016.0,-0.12077684700489044
3654687488.0,-0.12097486108541489
3655624960.0,-0.11959240585565567
3656562432.0,-0.11951377242803574
3657499904.0,-0.11754090338945389
3658437376.0,-0.11475338041782379
3659375104.0,-0.11380519717931747
3660312576.0,-0.11152160167694092
3661250048.0,-0.10886997729539871
3662187520.0,-0.1053512915968895
3663124992.0,-0.1023639664053917
3664062464.0,-0.0981987863779068
3664999936.0,-0.09385900944471359
3665937408.0,-0.08944780379533768
3666874880.0,-0.08569613844156265
3667812608.0,-0.06877867132425308
3668750080.0,-0.06834296137094498
3669687552.0,-0.06732150912284851
3670625024.0,-0.06557758152484894
3671562496.0,-0.06269320100545883
3672499968.0,-0.05912218987941742
3673437440.0,-0.055893976241350174
3674374912.0,-0.05171743407845497
3675312384.0,-0.04611647129058838
3676250112.0,-0.040652189403772354
3677187584.0,-0.03454885631799698
3678125056.0,-0.027920233085751534
3679062528.0,-0.019591255113482475
3680000000.0,-0.01229444146156311
3680937472.0,-0.003514594165608287
3681874944.0,0.005099077709019184
3682812416.0,0.01482260413467884
3683749888.0,0.02291439101099968
3684687616.0,0.03284774348139763
3685625088.0,0.04135020449757576
3686562560.0,0.04939667135477066
3687500032.0,0.05711834132671356
3688437504.0,0.06377193331718445
3689374976.0,0.07179684191942215
3690312448.0,0.07808344811201096
3691249920.0,0.08368299156427383
3692187392.0,0.0873359888792038
3693125120.0,0.09120882302522659
3694062592.0,0.09407271444797516
3695000064.0,0.09447235614061356
3695937536.0,0.0960315614938736
3696875008.0,0.09541510045528412
3697812480.0,0.0945659950375557
3698749952.0,0.09211122989654541
3699687424.0,0.08965184539556503
3700624896.0,0.08536875993013382
3701562624.0,0.08104462176561356
3702500096.0,0.07560751587152481
3703437568.0,0.07036137580871582
3704375040.0,0.062357787042856216
3705312512.0,0.055550310760736465
3706249984.0,0.048350345343351364
3707187456.0,0.039454810321331024
3708124928.0,0.03163361921906471
3709062400.0,0.022771794348955154
3710000128.0,0.012991175055503845
3710937600.0,0.003890780732035637
3711875072.0,-0.003892884124070406
3712812544.0,-0.01164785772562027
3713750016.0,-0.017503678798675537
3714687488.0,-0.02419132925570011
3715624960.0,-0.029308917000889778
3716562432.0,-0.032869622111320496
3717499904.0,-0.036715079098939896
3718437376.0,-0.039873480796813965
3719375104.0,-0.041852716356515884
3720312576.0,-0.04342460259795189
3721250048.0,-0.043486326932907104
3722187520.0,-0.044108010828495026
3723124992.0,-0.043572161346673965
3724062464.0,-0.04301321506500244
3724999936.0,-0.041472017765045166
3725937408.0,-0.0404505729675293
3726874880.0,-0.038218915462493896
3727812608.0,-0.041949450969696045
3728750080.0,-0.041657302528619766
3729687552.0,-0.04104908928275108
3730625024.0,-0.03992001339793205
3731562496.0,-0.03927580639719963
3732499968.0,-0.038159895688295364
3733437440.0,-0.03783982992172241
3734374912.0,-0.03842034190893173
3735312384.0,-0.03918467089533806
3736250112.0,-0.04060013219714165
3737187584.0,-0.041787516325712204
3738125056.0,-0.044593337923288345
3739062528.0,-0.04787255451083183
3740000000.0,-0.05126415938138962
3740937472.0,-0.05495676398277283
3741874944.0,-0.05735839530825615
3742812416.0,-0.06240029260516167
3743749888.0,-0.06757098436355591
3744687616.0,-0.0724886879324913
3745625088.0,-0.07782791554927826
3746562560.0,-0.08408620208501816
3747500032.0,-0.089556984603405
3748437504.0,-0.0945756733417511
3749374976.0,-0.09953813254833221
3750312448.0,-0.10509894043207169
3751249920.0,-0.11033936589956284
3752187392.0,-0.11563938111066818
3753125120.0,-0.12087474018335342
3754062592.0,-0.1248832643032074
3755000064.0,-0.1283256560564041
3755937536.0,-0.13018956780433655
3756875008.0,-0.13154160976409912
3757812480.0,-0.13241007924079895
3758749952.0,-0.13100846111774445
3759687424.0,-0.12809859216213226
3760624896.0,-0.12469450384378433
3761562624.0,-0.11902090907096863
3762500096.0,-0.1129244938492775
3763437568.0,-0.10589967668056488
3764375040.0,-0.09814056009054184
3765312512.0,-0.08820559084415436
3766249984.0,-0.07860872149467468
3767187456.0,-0.06722675263881683
3768124928.0,-0.05594077333807945
3769062400.0,-0.04442117363214493
3769999872.0,-0.032416895031929016
3770937600.0,-0.021644754335284233
3771875072.0,-0.01083411369472742
3772812544.0,-0.0009451587102375925
3773750016.0,0.009017222560942173
3774687488.0,0.017196666449308395
3775624960.0,0.02423197217285633
3776562432.0,0.0311181228607893
3777499904.0,0.03565166890621185
3778437376.0,0.03800743818283081
3779375104.0,0.039572302252054214
3780312576.0,0.03870715945959091
3781250048.0,0.03696773946285248
3782187520.0,0.03265935555100441
3783124992.0,0.02852093242108822
3784062464.0,0.021898694336414337
3784999936.0,0.014594906009733677
3785937408.0,0.006251177750527859
3786874880.0,0.007788006216287613
3787812608.0,0.0005566088948398829
3788750080.0,-0.009607761166989803
3789687552.0,-0.02110014110803604
3790625024.0,-0.03252188861370087
3791562496.0,-0.04524692893028259
3792499968.0,-0.056900955736637115
3793437440.0,-0.06755124777555466
3794374912.0,-0.0794450044631958
3795312384.0,-0.09028780460357666
3796250112.0,-0.10165205597877502
3797187584.0,-0.11175767332315445
3798125056.0,-0.1222175881266594
3799062528.0,-0.13140253722667694
3800000000.0,-0.13876548409461975
3800937472.0,-0.14494158327579498
3801874944.0,-0.15070834755897522
3802812416.0,-0.1553374081850052
3803749888.0,-0.15771397948265076
3804687616.0,-0.16080358624458313
3805625088.0,-0.16038823127746582
3806562560.0,-0.15968245267868042
3807500032.0,-0.15696920454502106
3808437504.0,-0.15312431752681732
3809374976.0,-0.1497478485107422
3810312448.0,-0.14295576512813568
3811249920.0,-0.1363694667816162
3812187392.0,-0.1285964846611023
3813125120.0,-0.11970736086368561
3814062592.0,-0.11059938371181488
3815000064.0,-0.10060036182403564
3815937536.0,-0.09202548116445541
3816875008.0,-0.08081870526075363
3817812480.0,-0.07242503017187119
3818749952.0,-0.06299491971731186
3819687424.0,-0.05326252058148384
3820624896.0,-0.04449903964996338
3821562624.0,-0.03607330471277237
3822500096.0,-0.027044711634516716
3823437568.0,-0.020658524706959724
3824375040.0,-0.014612415805459023
3825312512.0,-0.00942834373563528
3826249984.0,-0.005592124070972204
3827187456.0,-0.002756583271548152
3828124928.0,-0.0010461093625053763
3829062400.0,-0.00041479390347376466
3830000128.0,-0.0013044554507359862
3830937600.0,-0.002314767800271511
3831875072.0,-0.004692689515650272
3832812544.0,-0.007572084199637175
3833750016.0,-0.01059211790561676
3834687488.0,-0.014834163710474968
3835624960.0,-0.019194580614566803
3836562432.0,-0.024279002100229263
3837499904.0,-0.028322480618953705
3838437376.0,-0.03318893164396286
3839375104.0,-0.03744978830218315
3840312576.0,-0.041112061589956284
3841250048.0,-0.0442805215716362
3842187520.0,-0.04761013016104698
3843124992.0,-0.05046289786696434
3844062464.0,-0.052767954766750336
3844999936.0,-0.05551164597272873
3845937408.0,-0.05635421350598335
3846874880.0,-0.04813648387789726
3847812608.0,-0.04467574879527092
3848750080.0,-0.040831614285707474
3849687552.0,-0.03777649626135826
3850625024.0,-0.0348445363342762
3851562496.0,-0.03249369561672211
3852499968.0,-0.029841868206858635
3853437440.0,-0.027480939403176308
3854374912.0,-0.02663104236125946
3855312384.0,-0.025970326736569405
3856250112.0,-0.0256333164870739
3857187584.0,-0.02542738802731037
3858125056.0,-0.026227064430713654
3859062528.0,-0.02666022814810276
3860000000.0,-0.028763310983777046
3860937472.0,-0.030749790370464325
3861874944.0,-0.032342493534088135
3862812416.0,-0.03480256348848343
3863749888.0,-0.037671275436878204
3864687616.0,-0.03998897597193718
3865625088.0,-0.04211616516113281
3866562560.0,-0.04475416615605354
3867500032.0,-0.0480802021920681
3868437504.0,-0.05002918839454651
3869374976.0,-0.05143203213810921
3870312448.0,-0.05319976806640625
3871249920.0,-0.05467279627919197
3872187392.0,-0.05628812685608864
3873125120.0,-0.05694759264588356
3874062592.0,-0.05794362351298332
3875000064.0,-0.05894032120704651
3875937536.0,-0.061331380158662796
3876875008.0,-0.06417142599821091
3877812480.0,-0.06609930843114853
3878749952.0,-0.06801322847604752
3879687424.0,-0.06957107037305832
3880624896.0,-0.06988786160945892
3881562624.0,-0.07081107795238495
3882500096.0,-0.07193390280008316
3883437568.0,-0.0713917464017868
3884375040.0,-0.07091069966554642
3885312512.0,-0.07036920636892319
3886249984.0,-0.07076109945774078
3887187456.0,-0.07026244699954987
3888124928.0,-0.06973166763782501
3889062400.0,-0.07012474536895752
3889999872.0,-0.06932780146598816
3890937600.0,-0.06970275193452835
3891875072.0,-0.07006847858428955
3892812544.0,-0.07253067195415497
3893750016.0,-0.07324950397014618
3894687488.0,-0.07467059791088104
3895624960.0,-0.07656985521316528
3896562432.0,-0.08016039431095123
3897499904.0,-0.082440085709095
3898437376.0,-0.08589890599250793
3899375104.0,-0.0895349308848381
3900312576.0,-0.09440460056066513
3901250048.0,-0.09836218506097794
3902187520.0,-0.10262339562177658
3903124992.0,-0.10741069912910461
3904062464.0,-0.11268908530473709
3904999936.0,-0.11726467311382294
3905937408.0,-0.12121844291687012
3906874880.0,-0.13968749344348907
3907812608.0,-0.1468355506658554
3908750080.0,-0.15286597609519958
3909687552.0,-0.15701086819171906
3910625024.0,-0.15949326753616333
3911562496.0,-0.1601184457540512
3912499968.0,-0.15817327797412872
3913437440.0,-0.1544569432735443
3914374912.0,-0.1476690024137497
3915312384.0,-0.13818223774433136
3916250112.0,-0.1277201920747757
3917187584.0,-0.11499954760074615
3918125056.0,-0.10244934260845184
3919062528.0,-0.08785083889961243
3920000000.0,-0.07219970226287842
3920937472.0,-0.05624173581600189
3921874944.0,-0.03892679512500763
3922812416.0,-0.022234849631786346
3923749888.0,-0.0051115816459059715
3924687616.0,0.0114021897315979
3925625088.0,0.02558024413883686
3926562560.0,0.04025936871767044
3927500032.0,0.05261504650115967
3928437504.0,0.06273273378610611
3929374976.0,0.07218009233474731
3930312448.0,0.07868368178606033
3931249920.0,0.08402343094348907
3932187392.0,0.08561575412750244
3933125120.0,0.08727487921714783
3934062592.0,0.08570414781570435
3935000064.0,0.08315157890319824
3935937536.0,0.0796893909573555
3936875008.0,0.0740177184343338
3937812480.0,0.06741762161254883
3938749952.0,0.059538520872592926
3939687424.0,0.05190282315015793
3940624896.0,0.04233013838529587
3941562624.0,0.03438561409711838
3942500096.0,0.024649718776345253
3943437568.0,0.016158699989318848
3944375040.0,0.0068689328618347645
3945312512.0,-0.0006816970417276025
3946249984.0,-0.008035855367779732
3947187456.0,-0.015617433935403824
3948124928.0,-0.02124198153614998
3949062400.0,-0.026226989924907684
3950000128.0,-0.029707839712500572
3950937600.0,-0.03265365585684776
3951875072.0,-0.03525097668170929
3952812544.0,-0.038193877786397934
3953750016.0,-0.039179034531116486
3954687488.0,-0.04064415767788887
3955624960.0,-0.042640138417482376
3956562432.0,-0.044005319476127625
3957499904.0,-0.04494844749569893
3958437376.0,-0.04759756103157997
3959375104.0,-0.04739527776837349
3960312576.0,-0.047946203500032425
3961250048.0,-0.04884181544184685
3962187520.0,-0.05165328457951546
3963124992.0,-0.05438574030995369
3964062464.0,-0.058762334287166595
3964999936.0,-0.06412360817193985
3965937408.0,-0.06954994797706604
3966874880.0,-0.08405742049217224
3967812608.0,-0.09736432880163193
3968750080.0,-0.11008253693580627
3969687552.0,-0.1251274198293686
3970625024.0,-0.13776953518390656
3971562496.0,-0.15022766590118408
3972499968.0,-0.162135511636734
3973437440.0,-0.17308874428272247
3974374912.0,-0.18292458355426788
3975312384.0,-0.19184327125549316
3976250112.0,-0.19786712527275085
3977187584.0,-0.20296011865139008
3978125056.0,-0.20641379058361053
3979062528.0,-0.20847108960151672
3980000000.0,-0.20913951098918915
3980937472.0,-0.207143634557724
3981874944.0,-0.20213112235069275
3982812416.0,-0.19741849601268768
3983749888.0,-0.190944641828537
3984687616.0,-0.1826380342245102
3985625088.0,-0.1745745986700058
3986562560.0,-0.1645045131444931
3987500032.0,-0.15358895063400269
3988437504.0,-0.14254909753799438
3989374976.0,-0.13117438554763794
3990312448.0,-0.11904142796993256
3991249920.0,-0.10708577930927277
3992187392.0,-0.09535899758338928
3993125120.0,-0.084107406437397
3994062592.0,-0.07303241640329361
3995000064.0,-0.06374804675579071
3995937536.0,-0.05495159700512886
3996875008.0,-0.04758329316973686
3997812480.0,-0.041617318987846375
3998749952.0,-0.03646095097064972
3999687424.0,-0.03050806373357773
4000624896.0,-0.03698983043432236
4001562624.0,-0.035316791385412216
4002500096.0,-0.03431479260325432
4003437568.0,-0.03598623350262642
4004375040.0,-0.038706470280885696
4005312512.0,-0.0416862890124321
4006249984.0,-0.04627663269639015
4007187456.0,-0.05221039056777954
4008124928.0,-0.05720430612564087
4009062400.0,-0.0646863505244255
4009999872.0,-0.07196959853172302
4010937600.0,-0.07978697121143341
4011875072.0,-0.08882671594619751
4012812544.0,-0.09707942605018616
4013750016.0,-0.10458748042583466
4014687488.0,-0.11262059211730957
4015624960.0,-0.1195729598402977
4016562432.0,-0.1268182247877121
4017499904.0,-0.13428963720798492
4018437376.0,-0.14156536757946014
4019375104.0,-0.1468542218208313
4020312576.0,-0.15237048268318176
4021250048.0,-0.15778949856758118
4022187520.0,-0.16178138554096222
4023124992.0,-0.16555491089820862
4024062464.0,-0.16870272159576416
4024999936.0,-0.17289304733276367
4025937408.0,-0.17561161518096924
4026874880.0,-0.16817304491996765
4027812608.0,-0.1750066727399826
4028750080.0,-0.1812155693769455
4029687552.0,-0.1862751543521881
4030625024.0,-0.19075703620910645
4031562496.0,-0.19532565772533417
4032499968.0,-0.19928787648677826
4033437440.0,-0.20244954526424408
4034374912.0,-0.20470236241817474
4035312384.0,-0.2050144523382187
4036250112.0,-0.20372408628463745
4037187584.0,-0.2016969472169876
4038125056.0,-0.19856658577919006
4039062528.0,-0.1935534030199051
4040000000.0,-0.1875966191291809
4040937472.0,-0.1821402907371521
4041874944.0,-0.17569412291049957
4042812416.0,-0.16796213388442993
4043749888.0,-0.15905475616455078
4044687616.0,-0.15002204477787018
4045625088.0,-0.13906347751617432
4046562560.0,-0.12697653472423553
4047500032.0,-0.11495521664619446
4048437504.0,-0.10134007781744003
4049374976.0,-0.08780089765787125
4050312448.0,-0.07396440953016281
4051249920.0,-0.05975496396422386
4052187392.0,-0.04666735976934433
4053125120.0,-0.03308207914233208
4054062592.0,-0.02081119269132614
4055000064.0,-0.008943252265453339
4055937536.0,0.0018590628169476986
4056875008.0,0.011310786008834839
4057812480.0,0.020226111635565758
4058749952.0,0.026829103007912636
4059687424.0,0.03322622552514076
4060624896.0,0.036315564066171646
4061562624.0,0.03856823593378067
4062500096.0,0.038974255323410034
4063437568.0,0.03739699721336365
4064375040.0,0.03418973088264465
4065312512.0,0.030210308730602264
4066249984.0,0.023888397961854935
4067187456.0,0.01644900068640709
4068124928.0,0.007856626994907856
4069062400.0,-0.0021669340785592794
4070000128.0,-0.012742237187922001
4070937600.0,-0.02441096492111683
4071875072.0,-0.0373876690864563
4072812544.0,-0.048754870891571045
4073750016.0,-0.06146243214607239
4074687488.0,-0.07471022754907608
4075624960.0,-0.08826080709695816
4076562432.0,-0.10063120722770691
4077499904.0,-0.11285713315010071
4078437376.0,-0.12341959029436111
4079375104.0,-0.13405045866966248
4080312576.0,-0.14391066133975983
4081250048.0,-0.15259061753749847
4082187520.0,-0.16038960218429565
4083124992.0,-0.16462941467761993
4084062464.0,-0.16950753331184387
4084999936.0,-0.17286227643489838
4085937408.0,-0.17404091358184814
4086874880.0,-0.1553507000207901
4087812608.0,-0.1537175476551056
4088750080.0,-0.15316978096961975
4089687552.0,-0.15088437497615814
4090625024.0,-0.14721086621284485
4091562496.0,-0.1432848870754242
4092499968.0,-0.13897085189819336
4093437440.0,-0.1342322677373886
4094374912.0,-0.1286182850599289
4095312384.0,-0.12267878651618958
4096250112.0,-0.116971954703331
4097187584.0,-0.11053735017776489
4098125056.0,-0.1045772135257721
4099062528.0,-0.09817216545343399
4100000000.0,-0.09141066670417786
4100937472.0,-0.08493596315383911
4101874944.0,-0.07945740967988968
4102812416.0,-0.07344381511211395
4103749888.0,-0.06780584156513214
4104687616.0,-0.06191070377826691
4105625088.0,-0.05680638179183006
4106562560.0,-0.05348233878612518
4107500032.0,-0.04865095764398575
4108437504.0,-0.04510578140616417
4109374976.0,-0.041943278163671494
4110312448.0,-0.03981868922710419
4111249920.0,-0.036829400807619095
4112187392.0,-0.03445586562156677
4113125120.0,-0.03277703747153282
4114062592.0,-0.030640851706266403
4115000064.0,-0.029460666701197624
4115937536.0,-0.028576556593179703
4116875008.0,-0.027512138709425926
4117812480.0,-0.026405278593301773
4118749952.0,-0.027533715590834618
4119687424.0,-0.026834074407815933
4120624896.0,-0.0270864088088274
4121562624.0,-0.028080854564905167
4122500096.0,-0.028257867321372032
4123437568.0,-0.02992921695113182
4124375040.0,-0.030312100425362587
4125312512.0,-0.03296169266104698
4126249984.0,-0.035366132855415344
4127187456.0,-0.037783026695251465
4128124928.0,-0.041461337357759476
4129062400.0,-0.04501054063439369
4129999872.0,-0.04861318692564964
4130937600.0,-0.05303705483675003
4131875072.0,-0.05844569951295853
4132812544.0,-0.0649280846118927
4133750016.0,-0.07131359726190567
4134687488.0,-0.0777754932641983
4135624960.0,-0.08479488641023636
4136562432.0,-0.09224816411733627
4137499904.0,-0.10013818740844727
4138437376.0,-0.10793092101812363
4139375104.0,-0.11590350419282913
4140312576.0,-0.1267821490764618
4141250048.0,-0.1352996677160263
4142187520.0,-0.14461341500282288
4143124992.0,-0.1537705808877945
4144062464.0,-0.16316179931163788
4144999936.0,-0.1720523238182068
4145937408.0,-0.1802670657634735
4146874880.0,-0.20009846985340118
4147812608.0,-0.206621453166008
4148750080.0,-0.2116069197654724
4149687552.0,-0.2134762704372406
4150625024.0,-0.21417605876922607
4151562496.0,-0.21275340020656586
4152499968.0,-0.20909321308135986
4153437440.0,-0.2027086764574051
4154374912.0,-0.19668664038181305
4155312384.0,-0.1873784214258194
4156250112.0,-0.17846794426441193
4157187584.0,-0.16920886933803558
4158125056.0,-0.15775299072265625
4159062528.0,-0.14619921147823334
4160000000.0,-0.1348513960838318
4160937472.0,-0.12198644131422043
4161874944.0,-0.1098778247833252
4162812416.0,-0.09746570885181427
4163749888.0,-0.0847771167755127
4164687616.0,-0.07265447080135345
4165625088.0,-0.061744701117277145
4166562560.0,-0.05078255757689476
4167500032.0,-0.04037525877356529
4168437504.0,-0.03133990243077278
4169374976.0,-0.02300587110221386
4170312448.0,-0.015456805936992168
4171249920.0,-0.008590923622250557
4172187392.0,-0.0019152667373418808
4173125120.0,0.0033328209538012743
4174062592.0,0.009195615537464619
4175000064.0,0.012985233217477798
4175937536.0,0.017365165054798126
4176875008.0,0.01935821957886219
4177812480.0,0.02172478847205639
4178749952.0,0.023516712710261345
4179687424.0,0.025028390809893608
4180624896.0,0.025123268365859985
4181562624.0,0.025707872584462166
4182500096.0,0.02602437511086464
4183437568.0,0.024477997794747353
4184375040.0,0.024289317429065704
4185312512.0,0.021873250603675842
4186249984.0,0.020537082105875015
4187187456.0,0.01679900661110878
4188124928.0,0.013290802016854286
4189062400.0,0.008177598007023335
4190000128.0,0.003406570525839925
4190937600.0,-0.0016121831722557545
4191875072.0,-0.00794112030416727
4192812544.0,-0.014626794494688511
4193750016.0,-0.02287173643708229
4194687488.0,-0.029984943568706512
4195624960.0,-0.03882410377264023
4196562432.0,-0.047747258096933365
4197499904.0,-0.058519233018159866
4198437376.0,-0.07001489400863647
4199375104.0,-0.08005976676940918
4200312576.0,-0.09232693165540695
4201250048.0,-0.10445711016654968
4202187520.0,-0.11700473725795746
4203124992.0,-0.12957347929477692
4204062464.0,-0.14233683049678802
4204999936.0,-0.15495897829532623
4205937408.0,-0.16681046783924103
4206874880.0,-0.1686154007911682
4207812608.0,-0.18125315010547638
4208750080.0,-0.1934976577758789
4209687552.0,-0.20386871695518494
4210625024.0,-0.21462324261665344
4211562496.0,-0.22396723926067352
4212499968.0,-0.23298178613185883
4213437440.0,-0.23831020295619965
4214374912.0,-0.24399498105049133
4215312384.0,-0.24608208239078522
4216250112.0,-0.24765974283218384
4217187584.0,-0.24551720917224884
4218125056.0,-0.24244126677513123
4219062528.0,-0.2365076243877411
4220000000.0,-0.22896479070186615
4220937472.0,-0.21864067018032074
4221874944.0,-0.20696116983890533
4222812416.0,-0.1915588527917862
4223749888.0,-0.17510102689266205
4224687616.0,-0.15623414516448975
4225625088.0,-0.13680091500282288
4226562560.0,-0.11633992195129395
4227500032.0,-0.09480644017457962
4228437504.0,-0.0726645365357399
4229374976.0,-0.04871029406785965
4230312448.0,-0.0276345182210207
4231249920.0,-0.004421378951519728
4232187392.0,0.017028339207172394
4233125120.0,0.03711555898189545
4234062592.0,0.05664994195103645
4235000064.0,0.0734773799777031
4235937536.0,0.08946916460990906
4236875008.0,0.10297107696533203
4237812480.0,0.11393484473228455
4238749952.0,0.12283258140087128
4239687424.0,0.1292075216770172
4240624896.0,0.13307063281536102
4241562624.0,0.1338258683681488
4242500096.0,0.13235482573509216
4243437568.0,0.12836778163909912
4244375040.0,0.12223095446825027
4245312512.0,0.11304096132516861
4246249984.0,0.10210271924734116
4247187456.0,0.08996650576591492
4248124928.0,0.07555506378412247
4249062400.0,0.05992459878325462
4249999872.0,0.04388317093253136
4250937600.0,0.026295121759176254
4251875072.0,0.008971205912530422
4252812544.0,-0.009772734716534615
4253750016.0,-0.028422687202692032
4254687488.0,-0.04733976721763611
4255624960.0,-0.06546050310134888
4256562432.0,-0.08414518088102341
4257499904.0,-0.10214747488498688
4258437376.0,-0.11908882111310959
4259375104.0,-0.13555102050304413
4260312576.0,-0.15216989815235138
4261250048.0,-0.1672849804162979
4262187520.0,-0.18227869272232056
4263124992.0,-0.19607149064540863
4264062464.0,-0.21124067902565002
4264999936.0,-0.2236471027135849
4265937408.0,-0.2368149310350418
4266874880.0,-0.24434348940849304
4267812608.0,-0.24941186606884003
4268750080.0,-0.2524292469024658
4269687552.0,-0.25708556175231934
4270625024.0,-0.261784166097641
4271562496.0,-0.26596567034721375
4272499968.0,-0.26898548007011414
4273437440.0,-0.2718718647956848
4274374912.0,-0.27433401346206665
4275312384.0,-0.2758602499961853
4276250112.0,-0.27511367201805115
4277187584.0,-0.27339571714401245
4278125056.0,-0.26909369230270386
4279062528.0,-0.26503920555114746
4280000000.0,-0.2581731379032135
4280937472.0,-0.24915951490402222
4281874944.0,-0.2384324073791504
4282812416.0,-0.22527673840522766
4283749888.0,-0.2109668254852295
4284687616.0,-0.19578732550144196
4285625088.0,-0.17767900228500366
4286562560.0,-0.15751270949840546
4287500032.0,-0.13715563714504242
4288437504.0,-0.11482477933168411
4289374976.0,-0.09370753914117813
4290312448.0,-0.07029901444911957
4291249920.0,-0.04702501744031906
4292187392.0,-0.02259860374033451
4293125120.0,-0.00015004974557086825
4294062592.0,0.02442474290728569
4295000064.0,0.04562344402074814
4295937536.0,0.06589702516794205
4296875008.0,0.08525897562503815
4297812480.0,0.10239772498607635
4298749952.0,0.11778540909290314
4299687424.0,0.1313723474740982
4300624896.0,0.14418458938598633
4301562368.0,0.15309283137321472
4302499840.0,0.16087082028388977
4303437312.0,0.16524654626846313
4304374784.0,0.16683319211006165
4305312256.0,0.16603286564350128
4306250240.0,0.16178768873214722
4307187712.0,0.15438278019428253
4308125184.0,0.14587606489658356
4309062656.0,0.13501214981079102
4310000128.0,0.11989755928516388
4310937600.0,0.10228390246629715
4311875072.0,0.08192528039216995
4312812544.0,0.059027694165706635
4313750016.0,0.034616947174072266
4314687488.0,0.0082014761865139
4315624960.0,-0.019921785220503807
4316562432.0,-0.04942942410707474
4317499904.0,-0.07973328232765198
4318437376.0,-0.11013785004615784
4319374848.0,-0.14044836163520813
4320312320.0,-0.16888427734375
4321249792.0,-0.1975097507238388
4322187264.0,-0.224938303232193
4323125248.0,-0.251621276140213
4324062720.0,-0.2758937180042267
4325000192.0,-0.2979013919830322
4325937664.0,-0.318204790353775
4326875136.0,-0.3426678478717804
4327812608.0,-0.3371001183986664
4328750080.0,-0.32971251010894775
4329687552.0,-0.322020024061203
4330625024.0,-0.3126491904258728
4331562496.0,-0.3031274676322937
4332499968.0,-0.2951418161392212
4333437440.0,-0.28493532538414
4334374912.0,-0.27648812532424927
4335312384.0,-0.26820307970046997
4336249856.0,-0.2615416944026947
4337187328.0,-0.2534600794315338
4338124800.0,-0.24772872030735016
4339062272.0,-0.24199390411376953
4339999744.0,-0.2350161224603653
4340937728.0,-0.22966402769088745
4341875200.0,-0.22418786585330963
4342812672.0,-0.21835476160049438
4343750144.0,-0.211875319480896
4344687616.0,-0.20600458979606628
4345625088.0,-0.1986963003873825
4346562560.0,-0.1927972286939621
4347500032.0,-0.185777485370636
4348437504.0,-0.17776218056678772
4349374976.0,-0.16933350265026093
4350312448.0,-0.1603676974773407
4351249920.0,-0.14845247566699982
4352187392.0,-0.13617748022079468
4353124864.0,-0.12237846851348877
4354062336.0,-0.10816963762044907
4354999808.0,-0.09083790332078934
4355937280.0,-0.07459589838981628
4356874752.0,-0.057594846934080124
4357812736.0,-0.04137041047215462
4358750208.0,-0.02745027281343937
4359687680.0,-0.016550898551940918
4360625152.0,-0.00828202161937952
4361562624.0,-0.003954488318413496
4362500096.0,-0.00154185201972723
4363437568.0,-0.0002940392296295613
4364375040.0,-0.00010515565372770652
4365312512.0,-0.00018153160635847598
4366249984.0,2.8598575227078982e-05
4367187456.0,-0.0010718422709032893
4368124928.0,-0.0032794775906950235
4369062400.0,-0.006722784135490656
4369999872.0,-0.008350417017936707
4370937344.0,-0.01174095831811428
4371874816.0,-0.01561694499105215
4372812288.0,-0.021495405584573746
4373749760.0,-0.026543913409113884
4374687744.0,-0.03400171175599098
4375625216.0,-0.04293888434767723
4376562688.0,-0.05374035984277725
4377500160.0,-0.06618822365999222
4378437632.0,-0.08126308023929596
4379375104.0,-0.09744474291801453
4380312576.0,-0.11579805612564087
4381250048.0,-0.1361273229122162
4382187520.0,-0.15802131593227386
4383124992.0,-0.1814584732055664
4384062464.0,-0.20510947704315186
4384999936.0,-0.22929707169532776
4385937408.0,-0.2537313997745514
4386874880.0,-0.34113484621047974
4387812352.0,-0.3563268482685089
4388749824.0,-0.3674442768096924
4389687296.0,-0.37761032581329346
4390624768.0,-0.3849739730358124
4391562752.0,-0.3901878595352173
4392500224.0,-0.3920707404613495
4393437696.0,-0.390790194272995
4394375168.0,-0.3858281672000885
4395312640.0,-0.37755194306373596
4396250112.0,-0.36523160338401794
4397187584.0,-0.3513485789299011
4398125056.0,-0.33232492208480835
4399062528.0,-0.3118104040622711
4400000000.0,-0.2892349362373352
4400937472.0,-0.26272469758987427
4401874944.0,-0.23533600568771362
4402812416.0,-0.2053592950105667
4403749888.0,-0.17544887959957123
4404687360.0,-0.14383570849895477
4405624832.0,-0.11166416108608246
4406562304.0,-0.07927562296390533
4407499776.0,-0.047109175473451614
4408437248.0,-0.016880815848708153
4409375232.0,0.012996918521821499
4410312704.0,0.04103032872080803
4411250176.0,0.06852219253778458
4412187648.0,0.09303909540176392
4413125120.0,0.11496200412511826
4414062592.0,0.13429167866706848
4415000064.0,0.15017357468605042
4415937536.0,0.1629360318183899
4416875008.0,0.17175616323947906
4417812480.0,0.17780521512031555
4418749952.0,0.18062201142311096
4419687424.0,0.17934608459472656
4420624896.0,0.17503592371940613
4421562368.0,0.1671910285949707
4422499840.0,0.15676581859588623
4423437312.0,0.14225076138973236
4424374784.0,0.12614496052265167
4425312256.0,0.10798638314008713
4426250240.0,0.0854140967130661
4427187712.0,0.06311826407909393
4428125184.0,0.03970876336097717
4429062656.0,0.012873424217104912
4430000128.0,-0.01401980035007
4430937600.0,-0.040373899042606354
4431875072.0,-0.06620089709758759
4432812544.0,-0.09295815974473953
4433750016.0,-0.11905818432569504
4434687488.0,-0.14409765601158142
4435624960.0,-0.16689185798168182
4436562432.0,-0.18876037001609802
4437499904.0,-0.20746798813343048
4438437376.0,-0.2261945605278015
4439374848.0,-0.24109824001789093
4440312320.0,-0.25315138697624207
4441249792.0,-0.26226773858070374
4442187264.0,-0.2701556086540222
4443125248.0,-0.27569183707237244
4444062720.0,-0.27779892086982727
4445000192.0,-0.2784656882286072
4445937664.0,-0.2778330445289612
4446875136.0,-0.22072356939315796
4447812608.0,-0.2253429889678955
4448750080.0,-0.22700899839401245
4449687552.0,-0.22629617154598236
4450625024.0,-0.22288383543491364
4451562496.0,-0.21568800508975983
4452499968.0,-0.20597854256629944
4453437440.0,-0.194501131772995
4454374912.0,-0.1812741607427597
4455312384.0,-0.1639167219400406
4456249856.0,-0.14543507993221283
4457187328.0,-0.12467910349369049
4458124800.0,-0.1040683314204216
4459062272.0,-0.0824633464217186
4460000256.0,-0.06096848100423813
4460937728.0,-0.038240768015384674
4461875200.0,-0.017063278704881668
4462812672.0,0.0040466878563165665
4463750144.0,0.023662861436605453
4464687616.0,0.041618749499320984
4465625088.0,0.05766337737441063
4466562560.0,0.07226789742708206
4467500032.0,0.08481469750404358
4468437504.0,0.09421578794717789
4469374976.0,0.10132304579019547
4470312448.0,0.1058100014925003
4471249920.0,0.10755854099988937
4472187392.0,0.10456100106239319
4473124864.0,0.10022488981485367
4474062336.0,0.09202861040830612
4474999808.0,0.08013167977333069
4475937280.0,0.06615826487541199
4476874752.0,0.04969628155231476
4477812736.0,0.03090546280145645
4478750208.0,0.010401109233498573
4479687680.0,-0.013800899498164654
4480625152.0,-0.0378926619887352
4481562624.0,-0.06380874663591385
4482500096.0,-0.0917658805847168
4483437568.0,-0.11832704395055771
4484375040.0,-0.14636509120464325
4485312512.0,-0.17493769526481628
4486249984.0,-0.2043425738811493
4487187456.0,-0.2320302277803421
4488124928.0,-0.2591606080532074
4489062400.0,-0.283805251121521
4489999872.0,-0.3081837296485901
4490937344.0,-0.3305000960826874
4491874816.0,-0.3501850962638855
4492812288.0,-0.3688576817512512
4493749760.0,-0.38473573327064514
4494687744.0,-0.3971773386001587
4495625216.0,-0.4092215895652771
4496562688.0,-0.41660401225090027
4497500160.0,-0.42214372754096985
4498437632.0,-0.42662665247917175
4499375104.0,-0.4285189211368561
4500312576.0,-0.42960360646247864
4501250048.0,-0.4293515086174011
4502187520.0,-0.42606228590011597
4503124992.0,-0.42204558849334717
4504062464.0,-0.41817253828048706
4504999936.0,-0.4135684370994568
4505937408.0,-0.4092552363872528
4506874880.0,-0.2878161370754242
4507812352.0,-0.28535857796669006
4508749824.0,-0.2820171117782593
4509687296.0,-0.28049221634864807
4510624768.0,-0.28057610988616943
4511562752.0,-0.28038281202316284
4512500224.0,-0.2811855673789978
4513437696.0,-0.283474862575531
4514375168.0,-0.28676024079322815
4515312640.0,-0.2904801368713379
4516250112.0,-0.29539135098457336
4517187584.0,-0.3006734251976013
4518125056.0,-0.3085285723209381
4519062528.0,-0.3151870667934418
4520000000.0,-0.32425764203071594
4520937472.0,-0.33185288310050964
4521874944.0,-0.34120380878448486
4522812416.0,-0.35036709904670715
4523749888.0,-0.36041945219039917
4524687360.0,-0.37066251039505005
4525624832.0,-0.37790659070014954
4526562304.0,-0.38646891713142395
4527499776.0,-0.39496299624443054
4528437248.0,-0.40392202138900757
4529375232.0,-0.41185709834098816
4530312704.0,-0.4205566942691803
4531250176.0,-0.4274117350578308
4532187648.0,-0.4352756142616272
4533125120.0,-0.4421704113483429
4534062592.0,-0.4486502408981323
4535000064.0,-0.45474061369895935
4535937536.0,-0.4592441916465759
4536875008.0,-0.4639853835105896
4537812480.0,-0.46665629744529724
4538749952.0,-0.4695638418197632
4539687424.0,-0.47108882665634155
4540624896.0,-0.47212135791778564
4541562368.0,-0.4735064208507538
4542499840.0,-0.472217857837677
4543437312.0,-0.47225314378738403
4544374784.0,-0.47035449743270874
4545312256.0,-0.46844685077667236
4546250240.0,-0.466439425945282
4547187712.0,-0.46392080187797546
4548125184.0,-0.4604990780353546
4549062656.0,-0.4578005373477936
4550000128.0,-0.45550909638404846
4550937600.0,-0.45354291796684265
4551875072.0,-0.45030146837234497
4552812544.0,-0.44695594906806946
4553750016.0,-0.44550827145576477
4554687488.0,-0.443477600812912
4555624960.0,-0.44098809361457825
4556562432.0,-0.4403037130832672
4557499904.0,-0.43836715817451477
4558437376.0,-0.4365290403366089
4559374848.0,-0.4356868863105774
4560312320.0,-0.4346383810043335
4561249792.0,-0.43344393372535706
4562187264.0,-0.4330618977546692
4563125248.0,-0.4310115575790405
4564062720.0,-0.42935067415237427
4565000192.0,-0.4288272559642792
4565937664.0,-0.42489105463027954
4566875136.0,-0.3822142481803894
4567812608.0,-0.3877999484539032
4568750080.0,-0.39076876640319824
4569687552.0,-0.3931717872619629
4570625024.0,-0.3929208219051361
4571562496.0,-0.3907552659511566
4572499968.0,-0.3872349262237549
4573437440.0,-0.38137170672416687
4574374912.0,-0.3725692927837372
4575312384.0,-0.36243078112602234
4576249856.0,-0.3501027226448059
4577187328.0,-0.3367159962654114
4578124800.0,-0.32047367095947266
4579062272.0,-0.3033181428909302
4579999744.0,-0.2845862805843353
4580937728.0,-0.26464059948921204
4581875200.0,-0.24241022765636444
4582812672.0,-0.22043724358081818
4583750144.0,-0.19751757383346558
4584687616.0,-0.1751823127269745
4585625088.0,-0.1517518013715744
4586562560.0,-0.13001351058483124
4587500032.0,-0.10702233761548996
4588437504.0,-0.08679540455341339
4589374976.0,-0.06665831059217453
4590312448.0,-0.04873557388782501
4591249920.0,-0.03126547858119011
4592187392.0,-0.016251062974333763
4593124864.0,-0.0029037995263934135
4594062336.0,0.006654285825788975
4594999808.0,0.014549373649060726
4595937280.0,0.01898350566625595
4596874752.0,0.02153262123465538
4597812736.0,0.02094879001379013
4598750208.0,0.018347207456827164
4599687680.0,0.011483673937618732
4600625152.0,0.0040363590233027935
4601562624.0,-0.007099209353327751
4602500096.0,-0.021170973777770996
4603437568.0,-0.036178961396217346
4604375040.0,-0.05370267480611801
4605312512.0,-0.07351917028427124
4606249984.0,-0.09466511756181717
4607187456.0,-0.11668329685926437
4608124928.0,-0.1391986608505249
4609062400.0,-0.16306717693805695
4609999872.0,-0.18664735555648804
4610937344.0,-0.2097194790840149
4611874816.0,-0.23278914391994476
4612812288.0,-0.2556802034378052
4613749760.0,-0.27720707654953003
4614687744.0,-0.29824069142341614
4615625216.0,-0.31801071763038635
4616562688.0,-0.3353614807128906
4617500160.0,-0.35286980867385864
4618437632.0,-0.36923202872276306
4619375104.0,-0.38437744975090027
4620312576.0,-0.39625000953674316
4621250048.0,-0.4082011282444
4622187520.0,-0.4201696217060089
4623124992.0,-0.43097805976867676
4624062464.0,-0.4412575364112854
4624999936.0,-0.44958335161209106
4625937408.0,-0.45911771059036255
4626874880.0,-0.4675293266773224
4627812352.0,-0.462920218706131
4628749824.0,-0.45652028918266296
4629687296.0,-0.4483499526977539
4630624768.0,-0.43964287638664246
4631562752.0,-0.43029674887657166
4632500224.0,-0.42012619972229004
4633437696.0,-0.40939968824386597
4634375168.0,-0.400037944316864
4635312640.0,-0.3890775740146637
4636250112.0,-0.37906011939048767
4637187584.0,-0.3698810935020447
4638125056.0,-0.36105528473854065
4639062528.0,-0.35198578238487244
4640000000.0,-0.34405720233917236
4640937472.0,-0.33690154552459717
4641874944.0,-0.3315015733242035
4642812416.0,-0.32612374424934387
4643749888.0,-0.3213023841381073
4644687360.0,-0.3181959390640259
4645624832.0,-0.31610164046287537
4646562304.0,-0.3169304430484772
4647499776.0,-0.3187583088874817
4648437248.0,-0.31961700320243835
4649375232.0,-0.32233482599258423
4650312704.0,-0.3260708749294281
4651250176.0,-0.33095595240592957
4652187648.0,-0.3366547226905823
4653125120.0,-0.3432726562023163
4654062592.0,-0.35033801198005676
4655000064.0,-0.35964682698249817
4655937536.0,-0.3684587776660919
4656875008.0,-0.3794437050819397
4657812480.0,-0.39010095596313477
4658749952.0,-0.4014028012752533
4659687424.0,-0.4138105511665344
4660624896.0,-0.4259844422340393
4661562368.0,-0.4393397271633148
4662499840.0,-0.4525059461593628
4663437312.0,-0.4674147665500641
4664374784.0,-0.48113951086997986
4665312256.0,-0.4963342845439911
4666250240.0,-0.5106900930404663
4667187712.0,-0.5254033803939819
4668125184.0,-0.5400693416595459
4669062656.0,-0.5544033050537109
4670000128.0,-0.5685393810272217
4670937600.0,-0.5842052698135376
4671875072.0,-0.5988105535507202
4672812544.0,-0.6121673583984375
4673750016.0,-0.6251484155654907
4674687488.0,-0.637697696685791
4675624960.0,-0.6504960656166077
4676562432.0,-0.662537693977356
4677499904.0,-0.672877311706543
4678437376.0,-0.6825356483459473
4679374848.0,-0.6926193833351135
4680312320.0,-0.6995486617088318
4681249792.0,-0.7064558863639832
4682187264.0,-0.7127699851989746
4683125248.0,-0.7169769406318665
4684062720.0,-0.7188237905502319
4685000192.0,-0.7198068499565125
4685937664.0,-0.7187618613243103
4686875136.0,-0.696196973323822
4687812608.0,-0.6942909955978394
4688750080.0,-0.6904416680335999
4689687552.0,-0.6826708316802979
4690625024.0,-0.6735266447067261
4691562496.0,-0.6621716022491455
4692499968.0,-0.6472910046577454
4693437440.0,-0.6314547657966614
4694374912.0,-0.6132985949516296
4695312384.0,-0.5926923751831055
4696249856.0,-0.5709964632987976
4697187328.0,-0.5487861037254333
4698124800.0,-0.5263746976852417
4699062272.0,-0.5029937624931335
4700000256.0,-0.4804760217666626
4700937728.0,-0.4584624469280243
4701875200.0,-0.4378713071346283
4702812672.0,-0.4192843437194824
4703750144.0,-0.4017927050590515
4704687616.0,-0.3883379101753235
4705625088.0,-0.37764495611190796
4706562560.0,-0.37188851833343506
4707500032.0,-0.3684234023094177
4708437504.0,-0.36911094188690186
4709374976.0,-0.3743208944797516
4710312448.0,-0.384788453578949
4711249920.0,-0.3990537226200104
4712187392.0,-0.41795459389686584
4713124864.0,-0.44263869524002075
4714062336.0,-0.47125306725502014
4714999808.0,-0.5049259066581726
4715937280.0,-0.5428087115287781
4716874752.0,-0.5842344760894775
4717812736.0,-0.6269748210906982
4718750208.0,-0.6729268431663513
4719687680.0,-0.7202485799789429
4720625152.0,-0.7688184380531311
4721562624.0,-0.8179386854171753
4722500096.0,-0.8668100833892822
4723437568.0,-0.9136396646499634
4724375040.0,-0.9588221907615662
4725312512.0,-1.0020850896835327
4726249984.0,-1.0407872200012207
4727187456.0,-1.0749953985214233
4728124928.0,-1.1047974824905396
4729062400.0,-1.1304147243499756
4729999872.0,-1.1501741409301758
4730937344.0,-1.1680196523666382
4731874816.0,-1.1793103218078613
4732812288.0,-1.1867835521697998
4733749760.0,-1.1901744604110718
4734687744.0,-1.1907196044921875
4735625216.0,-1.1872445344924927
4736562688.0,-1.1811975240707397
4737500160.0,-1.1721760034561157
4738437632.0,-1.162400722503662
4739375104.0,-1.1506441831588745
4740312576.0,-1.137635588645935
4741250048.0,-1.1222189664840698
4742187520.0,-1.1081113815307617
4743124992.0,-1.0918265581130981
4744062464.0,-1.07708740234375
4744999936.0,-1.0616916418075562
4745937408.0,-1.046978235244751
4746874880.0,-0.8159834742546082
4747812352.0,-0.8228879570960999
4748749824.0,-0.829793393611908
4749687296.0,-0.8374312520027161
4750624768.0,-0.841501772403717
4751562752.0,-0.8469114303588867
4752500224.0,-0.8523269891738892
4753437696.0,-0.8544458746910095
4754375168.0,-0.858745276927948
4755312640.0,-0.862230658531189
4756250112.0,-0.8644484877586365
4757187584.0,-0.8665163516998291
4758125056.0,-0.867657482624054
4759062528.0,-0.868563175201416
4760000000.0,-0.8673685193061829
4760937472.0,-0.865805983543396
4761874944.0,-0.8637552857398987
4762812416.0,-0.8612660765647888
4763749888.0,-0.8584074378013611
4764687360.0,-0.8548245429992676
4765624832.0,-0.8499560952186584
4766562304.0,-0.8461999893188477
4767499776.0,-0.8402497172355652
4768437248.0,-0.8358259201049805
4769375232.0,-0.830047607421875
4770312704.0,-0.8252580165863037
4771250176.0,-0.8210189938545227
4772187648.0,-0.8168233633041382
4773125120.0,-0.8124575614929199
4774062592.0,-0.8097914457321167
4775000064.0,-0.8075364828109741
4775937536.0,-0.8066768050193787
4776875008.0,-0.8083707094192505
4777812480.0,-0.8118157386779785
4778749952.0,-0.8146340250968933
4779687424.0,-0.8215246200561523
4780624896.0,-0.829609215259552
4781562368.0,-0.8397486805915833
4782499840.0,-0.850734293460846
4783437312.0,-0.8654568791389465
4784374784.0,-0.8811473846435547
4785312256.0,-0.8985653519630432
4786250240.0,-0.9180782437324524
4787187712.0,-0.9396402835845947
4788125184.0,-0.9615808129310608
4789062656.0,-0.9864528775215149
4790000128.0,-1.0118942260742188
4790937600.0,-1.0379303693771362
4791875072.0,-1.0648196935653687
4792812544.0,-1.092673659324646
4793750016.0,-1.1195085048675537
4794687488.0,-1.1476994752883911
4795624960.0,-1.1755166053771973
4796562432.0,-1.2020961046218872
4797499904.0,-1.2278162240982056
4798437376.0,-1.2522318363189697
4799374848.0,-1.2748384475708008
4800312320.0,-1.2957046031951904
4801249792.0,-1.3155852556228638
4802187264.0,-1.3327255249023438
4803125248.0,-1.3478764295578003
4804062720.0,-1.361610770225525
4805000192.0,-1.3718171119689941
4805937664.0,-1.3806182146072388
4806875136.0,-1.2352577447891235
4807812608.0,-1.2380127906799316
4808750080.0,-1.2413386106491089
4809687552.0,-1.2416870594024658
4810625024.0,-1.2402541637420654
4811562496.0,-1.2385319471359253
4812499968.0,-1.2354334592819214
4813437440.0,-1.229657769203186
4814374912.0,-1.2232627868652344
4815312384.0,-1.216965913772583
4816249856.0,-1.2104699611663818
4817187328.0,-1.202134370803833
4818124800.0,-1.1952672004699707
4819062272.0,-1.1872198581695557
4819999744.0,-1.1809390783309937
4820937728.0,-1.1762770414352417
4821875200.0,-1.171623706817627
4822812672.0,-1.1684858798980713
4823750144.0,-1.1666903495788574
4824687616.0,-1.1661049127578735
4825625088.0,-1.167783260345459
4826562560.0,-1.1699225902557373
4827500032.0,-1.175108551979065
4828437504.0,-1.1816486120224
4829374976.0,-1.1899259090423584
4830312448.0,-1.199999451637268
4831249920.0,-1.2113771438598633
4832187392.0,-1.225389838218689
4833124864.0,-1.2410074472427368
4834062336.0,-1.256766438484192
4834999808.0,-1.274173378944397
4835937280.0,-1.2927510738372803
4836874752.0,-1.3128868341445923
4837812736.0,-1.3334282636642456
4838750208.0,-1.354691982269287
4839687680.0,-1.3752856254577637
4840625152.0,-1.3963329792022705
4841562624.0,-1.4171315431594849
4842500096.0,-1.4383373260498047
4843437568.0,-1.4597948789596558
4844375040.0,-1.4797266721725464
4845312512.0,-1.4996873140335083
4846249984.0,-1.5184760093688965
4847187456.0,-1.5351357460021973
4848124928.0,-1.5509817600250244
4849062400.0,-1.564635157585144
4849999872.0,-1.5773710012435913
4850937344.0,-1.5881010293960571
4851874816.0,-1.5969287157058716
4852812288.0,-1.6049721240997314
4853749760.0,-1.6108217239379883
4854687744.0,-1.6166869401931763
4855625216.0,-1.6203216314315796
4856562688.0,-1.623461365699768
4857500160.0,-1.6255667209625244
4858437632.0,-1.6283862590789795
4859375104.0,-1.6314269304275513
4860312576.0,-1.6341993808746338
4861250048.0,-1.6378693580627441
4862187520.0,-1.640565037727356
4863124992.0,-1.643632173538208
4864062464.0,-1.6460206508636475
4864999936.0,-1.6477224826812744
4865937408.0,-1.649548888206482
4866874880.0,-1.6302038431167603
4867812352.0,-1.6343222856521606
4868749824.0,-1.6383106708526611
4869687296.0,-1.642651915550232
4870624768.0,-1.6472523212432861
4871562752.0,-1.6541956663131714
4872500224.0,-1.658668041229248
4873437696.0,-1.665374994277954
4874375168.0,-1.6717860698699951
4875312640.0,-1.6789556741714478
4876250112.0,-1.6872020959854126
4877187584.0,-1.6955609321594238
4878125056.0,-1.704822063446045
4879062528.0,-1.7151801586151123
4880000000.0,-1.7276686429977417
4880937472.0,-1.7403650283813477
4881874944.0,-1.7523202896118164
4882812416.0,-1.7665921449661255
4883749888.0,-1.7800956964492798
4884687360.0,-1.7914894819259644
4885624832.0,-1.8035560846328735
4886562304.0,-1.8140534162521362
4887499776.0,-1.8235841989517212
4888437248.0,-1.8320266008377075
4889375232.0,-1.8363194465637207
4890312704.0,-1.839760422706604
4891250176.0,-1.842397689819336
4892187648.0,-1.8403211832046509
4893125120.0,-1.8369444608688354
4894062592.0,-1.8314707279205322
4895000064.0,-1.8231596946716309
4895937536.0,-1.8127186298370361
4896875008.0,-1.8006788492202759
4897812480.0,-1.7856957912445068
4898749952.0,-1.7676920890808105
4899687424.0,-1.748448133468628
4900624896.0,-1.7263253927230835
4901562368.0,-1.7028921842575073
4902499840.0,-1.6758629083633423
4903437312.0,-1.6501294374465942
4904374784.0,-1.6234434843063354
4905312256.0,-1.5967403650283813
4906250240.0,-1.5691462755203247
4907187712.0,-1.542098045349121
4908125184.0,-1.5157222747802734
4909062656.0,-1.4901965856552124
4910000128.0,-1.4672809839248657
4910937600.0,-1.4464784860610962
4911875072.0,-1.4261876344680786
4912812544.0,-1.4095520973205566
4913750016.0,-1.3941524028778076
4914687488.0,-1.3794598579406738
4915624960.0,-1.370234727859497
4916562432.0,-1.3624099493026733
4917499904.0,-1.3554338216781616
4918437376.0,-1.3517310619354248
4919374848.0,-1.3509336709976196
4920312320.0,-1.3497766256332397
4921249792.0,-1.3497155904769897
4922187264.0,-1.2941659688949585
4923125248.0,-1.281163215637207
4924062720.0,-1.2710250616073608
4925000192.0,-1.2610321044921875
4925937664.0,-1.3721588850021362
4926875136.0,-1.3785406351089478
4927812608.0,-1.3850547075271606
4928750080.0,-1.390334129333496
4929687552.0,-1.3948707580566406
4930625024.0,-1.3970085382461548
4931562496.0,-1.399544358253479
4932499968.0,-1.3993948698043823
4933437440.0,-1.3965572118759155
4934374912.0,-1.3916398286819458
4935312384.0,-1.3851234912872314
4936249856.0,-1.3752758502960205
4937187328.0,-1.3621392250061035
4938124800.0,-1.347983956336975
4939062272.0,-1.3310105800628662
4940000256.0,-1.3119663000106812
4940937728.0,-1.2926795482635498
4941875200.0,-1.269469141960144
4942812672.0,-1.2473567724227905
4943750144.0,-1.2247105836868286
4944687616.0,-1.1999584436416626
4945625088.0,-1.176991581916809
4946562560.0,-1.1547216176986694
4947500032.0,-1.1320310831069946
4948437504.0,-1.1120808124542236
4949374976.0,-1.0934476852416992
4950312448.0,-1.077088475227356
4951249920.0,-1.0633068084716797
4952187392.0,-1.0502195358276367
4953124864.0,-1.0400967597961426
4954062336.0,-1.0312994718551636
4954999808.0,-1.0250270366668701
4955937280.0,-1.0212206840515137
4956874752.0,-1.0187511444091797
4957812736.0,-1.0163311958312988
4958750208.0,-1.015109896659851
4959687680.0,-1.0135482549667358
4960625152.0,-1.0128233432769775
4961562624.0,-1.0100524425506592
4962500096.0,-1.007601261138916
4963437568.0,-1.0041271448135376
4964375040.0,-0.9997758865356445
4965312512.0,-0.9934913516044617
4966249984.0,-0.9860023856163025
4967187456.0,-0.9776700139045715
4968124928.0,-0.9684556126594543
4969062400.0,-0.9599717855453491
4969999872.0,-0.9506896734237671
4970937344.0,-0.9406270384788513
4971874816.0,-0.9324265122413635
4972812288.0,-0.9228317141532898
4973749760.0,-0.9132150411605835
4974687744.0,-0.9049469828605652
4975625216.0,-0.8951107859611511
4976562688.0,-0.8870148658752441
4977500160.0,-0.880107045173645
4978437632.0,-0.872058093547821
4979375104.0,-0.8654285669326782
4980312576.0,-0.8586999177932739
4981250048.0,-0.8503901958465576
4982187520.0,-0.8422502875328064
4983124992.0,-0.8333709239959717
4984062464.0,-0.8246529698371887
4984999936.0,-0.8147020936012268
4985937408.0,-0.795355498790741
4986874880.0,-0.7864654064178467
4987812352.0,-0.7778285145759583
4988749824.0,-0.7703665494918823
4989687296.0,-0.7636760473251343
4990624768.0,-0.7600855231285095
4991562752.0,-0.7563932538032532
4992500224.0,-0.7546815872192383
4993437696.0,-0.7540809512138367
4994375168.0,-0.7548258900642395
4995312640.0,-0.7578340768814087
4996250112.0,-0.7608797550201416
4997187584.0,-0.7657124400138855
4998125056.0,-0.7721010446548462
4999062528.0,-0.7788223624229431
5000000000.0,-0.786357045173645
5000937472.0,-0.7951655983924866
5001874944.0,-0.8038323521614075
5002812416.0,-0.812070906162262
5003749888.0,-0.8201126456260681
5004687360.0,-0.8284122347831726
5005624832.0,-0.8346192240715027
5006562304.0,-0.8396145105361938
5007499776.0,-0.8436915874481201
5008437248.0,-0.8464062213897705
5009375232.0,-0.8456639647483826
5010312704.0,-0.8442285656929016
5011250176.0,-0.8395015001296997
5012187648.0,-0.8321457505226135
5013125120.0,-0.8233310580253601
5014062592.0,-0.8114880323410034
5015000064.0,-0.7962424159049988
5015937536.0,-0.77862149477005
5016875008.0,-0.7585969567298889
5017812480.0,-0.7381298542022705
5018749952.0,-0.7138571739196777
5019687424.0,-0.6879256367683411
5020624896.0,-0.6602064967155457
5021562368.0,-0.630359411239624
5022499840.0,-0.6011108160018921
5023437312.0,-0.5706300735473633
5024374784.0,-0.5391501784324646
5025312256.0,-0.5070042014122009
5026250240.0,-0.47483789920806885
5027187712.0,-0.44418981671333313
5028125184.0,-0.41473135352134705
5029062656.0,-0.38680317997932434
5030000128.0,-0.36065176129341125
5030937600.0,-0.3360612094402313
5031875072.0,-0.31444355845451355
5032812544.0,-0.29549700021743774
5033750016.0,-0.27816838026046753
5034687488.0,-0.26480111479759216
5035624960.0,-0.2542015612125397
5036562432.0,-0.24631401896476746
5037499904.0,-0.24160216748714447
5038437376.0,-0.240082249045372
5039374848.0,-0.24205107986927032
5040312320.0,-0.2467556893825531
5041249792.0,-0.2540053129196167
5042187264.0,-0.26515993475914
5043125248.0,-0.27848052978515625
5044062720.0,-0.2941051721572876
5045000192.0,-0.31315910816192627
5045937664.0,-0.577305018901825
5046875136.0,-0.5866129398345947
5047812608.0,-0.5958842039108276
5048750080.0,-0.6051454544067383
5049687552.0,-0.6141225695610046
5050625024.0,-0.6231467127799988
5051562496.0,-0.6328075528144836
5052499968.0,-0.6420332789421082
5053437440.0,-0.6507335901260376
5054374912.0,-0.6582241654396057
5055312384.0,-0.6658212542533875
5056249856.0,-0.6729000806808472
5057187328.0,-0.6783508658409119
5058124800.0,-0.683066725730896
5059062272.0,-0.6873263716697693
5059999744.0,-0.6899568438529968
5060937728.0,-0.6915404200553894
5061875200.0,-0.6911880970001221
5062812672.0,-0.6901117563247681
5063750144.0,-0.6863155364990234
5064687616.0,-0.6802274584770203
5065625088.0,-0.6733490228652954
5066562560.0,-0.6636967658996582
5067500032.0,-0.6526898145675659
5068437504.0,-0.6392500996589661
5069374976.0,-0.6246843338012695
5070312448.0,-0.6072852611541748
5071249920.0,-0.5886778235435486
5072187392.0,-0.5687236785888672
5073124864.0,-0.5482932329177856
5074062336.0,-0.526153028011322
5074999808.0,-0.5034638047218323
5075937280.0,-0.48062917590141296
5076874752.0,-0.4558110237121582
5077812736.0,-0.431475430727005
5078750208.0,-0.4060967266559601
5079687680.0,-0.38129526376724243
5080625152.0,-0.35688260197639465
5081562624.0,-0.3322407603263855
5082500096.0,-0.3114117980003357
5083437568.0,-0.2900356650352478
5084375040.0,-0.26997092366218567
5085312512.0,-0.2521517276763916
5086249984.0,-0.23654814064502716
5087187456.0,-0.22238925099372864
5088124928.0,-0.21020567417144775
5089062400.0,-0.202020525932312
5089999872.0,-0.1958771049976349
5090937344.0,-0.1920366734266281
5091874816.0,-0.1915511190891266
5092812288.0,-0.193378746509552
5093749760.0,-0.19774267077445984
5094687744.0,-0.20413590967655182
5095625216.0,-0.213337704539299
5096562688.0,-0.22570231556892395
5097500160.0,-0.23949265480041504
5098437632.0,-0.25659316778182983
5099375104.0,-0.2737983465194702
5100312576.0,-0.2939511239528656
5101250048.0,-0.31512078642845154
5102187520.0,-0.3383370339870453
5103124992.0,-0.36187684535980225
5104062464.0,-0.3862362205982208
5104999936.0,-0.4108794629573822
5105937408.0,-0.5056303143501282
5106874880.0,-0.5229166746139526
5107812352.0,-0.5394473075866699
5108749824.0,-0.5542633533477783
5109687296.0,-0.5663958787918091
5110624768.0,-0.5770503878593445
5111562752.0,-0.5853749513626099
5112500224.0,-0.5919018387794495
5113437696.0,-0.5959888696670532
5114375168.0,-0.5983507633209229
5115312640.0,-0.5987277030944824
5116250112.0,-0.5974543690681458
5117187584.0,-0.5942723155021667
5118125056.0,-0.590483546257019
5119062528.0,-0.5852139592170715
5120000000.0,-0.5784086585044861
5120937472.0,-0.5708279013633728
5121874944.0,-0.5637012124061584
5122812416.0,-0.5575084090232849
5123749888.0,-0.5480605959892273
5124687360.0,-0.5394822955131531
5125624832.0,-0.5313987731933594
5126562304.0,-0.523906946182251
5127499776.0,-0.5151791572570801
5128437248.0,-0.5055996775627136
5129375232.0,-0.49562007188796997
5130312704.0,-0.48606905341148376
5131250176.0,-0.4739331901073456
5132187648.0,-0.46209290623664856
5133125120.0,-0.44937241077423096
5134062592.0,-0.43470871448516846
5135000064.0,-0.41847163438796997
5135937536.0,-0.40138575434684753
5136875008.0,-0.38482314348220825
5137812480.0,-0.3659403622150421
5138749952.0,-0.34760531783103943
5139687424.0,-0.3294319808483124
5140624896.0,-0.31267186999320984
5141562368.0,-0.2961995303630829
5142499840.0,-0.2824108302593231
5143437312.0,-0.27219563722610474
5144374784.0,-0.26568567752838135
5145312256.0,-0.26504039764404297
5146250240.0,-0.2721462845802307
5147187712.0,-0.28315168619155884
5148125184.0,-0.2991380989551544
5149062656.0,-0.3178353011608124
5150000128.0,-0.33754730224609375
5150937600.0,-0.358528196811676
5151875072.0,-0.38037070631980896
5152812544.0,-0.40173330903053284
5153750016.0,-0.42131882905960083
5154687488.0,-0.44071510434150696
5155624960.0,-0.4575660526752472
5156562432.0,-0.4740131199359894
5157499904.0,-0.48778316378593445
5158437376.0,-0.5012797713279724
5159374848.0,-0.5127739310264587
5160312320.0,-0.5241813659667969
5161249792.0,-0.5330684781074524
5162187264.0,-0.5427653789520264
5163125248.0,-0.5514820218086243
5164062720.0,-0.560502827167511
5165000192.0,-0.5689153075218201
5165937664.0,-0.5759497284889221
5166875136.0,-0.5903506278991699
5167812608.0,-0.6054351925849915
5168750080.0,-0.6212583780288696
5169687552.0,-0.6373459696769714
5170625024.0,-0.6541343331336975
5171562496.0,-0.6709301471710205
5172499968.0,-0.6869867444038391
5173437440.0,-0.7013806104660034
5174374912.0,-0.7161859273910522
5175312384.0,-0.7306857705116272
5176249856.0,-0.7427826523780823
5177187328.0,-0.7515642046928406
5178124800.0,-0.7600557208061218
5179062272.0,-0.7664884328842163
5180000256.0,-0.7689774036407471
5180937728.0,-0.7690770626068115
5181875200.0,-0.7673985958099365
5182812672.0,-0.7629398703575134
5183750144.0,-0.7552758455276489
5184687616.0,-0.745792806148529
5185625088.0,-0.7325013279914856
5186562560.0,-0.7172179222106934
5187500032.0,-0.6996684670448303
5188437504.0,-0.6804159879684448
5189374976.0,-0.6597919464111328
5190312448.0,-0.6371489763259888
5191249920.0,-0.6139097213745117
5192187392.0,-0.5892279148101807
5193124864.0,-0.5645782351493835
5194062336.0,-0.5399477481842041
5194999808.0,-0.5154816508293152
5195937280.0,-0.49189016222953796
5196874752.0,-0.46949461102485657
5197812736.0,-0.4483395218849182
5198750208.0,-0.42806556820869446
5199687680.0,-0.4101431667804718
5200625152.0,-0.3953433632850647
5201562624.0,-0.3820768892765045
5202500096.0,-0.37095972895622253
5203437568.0,-0.3629985451698303
5204375040.0,-0.3585090637207031
5205312512.0,-0.35713645815849304
5206249984.0,-0.3586488962173462
5207187456.0,-0.3621155619621277
5208124928.0,-0.36927032470703125
5209062400.0,-0.37772098183631897
5209999872.0,-0.3898620009422302
5210937344.0,-0.4043166935443878
5211874816.0,-0.4201650619506836
5212812288.0,-0.4384707510471344
5213749760.0,-0.4602171778678894
5214687744.0,-0.4831025004386902
5215625216.0,-0.5075958967208862
5216562688.0,-0.5342312455177307
5217500160.0,-0.5621736645698547
5218437632.0,-0.5900623798370361
5219375104.0,-0.6192257404327393
5220312576.0,-0.6474313735961914
5221250048.0,-0.6759089231491089
5222187520.0,-0.7048537135124207
5223124992.0,-0.7311414480209351
5224062464.0,-0.7571545839309692
5224999936.0,-0.7826909422874451
5225937408.0,-0.8344306349754333
5226874880.0,-0.8590261340141296
5227812352.0,-0.8820957541465759
5228749824.0,-0.902167022228241
5229687296.0,-0.9207885265350342
5230624768.0,-0.9364985823631287
5231562752.0,-0.9486713409423828
5232500224.0,-0.9589879512786865
5233437696.0,-0.9666461944580078
5234375168.0,-0.9718844890594482
5235312640.0,-0.9750352501869202
5236250112.0,-0.975983202457428
5237187584.0,-0.9734872579574585
5238125056.0,-0.9686269164085388
5239062528.0,-0.9626899361610413
5240000000.0,-0.954663872718811
5240937472.0,-0.9450259804725647
5241874944.0,-0.9352467656135559
5242812416.0,-0.9238771200180054
5243749888.0,-0.9094034433364868
5244687360.0,-0.8958004713058472
5245624832.0,-0.8816341161727905
5246562304.0,-0.8666344285011292
5247499776.0,-0.852118968963623
5248437248.0,-0.8362223505973816
5249375232.0,-0.8215045928955078
5250312704.0,-0.8059679269790649
5251250176.0,-0.7905056476593018
5252187648.0,-0.7766538262367249
5253125120.0,-0.7632544636726379
5254062592.0,-0.7512996196746826
5255000064.0,-0.7414016127586365
5255937536.0,-0.7324936985969543
5256875008.0,-0.7245729565620422
5257812480.0,-0.7181751728057861
5258749952.0,-0.7125720381736755
5259687424.0,-0.7093614339828491
5260624896.0,-0.7074642181396484
5261562368.0,-0.7069922685623169
5262499840.0,-0.7098089456558228
5263437312.0,-0.7139164209365845
5264374784.0,-0.7210042476654053
5265312256.0,-0.7293170094490051
5266250240.0,-0.7401657104492188
5267187712.0,-0.7547399401664734
5268125184.0,-0.7701901793479919
5269062656.0,-0.787333607673645
5270000128.0,-0.8078310489654541
5270937600.0,-0.8301735520362854
5271875072.0,-0.8556458950042725
5272812544.0,-0.8816486597061157
5273750016.0,-0.910315990447998
5274687488.0,-0.940981924533844
5275624960.0,-0.9751009345054626
5276562432.0,-1.0085880756378174
5277499904.0,-1.044604778289795
5278437376.0,-1.0823885202407837
5279374848.0,-1.1200530529022217
5280312320.0,-1.159669041633606
5281249792.0,-1.1992387771606445
5282187264.0,-1.2379549741744995
5283125248.0,-1.2783459424972534
5284062720.0,-1.3189873695373535
5285000192.0,-1.3570884466171265
5285937664.0,-1.384542465209961
5286875136.0,-1.4169929027557373
5287812608.0,-1.4472026824951172
5288750080.0,-1.4748378992080688
5289687552.0,-1.4999723434448242
5290625024.0,-1.5227060317993164
5291562496.0,-1.5418781042099
5292499968.0,-1.5614765882492065
5293437440.0,-1.5764378309249878
5294374912.0,-1.5884230136871338
5295312384.0,-1.5964629650115967
5296249856.0,-1.601644515991211
5297187328.0,-1.6042265892028809
5298124800.0,-1.6037319898605347
5299062272.0,-1.5990866422653198
5299999744.0,-1.5939347743988037
5300937728.0,-1.5872361660003662
5301875200.0,-1.5770388841629028
5302812672.0,-1.5655897855758667
5303750144.0,-1.5508666038513184
5304687616.0,-1.5354092121124268
5305625088.0,-1.519984245300293
5306562560.0,-1.5038107633590698
5307500032.0,-1.4879510402679443
5308437504.0,-1.4729541540145874
5309374976.0,-1.457555890083313
5310312448.0,-1.4436140060424805
5311249920.0,-1.430106520652771
5312187392.0,-1.4186220169067383
5313124864.0,-1.4068801403045654
5314062336.0,-1.3972746133804321
5314999808.0,-1.3890188932418823
5315937280.0,-1.382766604423523
5316874752.0,-1.3791910409927368
5317812736.0,-1.3773263692855835
5318750208.0,-1.378580927848816
5319687680.0,-1.3833650350570679
5320625152.0,-1.3888568878173828
5321562624.0,-1.3984652757644653
5322500096.0,-1.4094648361206055
5323437568.0,-1.4223607778549194
5324375040.0,-1.438438892364502
5325312512.0,-1.4566471576690674
5326249984.0,-1.4783803224563599
5327187456.0,-1.5036699771881104
5328124928.0,-1.5330963134765625
5329062400.0,-1.5645216703414917
5329999872.0,-1.5992093086242676
5330937344.0,-1.6373522281646729
5331874816.0,-1.6758638620376587
5332812288.0,-1.7443503141403198
5333749760.0,-1.7922087907791138
5334687744.0,-1.843143343925476
5335625216.0,-1.8949825763702393
5336562688.0,-1.9484436511993408
5337500160.0,-2.0033743381500244
5338437632.0,-2.059662342071533
5339375104.0,-2.1169304847717285
5340312576.0,-2.1744930744171143
5341250048.0,-2.2319746017456055
5342187520.0,-2.28806471824646
5343124992.0,-2.342898368835449
5344062464.0,-2.397496461868286
5344999936.0,-2.4480438232421875
5345937408.0,-2.385331630706787
5346874880.0,-2.413166046142578
5347812352.0,-2.438204765319824
5348749824.0,-2.4584732055664062
5349687296.0,-2.47723650932312
5350624768.0,-2.491823196411133
5351562752.0,-2.505322217941284
5352500224.0,-2.515195846557617
5353437696.0,-2.5228383541107178
5354375168.0,-2.5262258052825928
5355312640.0,-2.5272367000579834
5356250112.0,-2.5242104530334473
5357187584.0,-2.51785945892334
5358125056.0,-2.505227565765381
5359062528.0,-2.4920437335968018
5360000000.0,-2.476144313812256
5360937472.0,-2.456717014312744
5361874944.0,-2.4369492530822754
5362812416.0,-2.413731575012207
5363749888.0,-2.388868570327759
5364687360.0,-2.3629465103149414
5365624832.0,-2.3374412059783936
5366562304.0,-2.310682535171509
5367499776.0,-2.284080743789673
5368437248.0,-2.258211612701416
5369375232.0,-2.2335996627807617
5370312704.0,-2.2090139389038086
5371250176.0,-2.1826343536376953
5372187648.0,-2.1598079204559326
5373125120.0,-2.134951591491699
5374062592.0,-2.1124095916748047
5375000064.0,-2.09098744392395
5375937536.0,-2.0718913078308105
5376875008.0,-2.053102493286133
5377812480.0,-2.0366721153259277
5378749952.0,-2.0198845863342285
5379687424.0,-2.0054993629455566
5380624896.0,-1.9929392337799072
5381562368.0,-1.9801654815673828
5382499840.0,-1.9705220460891724
5383437312.0,-1.9612760543823242
5384374784.0,-1.954944133758545
5385312256.0,-1.9504765272140503
5386250240.0,-1.946681261062622
5387187712.0,-1.9428434371948242
5388125184.0,-1.942467212677002
5389062656.0,-1.9418573379516602
5390000128.0,-1.9430688619613647
5390937600.0,-1.945029377937317
5391875072.0,-1.9479615688323975
5392812544.0,-1.9518879652023315
5393750016.0,-1.9551851749420166
5394687488.0,-1.958931803703308
5395624960.0,-1.9638806581497192
5396562432.0,-1.9689794778823853
5397499904.0,-1.9747849702835083
5398437376.0,-1.9812592267990112
5399374848.0,-1.9871327877044678
5400312320.0,-1.993972659111023
5401249792.0,-1.998138427734375
5402187264.0,-2.0030131340026855
5403125248.0,-2.0062460899353027
5404062720.0,-2.0083167552948
5405000192.0,-2.008648157119751
5405937664.0,-2.1491851806640625
5406875136.0,-2.144836664199829
5407812608.0,-2.139482021331787
5408750080.0,-2.1303389072418213
5409687552.0,-2.1183223724365234
5410625024.0,-2.1043107509613037
5411562496.0,-2.086923360824585
5412499968.0,-2.0670149326324463
5413437440.0,-2.046095371246338
5414374912.0,-2.022087574005127
5415312384.0,-1.9975807666778564
5416249856.0,-1.970094919204712
5417187328.0,-1.9422987699508667
5418124800.0,-1.9121054410934448
5419062272.0,-1.8818349838256836
5420000256.0,-1.8511396646499634
5420937728.0,-1.8198140859603882
5421875200.0,-1.786991834640503
5422812672.0,-1.7548863887786865
5423750144.0,-1.7225251197814941
5424687616.0,-1.6912977695465088
5425625088.0,-1.6595522165298462
5426562560.0,-1.62867271900177
5427500032.0,-1.5987638235092163
5428437504.0,-1.5693285465240479
5429374976.0,-1.5410197973251343
5430312448.0,-1.5142625570297241
5431249920.0,-1.4894905090332031
5432187392.0,-1.4655799865722656
5433124864.0,-1.4430713653564453
5434062336.0,-1.420078992843628
5434999808.0,-1.3991994857788086
5435937280.0,-1.3787225484848022
5436874752.0,-1.3604744672775269
5437812736.0,-1.342566967010498
5438750208.0,-1.3272088766098022
5439687680.0,-1.3128833770751953
5440625152.0,-1.3001363277435303
5441562624.0,-1.288843035697937
5442500096.0,-1.2801058292388916
5443437568.0,-1.2721112966537476
5444375040.0,-1.264235019683838
5445312512.0,-1.259528636932373
5446249984.0,-1.2546321153640747
5447187456.0,-1.2535045146942139
5448124928.0,-1.2525081634521484
5449062400.0,-1.2543385028839111
5449999872.0,-1.255370020866394
5450937344.0,-1.2597888708114624
5451874816.0,-1.2641208171844482
5452812288.0,-1.2725329399108887
5453749760.0,-1.2799649238586426
5454687744.0,-1.288510799407959
5455625216.0,-1.3000818490982056
5456562688.0,-1.3095710277557373
5457500160.0,-1.3196861743927002
5458437632.0,-1.3310986757278442
5459375104.0,-1.3416948318481445
5460312576.0,-1.352676510810852
5461250048.0,-1.3627119064331055
5462187520.0,-1.3700196743011475
5463124992.0,-1.3780596256256104
5464062464.0,-1.3838881254196167
5464999936.0,-1.3879927396774292
5465937408.0,-1.3949767351150513
5466874880.0,-1.3953570127487183
5467812352.0,-1.3923832178115845
5468749824.0,-1.3891979455947876
5469687296.0,-1.3822767734527588
5470624768.0,-1.373570442199707
5471562752.0,-1.3632203340530396
5472500224.0,-1.3510687351226807
5473437696.0,-1.3367143869400024
5474375168.0,-1.3197177648544312
5475312640.0,-1.300285816192627
5476250112.0,-1.2820544242858887
5477187584.0,-1.2596498727798462
5478125056.0,-1.238006830215454
5479062528.0,-1.2131544351577759
5480000000.0,-1.1866447925567627
5480937472.0,-1.1601945161819458
5481874944.0,-1.1338837146759033
5482812416.0,-1.106127381324768
5483749888.0,-1.0779021978378296
5484687360.0,-1.0497667789459229
5485624832.0,-1.022150993347168
5486562304.0,-0.9955428242683411
5487499776.0,-0.9684910774230957
5488437248.0,-0.94235759973526
5489375232.0,-0.9178863167762756
5490312704.0,-0.8930759429931641
5491250176.0,-0.8697331547737122
5492187648.0,-0.8485521674156189
5493125120.0,-0.8275208473205566
5494062592.0,-0.8091005086898804
5495000064.0,-0.7912214398384094
5495937536.0,-0.7762730121612549
5496875008.0,-0.7630124688148499
5497812480.0,-0.7518237233161926
5498749952.0,-0.7431451082229614
5499687424.0,-0.7371378540992737
5500624896.0,-0.7320741415023804
5501562368.0,-0.7317852973937988
5502499840.0,-0.7330527305603027
5503437312.0,-0.7366681694984436
5504374784.0,-0.7445709109306335
5505312256.0,-0.7545666694641113
5506250240.0,-0.7686734795570374
5507187712.0,-0.7831076383590698
5508125184.0,-0.8018858432769775
5509062656.0,-0.8229800462722778
5510000128.0,-0.8457950353622437
5510937600.0,-0.871025800704956
5511875072.0,-0.8985375165939331
5512812544.0,-0.9263232350349426
5513750016.0,-0.9565151929855347
5514687488.0,-0.9891328811645508
5515624960.0,-1.0191837549209595
5516562432.0,-1.052940011024475
5517499904.0,-1.0847513675689697
5518437376.0,-1.115539789199829
5519374848.0,-1.1471177339553833
5520312320.0,-1.1735771894454956
5521249792.0,-1.200331449508667
5522187264.0,-1.2243785858154297
5523125248.0,-1.2433030605316162
5524062720.0,-1.2605589628219604
5525000192.0,-1.2735474109649658
5525937664.0,-1.1071670055389404
5526875136.0,-1.1120949983596802
5527812608.0,-1.1150046586990356
5528750080.0,-1.1177375316619873
5529687552.0,-1.1164979934692383
5530625024.0,-1.1143163442611694
5531562496.0,-1.1100654602050781
5532499968.0,-1.1039990186691284
5533437440.0,-1.0960451364517212
5534374912.0,-1.087046504020691
5535312384.0,-1.0772734880447388
5536249856.0,-1.0657442808151245
5537187328.0,-1.0528384447097778
5538124800.0,-1.0395593643188477
5539062272.0,-1.02658212184906
5539999744.0,-1.010532021522522
5540937728.0,-0.9953029751777649
5541875200.0,-0.9797716736793518
5542812672.0,-0.9638643860816956
5543750144.0,-0.9480631947517395
5544687616.0,-0.9319198727607727
5545625088.0,-0.9171532988548279
5546562560.0,-0.9023231863975525
5547500032.0,-0.8871675133705139
5548437504.0,-0.8740363121032715
5549374976.0,-0.8609310984611511
5550312448.0,-0.8486804366111755
5551249920.0,-0.8376560807228088
5552187392.0,-0.829064130783081
5553124864.0,-0.8215948343276978
5554062336.0,-0.8148083090782166
5554999808.0,-0.8106395602226257
5555937280.0,-0.8068999648094177
5556874752.0,-0.8066379427909851
5557812736.0,-0.8082650303840637
5558750208.0,-0.8124656081199646
5559687680.0,-0.8191721439361572
5560625152.0,-0.8286646008491516
5561562624.0,-0.8412799835205078
5562500096.0,-0.8555407524108887
5563437568.0,-0.8739352226257324
5564375040.0,-0.8932269811630249
5565312512.0,-0.9144806265830994
5566249984.0,-0.9388946890830994
5567187456.0,-0.9648249745368958
5568124928.0,-0.9926431775093079
5569062400.0,-1.0213136672973633
5569999872.0,-1.0514343976974487
5570937344.0,-1.0806500911712646
5571874816.0,-1.1092276573181152
5572812288.0,-1.139612078666687
5573749760.0,-1.1668307781219482
5574687744.0,-1.1935210227966309
5575625216.0,-1.218317985534668
5576562688.0,-1.2411940097808838
5577500160.0,-1.2612420320510864
5578437632.0,-1.2775739431381226
5579375104.0,-1.2929223775863647
5580312576.0,-1.3036351203918457
5581250048.0,-1.312577724456787
5582187520.0,-1.318889856338501
5583124992.0,-1.32315993309021
5584062464.0,-1.3237675428390503
5584999936.0,-1.322493314743042
5585937408.0,-1.2468860149383545
5586874880.0,-1.252928376197815
5587812352.0,-1.2570264339447021
5588749824.0,-1.2605512142181396
5589687296.0,-1.2617710828781128
5590624768.0,-1.262209415435791
5591562752.0,-1.2626031637191772
5592500224.0,-1.2620490789413452
5593437696.0,-1.2608006000518799
5594375168.0,-1.2580012083053589
5595312640.0,-1.2543259859085083
5596250112.0,-1.250727653503418
5597187584.0,-1.246240496635437
5598125056.0,-1.2407084703445435
5599062528.0,-1.234749674797058
5600000000.0,-1.2291879653930664
5600937472.0,-1.2226461172103882
5601874944.0,-1.216040849685669
5602812416.0,-1.209246277809143
5603749888.0,-1.2031505107879639
5604687360.0,-1.1973768472671509
5605624832.0,-1.1904720067977905
5606562304.0,-1.1842210292816162
5607499776.0,-1.1791179180145264
5608437248.0,-1.1726163625717163
5609375232.0,-1.1677641868591309
5610312704.0,-1.1630878448486328
5611250176.0,-1.1574242115020752
5612187648.0,-1.15160071849823
5613125120.0,-1.146876573562622
5614062592.0,-1.1422672271728516
5615000064.0,-1.137547254562378
5615937536.0,-1.1344404220581055
5616875008.0,-1.1313674449920654
5617812480.0,-1.1283385753631592
5618749952.0,-1.1254562139511108
5619687424.0,-1.122841477394104
5620624896.0,-1.122028112411499
5621562368.0,-1.1208584308624268
5622499840.0,-1.12063729763031
5623437312.0,-1.1202726364135742
5624374784.0,-1.1198253631591797
5625312256.0,-1.119476556777954
5626250240.0,-1.11888587474823
5627187712.0,-1.1188256740570068
5628125184.0,-1.1190720796585083
5629062656.0,-1.118409276008606
5630000128.0,-1.1178560256958008
5630937600.0,-1.1195402145385742
5631875072.0,-1.1169679164886475
5632812544.0,-1.116241693496704
5633750016.0,-1.1157342195510864
5634687488.0,-1.1143527030944824
5635624960.0,-1.110990285873413
5636562432.0,-1.107675552368164
5637499904.0,-1.1038053035736084
5638437376.0,-1.0987330675125122
5639374848.0,-1.0924670696258545
5640312320.0,-1.0845518112182617
5641249792.0,-1.0768821239471436
5642187264.0,-1.0678733587265015
5643125248.0,-1.0589324235916138
5644062720.0,-1.0492122173309326
5645000192.0,-1.0405176877975464
5645937664.0,-1.0353312492370605
5646875136.0,-1.0229086875915527
5647812608.0,-1.0088518857955933
5648750080.0,-0.9941373467445374
5649687552.0,-0.9792429804801941
5650625024.0,-0.9623762369155884
5651562496.0,-0.9467623829841614
5652499968.0,-0.9273074269294739
5653437440.0,-0.9091028571128845
5654374912.0,-0.8899607062339783
5655312384.0,-0.8701611757278442
5656249856.0,-0.8504887819290161
5657187328.0,-0.8297527432441711
5658124800.0,-0.8095790147781372
5659062272.0,-0.7885200381278992
5660000256.0,-0.7672401070594788
5660937728.0,-0.7467626333236694
5661875200.0,-0.7265766263008118
5662812672.0,-0.7058612108230591
5663750144.0,-0.6880793571472168
5664687616.0,-0.6698510050773621
5665625088.0,-0.6524296402931213
5666562560.0,-0.6373397707939148
5667500032.0,-0.6234046816825867
5668437504.0,-0.6107982993125916
5669374976.0,-0.5989947319030762
5670312448.0,-0.588756263256073
5671249920.0,-0.5801476836204529
5672187392.0,-0.5720437169075012
5673124864.0,-0.5667406916618347
5674062336.0,-0.5627384781837463
5674999808.0,-0.560231626033783
5675937280.0,-0.5586269497871399
5676874752.0,-0.5581533312797546
5677812736.0,-0.5597859621047974
5678750208.0,-0.5609816312789917
5679687680.0,-0.5652093291282654
5680625152.0,-0.5687499642372131
5681562624.0,-0.5716789960861206
5682500096.0,-0.5762820243835449
5683437568.0,-0.5804822444915771
5684375040.0,-0.5844199061393738
5685312512.0,-0.5863429307937622
5686249984.0,-0.589543879032135
5687187456.0,-0.5913980603218079
5688124928.0,-0.5935764312744141
5689062400.0,-0.5945914387702942
5689999872.0,-0.5938559174537659
5690937344.0,-0.5923434495925903
5691874816.0,-0.5892904996871948
5692812288.0,-0.5851809978485107
5693749760.0,-0.5789918899536133
5694687744.0,-0.5705816745758057
5695625216.0,-0.5622836947441101
5696562688.0,-0.55103600025177
5697500160.0,-0.5387652516365051
5698437632.0,-0.5267585515975952
5699375104.0,-0.5125802755355835
5700312576.0,-0.49873724579811096
5701250048.0,-0.48481759428977966
5702187520.0,-0.47014498710632324
5703124992.0,-0.4555431008338928
5704062464.0,-0.4411788284778595
5704999936.0,-0.42867252230644226
5705937408.0,-0.397025465965271
5706874880.0,-0.3960760533809662
5707812352.0,-0.394596129655838
5708749824.0,-0.3932567834854126
5709687296.0,-0.3926500380039215
5710624768.0,-0.39191606640815735
5711562752.0,-0.3890250027179718
5712500224.0,-0.3878785967826843
5713437696.0,-0.3858431577682495
5714375168.0,-0.3839711546897888
5715312640.0,-0.38161298632621765
5716250112.0,-0.3782390058040619
5717187584.0,-0.37371549010276794
5718125056.0,-0.36837708950042725
5719062528.0,-0.3637702167034149
5720000000.0,-0.3578280210494995
5720937472.0,-0.3508991599082947
5721874944.0,-0.3443991243839264
5722812416.0,-0.33607810735702515
5723749888.0,-0.3284057378768921
5724687360.0,-0.3208494782447815
5725624832.0,-0.3118914067745209
5726562304.0,-0.30421122908592224
5727499776.0,-0.29574909806251526
5728437248.0,-0.28860580921173096
5729375232.0,-0.282692015171051
5730312704.0,-0.27759966254234314
5731250176.0,-0.274408221244812
5732187648.0,-0.27255457639694214
5733125120.0,-0.2718575894832611
5734062592.0,-0.2736770808696747
5735000064.0,-0.277305006980896
5735937536.0,-0.2839711606502533
5736875008.0,-0.29052475094795227
5737812480.0,-0.299888014793396
5738749952.0,-0.31026071310043335
5739687424.0,-0.3238030970096588
5740624896.0,-0.3357783854007721
5741562368.0,-0.34943297505378723
5742499840.0,-0.36246755719184875
5743437312.0,-0.375775009393692
5744374784.0,-0.3875974416732788
5745312256.0,-0.3977274000644684
5746250240.0,-0.4061121642589569
5747187712.0,-0.4126737117767334
5748125184.0,-0.41694700717926025
5749062656.0,-0.4166780412197113
5750000128.0,-0.4163295328617096
5750937600.0,-0.4117388427257538
5751875072.0,-0.40761619806289673
5752812544.0,-0.4012365937232971
5753750016.0,-0.39179959893226624
5754687488.0,-0.38265591859817505
5755624960.0,-0.373676061630249
5756562432.0,-0.36556264758110046
5757499904.0,-0.35625141859054565
5758437376.0,-0.34886789321899414
5759374848.0,-0.34061986207962036
5760312320.0,-0.3350141644477844
5761249792.0,-0.32906320691108704
5762187264.0,-0.32415667176246643
5763125248.0,-0.32123374938964844
5764062720.0,-0.31780022382736206
5765000192.0,-0.3141656219959259
5765937664.0,-0.242275208234787
5766875136.0,-0.24650312960147858
5767812608.0,-0.2495734989643097
5768750080.0,-0.25415652990341187
5769687552.0,-0.25931400060653687
5770625024.0,-0.2643622159957886
5771562496.0,-0.270236611366272
5772499968.0,-0.2755677402019501
5773437440.0,-0.28245529532432556
5774374912.0,-0.2889205515384674
5775312384.0,-0.2958528399467468
5776249856.0,-0.3018839955329895
5777187328.0,-0.30900612473487854
5778124800.0,-0.3155222237110138
5779062272.0,-0.3216903805732727
5779999744.0,-0.32767289876937866
5780937728.0,-0.33383896946907043
5781875200.0,-0.33971521258354187
5782812672.0,-0.34525683522224426
5783750144.0,-0.3507547080516815
5784687616.0,-0.3543553650379181
5785625088.0,-0.35828471183776855
5786562560.0,-0.3626037836074829
5787500032.0,-0.3653208017349243
5788437504.0,-0.3673246204853058
5789374976.0,-0.36591431498527527
5790312448.0,-0.3630968928337097
5791249920.0,-0.3605591356754303
5792187392.0,-0.3562990427017212
5793124864.0,-0.3525748550891876
5794062336.0,-0.34705978631973267
5794999808.0,-0.33912521600723267
5795937280.0,-0.33190950751304626
5796874752.0,-0.3232685625553131
5797812736.0,-0.31604233384132385
5798750208.0,-0.3061002790927887
5799687680.0,-0.2957862913608551
5800625152.0,-0.282554030418396
5801562624.0,-0.2713102698326111
5802500096.0,-0.25770989060401917
5803437568.0,-0.2449350208044052
5804375040.0,-0.2311491072177887
5805312512.0,-0.21740557253360748
5806249984.0,-0.20218443870544434
5807187456.0,-0.1862279623746872
5808124928.0,-0.17098046839237213
5809062400.0,-0.15522636473178864
5809999872.0,-0.14097997546195984
5810937344.0,-0.1247156634926796
5811874816.0,-0.10845835506916046
5812812288.0,-0.09414873272180557
5813749760.0,-0.0793653056025505
5814687744.0,-0.06671734154224396
5815625216.0,-0.05305491015315056
5816562688.0,-0.04132922738790512
5817500160.0,-0.028689192607998848
5818437632.0,-0.017420120537281036
5819375104.0,-0.006323943845927715
5820312576.0,0.0020013293251395226
5821250048.0,0.011670905165374279
5822187520.0,0.019638730213046074
5823124992.0,0.027189183980226517
5824062464.0,0.033464718610048294
5824999936.0,0.038854099810123444
5825937408.0,-0.1502506136894226
5826874880.0,-0.15356072783470154
5827812352.0,-0.15659213066101074
5828749824.0,-0.15860410034656525
5829687296.0,-0.15997791290283203
5830624768.0,-0.15833398699760437
5831562752.0,-0.15687258541584015
5832500224.0,-0.15414030849933624
5833437696.0,-0.15113693475723267
5834375168.0,-0.14768977463245392
5835312640.0,-0.1447337120771408
5836250112.0,-0.14116862416267395
5837187584.0,-0.13784530758857727
5838125056.0,-0.13424427807331085
5839062528.0,-0.1320153921842575
5840000000.0,-0.13243575394153595
5840937472.0,-0.13329242169857025
5841874944.0,-0.1346411108970642
5842812416.0,-0.13700658082962036
5843749888.0,-0.14036957919597626
5844687360.0,-0.14525380730628967
5845624832.0,-0.15155553817749023
5846562304.0,-0.15749236941337585
5847499776.0,-0.16457927227020264
5848437248.0,-0.17291657626628876
5849375232.0,-0.18194864690303802
5850312704.0,-0.19160114228725433
5851250176.0,-0.19963696599006653
5852187648.0,-0.21112555265426636
5853125120.0,-0.22148792445659637
5854062592.0,-0.23252074420452118
5855000064.0,-0.24100050330162048
5855937536.0,-0.24965617060661316
5856875008.0,-0.25702136754989624
5857812480.0,-0.26395314931869507
5858749952.0,-0.268586665391922
5859687424.0,-0.2719055712223053
5860624896.0,-0.27290236949920654
5861562368.0,-0.2717343866825104
5862499840.0,-0.26963838934898376
5863437312.0,-0.26463040709495544
5864374784.0,-0.2587474286556244
5865312256.0,-0.2516998052597046
5866250240.0,-0.24264679849147797
5867187712.0,-0.23286950588226318
5868125184.0,-0.22201666235923767
5869062656.0,-0.2107752114534378
5870000128.0,-0.196899875998497
5870937600.0,-0.1844158172607422
5871875072.0,-0.17110997438430786
5872812544.0,-0.15802738070487976
5873750016.0,-0.1457577794790268
5874687488.0,-0.13459515571594238
5875624960.0,-0.12534679472446442
5876562432.0,-0.11783395707607269
5877499904.0,-0.11135353893041611
5878437376.0,-0.10658220946788788
5879374848.0,-0.10515325516462326
5880312320.0,-0.1054084375500679
5881249792.0,-0.10746558010578156
5882187264.0,-0.1103888750076294
5883125248.0,-0.1159563660621643
5884062720.0,-0.12379031628370285
5885000192.0,-0.1312795728445053
5885937664.0,-0.07143653929233551
5886875136.0,-0.07710805535316467
5887812608.0,-0.08283061534166336
5888750080.0,-0.0901937484741211
5889687552.0,-0.09706952422857285
5890625024.0,-0.10590393841266632
5891562496.0,-0.11435507237911224
5892499968.0,-0.12255959212779999
5893437440.0,-0.13091160356998444
5894374912.0,-0.14027857780456543
5895312384.0,-0.14870312809944153
5896249856.0,-0.15807436406612396
5897187328.0,-0.16756539046764374
5898124800.0,-0.17604564130306244
5899062272.0,-0.18543416261672974
5900000256.0,-0.19566532969474792
5900937728.0,-0.20440997183322906
5901875200.0,-0.21410907804965973
5902812672.0,-0.22353361546993256
5903750144.0,-0.2315855771303177
5904687616.0,-0.24143941700458527
5905625088.0,-0.2503035068511963
5906562560.0,-0.25862935185432434
5907500032.0,-0.26763156056404114
5908437504.0,-0.2747531235218048
5909374976.0,-0.282865971326828
5910312448.0,-0.29050397872924805
5911249920.0,-0.29894012212753296
5912187392.0,-0.30534371733665466
5913124864.0,-0.3115020990371704
5914062336.0,-0.31701138615608215
5914999808.0,-0.32288700342178345
5915937280.0,-0.32843437790870667
5916874752.0,-0.3320186734199524
5917812736.0,-0.3357497453689575
5918750208.0,-0.3376986086368561
5919687680.0,-0.3393852114677429
5920625152.0,-0.3398555517196655
5921562624.0,-0.3400227129459381
5922500096.0,-0.3392251133918762
5923437568.0,-0.33629918098449707
5924375040.0,-0.3335654139518738
5925312512.0,-0.32815757393836975
5926249984.0,-0.32122498750686646
5927187456.0,-0.3154917359352112
5928124928.0,-0.30569812655448914
5929062400.0,-0.2958390414714813
5929999872.0,-0.28413206338882446
5930937344.0,-0.2704797685146332
5931874816.0,-0.2582155466079712
5932812288.0,-0.24345330893993378
5933749760.0,-0.22721637785434723
5934687744.0,-0.2099488079547882
5935625216.0,-0.19330817461013794
5936562688.0,-0.17523422837257385
5937500160.0,-0.1579032689332962
5938437632.0,-0.1393318772315979
5939375104.0,-0.12142189592123032
5940312576.0,-0.10380732268095016
5941250048.0,-0.08593439310789108
5942187520.0,-0.06924515217542648
5943124992.0,-0.054241735488176346
5944062464.0,-0.04009582847356796
5944999936.0,-0.028170544654130936
5945937408.0,-0.13521751761436462
5946874880.0,-0.14413924515247345
5947812352.0,-0.15433061122894287
5948749824.0,-0.1667976826429367
5949687296.0,-0.18079599738121033
5950624768.0,-0.19617046415805817
5951562752.0,-0.21293891966342926
5952500224.0,-0.2308368682861328
5953437696.0,-0.2498948574066162
5954375168.0,-0.26820099353790283
5955312640.0,-0.28760677576065063
5956250112.0,-0.30793240666389465
5957187584.0,-0.3270922005176544
5958125056.0,-0.3462923765182495
5959062528.0,-0.36417943239212036
5960000000.0,-0.38283124566078186
5960937472.0,-0.39991235733032227
5961874944.0,-0.41563916206359863
5962812416.0,-0.4289623200893402
5963749888.0,-0.44087374210357666
5964687360.0,-0.44941291213035583
5965624832.0,-0.45509055256843567
5966562304.0,-0.4588647782802582
5967499776.0,-0.45714789628982544
5968437248.0,-0.4537271559238434
5969375232.0,-0.44718220829963684
5970312704.0,-0.4364800453186035
5971250176.0,-0.42410895228385925
5972187648.0,-0.4077652096748352
5973125120.0,-0.3892369866371155
5974062592.0,-0.3691365420818329
5975000064.0,-0.34763917326927185
5975937536.0,-0.32300955057144165
5976875008.0,-0.2981972098350525
5977812480.0,-0.27322784066200256
5978749952.0,-0.24862991273403168
5979687424.0,-0.2247111201286316
5980624896.0,-0.20074646174907684
5981562368.0,-0.1789231300354004
5982499840.0,-0.15938712656497955
5983437312.0,-0.14177851378917694
5984374784.0,-0.1262272298336029
5985312256.0,-0.11357729136943817
5986250240.0,-0.1023307517170906
5987187712.0,-0.0956450030207634
5988125184.0,-0.09023068845272064
5989062656.0,-0.08804509788751602
5990000128.0,-0.08840641379356384
5990937600.0,-0.09035346657037735
5991875072.0,-0.09420743584632874
5992812544.0,-0.09962530434131622
5993750016.0,-0.10645351558923721
5994687488.0,-0.11348997801542282
5995624960.0,-0.12128238379955292
5996562432.0,-0.12882858514785767
5997499904.0,-0.13871274888515472
5998437376.0,-0.14672672748565674
5999374848.0,-0.15525686740875244
6000312320.0,-0.16461271047592163
6001249792.0,-0.1726747453212738
6002187264.0,-0.17932693660259247
6003125248.0,-0.1856544017791748
6004062720.0,-0.19236207008361816
6005000192.0,-0.15338106453418732
6005937664.0,-0.15974998474121094
6006875136.0,-0.16758567094802856
6007812608.0,-0.1770084798336029
6008750080.0,-0.1863900125026703
6009687552.0,-0.19707731902599335
6010625024.0,-0.2076178640127182
6011562496.0,-0.21978580951690674
6012499968.0,-0.23145239055156708
6013437440.0,-0.24475018680095673
6014374912.0,-0.25863364338874817
6015312384.0,-0.2721053659915924
6016249856.0,-0.2863803505897522
6017187328.0,-0.30001914501190186
6018124800.0,-0.31407055258750916
6019062272.0,-0.326087087392807
6019999744.0,-0.3389139771461487
6020937728.0,-0.3514905273914337
6021875200.0,-0.3623792827129364
6022812672.0,-0.3730730712413788
6023750144.0,-0.38083788752555847
6024687616.0,-0.3888511657714844
6025625088.0,-0.39407286047935486
6026562560.0,-0.3980320394039154
6027500032.0,-0.40092113614082336
6028437504.0,-0.4011225998401642
6029374976.0,-0.4011554419994354
6030312448.0,-0.3969898521900177
6031249920.0,-0.3923046886920929
6032187392.0,-0.38781028985977173
6033124864.0,-0.3803960978984833
6034062336.0,-0.3716568350791931
6034999808.0,-0.3623755872249603
6035937280.0,-0.35231757164001465
6036874752.0,-0.3408508598804474
6037812736.0,-0.3296324610710144
6038750208.0,-0.3183332085609436
6039687680.0,-0.3064596951007843
6040625152.0,-0.2965102195739746
6041562624.0,-0.28535550832748413
6042500096.0,-0.2746674120426178
6043437568.0,-0.26413190364837646
6044375040.0,-0.25434112548828125
6045312512.0,-0.24602285027503967
6046249984.0,-0.23693464696407318
6047187456.0,-0.22980602085590363
6048124928.0,-0.22275829315185547
6049062400.0,-0.21802107989788055
6049999872.0,-0.21447508037090302
6050937344.0,-0.21116890013217926
6051874816.0,-0.2101690024137497
6052812288.0,-0.20920106768608093
6053749760.0,-0.20995037257671356
6054687744.0,-0.2104458510875702
6055625216.0,-0.21221786737442017
6056562688.0,-0.2162019908428192
6057500160.0,-0.21859808266162872
6058437632.0,-0.22222217917442322
6059375104.0,-0.22686858475208282
6060312576.0,-0.23185378313064575
6061250048.0,-0.2369810938835144
6062187520.0,-0.2417203187942505
6063124992.0,-0.248093843460083
6064062464.0,-0.2534356117248535
6064999936.0,-0.15884517133235931
6065937408.0,-0.1804182231426239
6066874880.0,-0.20140062272548676
6067812352.0,-0.22254560887813568
6068749824.0,-0.24219033122062683
6069687296.0,-0.26216810941696167
6070624768.0,-0.2818565368652344
6071562752.0,-0.29987379908561707
6072500224.0,-0.31874769926071167
6073437696.0,-0.33574214577674866
6074375168.0,-0.3530235290527344
6075312640.0,-0.36834394931793213
6076250112.0,-0.38084113597869873
6077187584.0,-0.3962452709674835
6078125056.0,-0.4070320725440979
6079062528.0,-0.416984885931015
6080000000.0,-0.4247860610485077
6080937472.0,-0.4325683116912842
6081874944.0,-0.43854770064353943
6082812416.0,-0.4430283010005951
6083749888.0,-0.4448578953742981
6084687360.0,-0.4465261697769165
6085624832.0,-0.44605737924575806
6086562304.0,-0.4441380798816681
6087499776.0,-0.44031548500061035
6088437248.0,-0.4369528889656067
6089375232.0,-0.4307413399219513
6090312704.0,-0.42524755001068115
6091250176.0,-0.41599681973457336
6092187648.0,-0.40818098187446594
6093125120.0,-0.3972679376602173
6094062592.0,-0.3860265612602234
6095000064.0,-0.37406638264656067
6095937536.0,-0.3617350161075592
6096875008.0,-0.3494686782360077
6097812480.0,-0.335943341255188
6098749952.0,-0.32225295901298523
6099687424.0,-0.30750951170921326
6100624896.0,-0.2918660044670105
6101562368.0,-0.2779853940010071
6102499840.0,-0.26244568824768066
6103437312.0,-0.24735388159751892
6104374784.0,-0.23192273080348969
6105312256.0,-0.2158559113740921
6106250240.0,-0.20131734013557434
6107187712.0,-0.18602702021598816
6108125184.0,-0.17213967442512512
6109062656.0,-0.15811163187026978
6110000128.0,-0.14421150088310242
6110937600.0,-0.1335921436548233
6111875072.0,-0.12173337489366531
6112812544.0,-0.1106119453907013
6113750016.0,-0.10141530632972717
6114687488.0,-0.09341960400342941
6115624960.0,-0.08497964590787888
6116562432.0,-0.0789543017745018
6117499904.0,-0.07305091619491577
6118437376.0,-0.07057362794876099
6119374848.0,-0.07107949256896973
6120312320.0,-0.0719904899597168
6121249792.0,-0.07522618770599365
6122187264.0,-0.07992584258317947
6123125248.0,-0.08578097820281982
6124062720.0,-0.09284505993127823
6125000192.0,-0.14669135212898254
6125937664.0,-0.1605197936296463
6126875136.0,-0.17586956918239594
6127812608.0,-0.19281667470932007
6128750080.0,-0.21003197133541107
6129687552.0,-0.22628818452358246
6130625024.0,-0.24356183409690857
6131562496.0,-0.25981852412223816
6132499968.0,-0.2758738100528717
6133437440.0,-0.2924400568008423
6134374912.0,-0.3086548149585724
6135312384.0,-0.32350265979766846
6136249856.0,-0.338515043258667
6137187328.0,-0.3531547784805298
6138124800.0,-0.36773568391799927
6139062272.0,-0.3813857436180115
6140000256.0,-0.3948207497596741
6140937728.0,-0.40602779388427734
6141875200.0,-0.41739940643310547
6142812672.0,-0.4259527623653412
6143750144.0,-0.4335797429084778
6144687616.0,-0.4421037435531616
6145625088.0,-0.449919193983078
6146562560.0,-0.4560457766056061
6147500032.0,-0.46032777428627014
6148437504.0,-0.4629147946834564
6149374976.0,-0.4636325240135193
6150312448.0,-0.4634730815887451
6151249920.0,-0.46070772409439087
6152187392.0,-0.45631706714630127
6153124864.0,-0.4495786130428314
6154062336.0,-0.44231483340263367
6154999808.0,-0.43272507190704346
6155937280.0,-0.42368295788764954
6156874752.0,-0.41179847717285156
6157812736.0,-0.3997424840927124
6158750208.0,-0.38596224784851074
6159687680.0,-0.3722016513347626
6160625152.0,-0.35846930742263794
6161562624.0,-0.3437357544898987
6162500096.0,-0.32839328050613403
6163437568.0,-0.3140644133090973
6164375040.0,-0.299124151468277
6165312512.0,-0.28415870666503906
6166249984.0,-0.2704300284385681
6167187456.0,-0.25637003779411316
6168124928.0,-0.24350903928279877
6169062400.0,-0.2299034148454666
6169999872.0,-0.21513018012046814
6170937344.0,-0.20108576118946075
6171874816.0,-0.18806874752044678
6172812288.0,-0.1759786605834961
6173749760.0,-0.1644064337015152
6174687744.0,-0.15456707775592804
6175625216.0,-0.14551444351673126
6176562688.0,-0.13743546605110168
6177500160.0,-0.12972836196422577
6178437632.0,-0.12422039359807968
6179375104.0,-0.11963634938001633
6180312576.0,-0.11653199046850204
6181250048.0,-0.11456503719091415
6182187520.0,-0.11528191715478897
6183124992.0,-0.11725414544343948
6184062464.0,-0.121185801923275
6184999936.0,-0.26926419138908386
6185937408.0,-0.28529882431030273
6186874880.0,-0.30185985565185547
6187812352.0,-0.31958580017089844
6188749824.0,-0.33618512749671936
6189687296.0,-0.3537532389163971
6190624768.0,-0.37001094222068787
6191562752.0,-0.3863828480243683
6192500224.0,-0.4020472764968872
6193437696.0,-0.41561800241470337
6194375168.0,-0.4288037419319153
6195312640.0,-0.43848833441734314
6196250112.0,-0.4469510614871979
6197187584.0,-0.45514175295829773
6198125056.0,-0.45973703265190125
6199062528.0,-0.4635162055492401
6200000000.0,-0.467830628156662
6200937472.0,-0.4691888391971588
6201874944.0,-0.4712243378162384
6202812416.0,-0.4719647765159607
6203749888.0,-0.4736766219139099
6204687360.0,-0.4759664833545685
6205624832.0,-0.47703418135643005
6206562304.0,-0.48174846172332764
6207499776.0,-0.487170547246933
6208437248.0,-0.49369052052497864
6209375232.0,-0.5021334290504456
6210312704.0,-0.5084967613220215
6211250176.0,-0.5168994069099426
6212187648.0,-0.5233880877494812
6213125120.0,-0.5313875079154968
6214062592.0,-0.5352111458778381
6215000064.0,-0.5359150767326355
6215937536.0,-0.5308801531791687
6216875008.0,-0.523746907711029
6217812480.0,-0.516159176826477
6218749952.0,-0.5049734711647034
6219687424.0,-0.49351754784584045
6220624896.0,-0.4799371361732483
6221562368.0,-0.4667574167251587
6222499840.0,-0.4528219699859619
6223437312.0,-0.43820351362228394
6224374784.0,-0.4252898395061493
6225312256.0,-0.4132196605205536
6226250240.0,-0.4012935757637024
6227187712.0,-0.391412615776062
6228125184.0,-0.3820299804210663
6229062656.0,-0.3733028769493103
6230000128.0,-0.36571383476257324
6230937600.0,-0.35792678594589233
6231875072.0,-0.35128071904182434
6232812544.0,-0.34534120559692383
6233750016.0,-0.338162899017334
6234687488.0,-0.3326900601387024
6235624960.0,-0.3266034722328186
6236562432.0,-0.3197094202041626
6237499904.0,-0.3137928247451782
6238437376.0,-0.3077385127544403
6239374848.0,-0.29990360140800476
6240312320.0,-0.2928733825683594
6241249792.0,-0.2849399745464325
6242187264.0,-0.27763912081718445
6243125248.0,-0.2704828679561615
6244062720.0,-0.26363351941108704
6245000192.0,-0.42250141501426697
6245937664.0,-0.42346248030662537
6246875136.0,-0.42699891328811646
6247812608.0,-0.4329819977283478
6248750080.0,-0.4400401711463928
6249687552.0,-0.4499319791793823
6250625024.0,-0.46122685074806213
6251562496.0,-0.47491103410720825
6252499968.0,-0.49220237135887146
6253437440.0,-0.5109580755233765
6254374912.0,-0.5319193005561829
6255312384.0,-0.5542851686477661
6256249856.0,-0.5795018672943115
6257187328.0,-0.605660080909729
6258124800.0,-0.6325090527534485
6259062272.0,-0.6594513654708862
6259999744.0,-0.6863623857498169
6260937728.0,-0.7139031291007996
6261875200.0,-0.7405215501785278
6262812672.0,-0.7656576633453369
6263750144.0,-0.7875421047210693
6264687616.0,-0.8082045912742615
6265625088.0,-0.8256393074989319
6266562560.0,-0.8410641551017761
6267500032.0,-0.8534619808197021
6268437504.0,-0.8622389435768127
6269374976.0,-0.8679500818252563
6270312448.0,-0.8687647581100464
6271249920.0,-0.8687364459037781
6272187392.0,-0.8644211888313293
6273124864.0,-0.8558214902877808
6274062336.0,-0.844930112361908
6274999808.0,-0.8305175304412842
6275937280.0,-0.811653733253479
6276874752.0,-0.791489839553833
6277812736.0,-0.7677417397499084
6278750208.0,-0.7436119914054871
6279687680.0,-0.718031108379364
6280625152.0,-0.6890935897827148
6281562624.0,-0.6597686409950256
6282500096.0,-0.6303605437278748
6283437568.0,-0.6000360250473022
6284375040.0,-0.5696901082992554
6285312512.0,-0.5393381714820862
6286249984.0,-0.5101058483123779
6287187456.0,-0.4819200336933136
6288124928.0,-0.4541873037815094
6289062400.0,-0.4279468357563019
6289999872.0,-0.40403613448143005
6290937344.0,-0.3810458183288574
6291874816.0,-0.3611595034599304
6292812288.0,-0.3430800139904022
6293749760.0,-0.32822009921073914
6294687744.0,-0.31656157970428467
6295625216.0,-0.30768170952796936
6296562688.0,-0.30635368824005127
6297500160.0,-0.30884358286857605
6298437632.0,-0.31316959857940674
6299375104.0,-0.32135266065597534
6300312576.0,-0.3316061794757843
6301250048.0,-0.34574446082115173
6302187520.0,-0.3623431921005249
6303124992.0,-0.38019412755966187
6304062464.0,-0.40112853050231934
6304999936.0,-0.5418983101844788
6305937408.0,-0.5630568265914917
6306874880.0,-0.5844346880912781
6307812352.0,-0.6073245406150818
6308749824.0,-0.6316980123519897
6309687296.0,-0.6576518416404724
6310624768.0,-0.6843670010566711
6311562752.0,-0.7114212512969971
6312500224.0,-0.7393227219581604
6313437696.0,-0.7656933665275574
6314375168.0,-0.7915394306182861
6315312640.0,-0.8183342814445496
6316250112.0,-0.8426112532615662
6317187584.0,-0.8651494979858398
6318125056.0,-0.886219322681427
6319062528.0,-0.9055328369140625
6320000000.0,-0.9231258034706116
6320937472.0,-0.9390318393707275
6321874944.0,-0.9536313414573669
6322812416.0,-0.9651040434837341
6323749888.0,-0.9759497046470642
6324687360.0,-0.9819614291191101
6325624832.0,-0.9854314923286438
6326562304.0,-0.9865309596061707
6327499776.0,-0.9850531816482544
6328437248.0,-0.9801755547523499
6329375232.0,-0.9737226366996765
6330312704.0,-0.9639744758605957
6331250176.0,-0.9536511301994324
6332187648.0,-0.9407415390014648
6333125120.0,-0.9261373281478882
6334062592.0,-0.9088795781135559
6335000064.0,-0.8897396922111511
6335937536.0,-0.869810163974762
6336875008.0,-0.8491688370704651
6337812480.0,-0.8260899782180786
6338749952.0,-0.8036360740661621
6339687424.0,-0.7807731628417969
6340624896.0,-0.758079469203949
6341562368.0,-0.7350896000862122
6342499840.0,-0.7136319875717163
6343437312.0,-0.6911558508872986
6344374784.0,-0.6713162660598755
6345312256.0,-0.650761067867279
6346250240.0,-0.6313402056694031
6347187712.0,-0.6115834712982178
6348125184.0,-0.5918557047843933
6349062656.0,-0.5740553736686707
6350000128.0,-0.5575036406517029
6350937600.0,-0.5420624613761902
6351875072.0,-0.5289585590362549
6352812544.0,-0.5189683437347412
6353750016.0,-0.5090236663818359
6354687488.0,-0.5017305612564087
6355624960.0,-0.4966414272785187
6356562432.0,-0.49513083696365356
6357499904.0,-0.4950186610221863
6358437376.0,-0.49859872460365295
6359374848.0,-0.5047752857208252
6360312320.0,-0.5128396153450012
6361249792.0,-0.5246731638908386
6362187264.0,-0.5382593274116516
6363125248.0,-0.5543123483657837
6364062720.0,-0.5735628008842468
6365000192.0,-0.8417201638221741
6365937664.0,-0.8487409353256226
6366875136.0,-0.857174277305603
6367812608.0,-0.8659661412239075
6368750080.0,-0.8738493919372559
6369687552.0,-0.8827989101409912
6370625024.0,-0.891726553440094
6371562496.0,-0.9008671641349792
6372499968.0,-0.9098778963088989
6373437440.0,-0.9197708964347839
6374374912.0,-0.9298339486122131
6375312384.0,-0.939354419708252
6376249856.0,-0.9496484398841858
6377187328.0,-0.9587382078170776
6378124800.0,-0.9675772190093994
6379062272.0,-0.9752776026725769
6380000256.0,-0.9824129939079285
6380937728.0,-0.9879857897758484
6381875200.0,-0.995391845703125
6382812672.0,-0.9996700286865234
6383750144.0,-1.0028496980667114
6384687616.0,-1.0056116580963135
6385625088.0,-1.0092260837554932
6386562560.0,-1.0105267763137817
6387500032.0,-1.0128849744796753
6388437504.0,-1.015251636505127
6389374976.0,-1.01656174659729
6390312448.0,-1.0179675817489624
6391249920.0,-1.0186008214950562
6392187392.0,-1.0189273357391357
6393124864.0,-1.0186017751693726
6394062336.0,-1.0172126293182373
6394999808.0,-1.0157883167266846
6395937280.0,-1.0144696235656738
6396874752.0,-1.0120645761489868
6397812736.0,-1.0092453956604004
6398750208.0,-1.0062477588653564
6399687680.0,-1.0022984743118286
6400625152.0,-1.0004079341888428
6401562624.0,-0.997955322265625
6402500096.0,-0.9969116449356079
6403437568.0,-0.9955811500549316
6404375040.0,-0.995051383972168
6405312512.0,-0.9952642917633057
6406249984.0,-0.9944266080856323
6407187456.0,-0.9961338043212891
6408124928.0,-0.9975998997688293
6409062400.0,-1.0009690523147583
6409999872.0,-1.0054949522018433
6410937344.0,-1.0094114542007446
6411874816.0,-1.014954686164856
6412812288.0,-1.0200915336608887
6413749760.0,-1.0275557041168213
6414687744.0,-1.0340170860290527
6415625216.0,-1.0414904356002808
6416562688.0,-1.0494290590286255
6417500160.0,-1.0564799308776855
6418437632.0,-1.0644762516021729
6419375104.0,-1.0740469694137573
6420312576.0,-1.0819134712219238
6421250048.0,-1.0913118124008179
6422187520.0,-1.0988646745681763
6423124992.0,-1.1042978763580322
6424062464.0,-1.10872220993042
6424999936.0,-1.1243336200714111
6425937408.0,-1.1351662874221802
6426874880.0,-1.145495891571045
6427812352.0,-1.1559600830078125
6428749824.0,-1.1633318662643433
6429687296.0,-1.1681780815124512
6430624768.0,-1.1733139753341675
6431562752.0,-1.1754319667816162
6432500224.0,-1.177278995513916
6433437696.0,-1.1781127452850342
6434375168.0,-1.175122857093811
6435312640.0,-1.1721410751342773
6436250112.0,-1.167466163635254
6437187584.0,-1.1601169109344482
6438125056.0,-1.1530109643936157
6439062528.0,-1.1442878246307373
6440000000.0,-1.1336638927459717
6440937472.0,-1.1227422952651978
6441874944.0,-1.1105427742004395
6442812416.0,-1.0970757007598877
6443749888.0,-1.0839996337890625
6444687360.0,-1.0707074403762817
6445624832.0,-1.0587115287780762
6446562304.0,-1.0460764169692993
6447499776.0,-1.0342622995376587
6448437248.0,-1.0228829383850098
6449375232.0,-1.0123366117477417
6450312704.0,-1.0019750595092773
6451250176.0,-0.9933688640594482
6452187648.0,-0.9838533997535706
6453125120.0,-0.9756162166595459
6454062592.0,-0.9664629101753235
6455000064.0,-0.9601215124130249
6455937536.0,-0.9524452686309814
6456875008.0,-0.9466736912727356
6457812480.0,-0.9418635368347168
6458749952.0,-0.9372479319572449
6459687424.0,-0.932959258556366
6460624896.0,-0.9286870956420898
6461562368.0,-0.9253532886505127
6462499840.0,-0.9224879145622253
6463437312.0,-0.9191364049911499
6464374784.0,-0.9169281721115112
6465312256.0,-0.913715124130249
6466250240.0,-0.9111607670783997
6467187712.0,-0.9086105823516846
6468125184.0,-0.9044564962387085
6469062656.0,-0.900312066078186
6470000128.0,-0.895144522190094
6470937600.0,-0.8906955122947693
6471875072.0,-0.8843327760696411
6472812544.0,-0.8784099817276001
6473750016.0,-0.8753385543823242
6474687488.0,-0.8725529313087463
6475624960.0,-0.8700715899467468
6476562432.0,-0.8679383397102356
6477499904.0,-0.8645955324172974
6478437376.0,-0.8622416853904724
6479374848.0,-0.8586312532424927
6480312320.0,-0.8557922840118408
6481249792.0,-0.8532997369766235
6482187264.0,-0.8506907224655151
6483125248.0,-0.8494895696640015
6484062720.0,-0.8493313193321228
6485000192.0,-0.9520621299743652
6485937664.0,-0.9579256176948547
6486875136.0,-0.9642451405525208
6487812608.0,-0.9724682569503784
6488750080.0,-0.9795821905136108
6489687552.0,-0.9849985241889954
6490625024.0,-0.991859495639801
6491562496.0,-0.9976998567581177
6492499968.0,-1.002044916152954
6493437440.0,-1.006287693977356
6494374912.0,-1.010595440864563
6495312384.0,-1.0129975080490112
6496249856.0,-1.0148979425430298
6497187328.0,-1.0169994831085205
6498124800.0,-1.0174840688705444
6499062272.0,-1.016888976097107
6499999744.0,-1.0150140523910522
6500937728.0,-1.0125114917755127
6501875200.0,-1.0082124471664429
6502812672.0,-1.0022661685943604
6503750144.0,-0.9959995746612549
6504687616.0,-0.9903292059898376
6505625088.0,-0.9834315180778503
6506562560.0,-0.9756240248680115
6507500032.0,-0.9665156602859497
6508437504.0,-0.956147313117981
6509374976.0,-0.9454201459884644
6510312448.0,-0.9344303607940674
6511249920.0,-0.9224037528038025
6512187392.0,-0.9102562665939331
6513124864.0,-0.8985453248023987
6514062336.0,-0.8874446153640747
6514999808.0,-0.876255989074707
6515937280.0,-0.8658406138420105
6516874752.0,-0.8554149866104126
6517812736.0,-0.8456213474273682
6518750208.0,-0.8352371454238892
6519687680.0,-0.8255414366722107
6520625152.0,-0.816897988319397
6521562624.0,-0.8106616139411926
6522500096.0,-0.8037586212158203
6523437568.0,-0.7974897623062134
6524375040.0,-0.792835533618927
6525312512.0,-0.7888926863670349
6526249984.0,-0.7851195335388184
6527187456.0,-0.7824041843414307
6528124928.0,-0.7807724475860596
6529062400.0,-0.7796133756637573
6529999872.0,-0.7799208164215088
6530937344.0,-0.7811981439590454
6531874816.0,-0.783519446849823
6532812288.0,-0.7856769561767578
6533749760.0,-0.7889739871025085
6534687744.0,-0.7943569421768188
6535625216.0,-0.7996830940246582
6536562688.0,-0.8059226870536804
6537500160.0,-0.8122327923774719
6538437632.0,-0.8181665539741516
6539375104.0,-0.8258427381515503
6540312576.0,-0.8318993449211121
6541250048.0,-0.8385525345802307
6542187520.0,-0.8448198437690735
6543124992.0,-0.8518663644790649
6544062464.0,-0.8591212630271912
6544999936.0,-0.8537513017654419
6545937408.0,-0.8569020628929138
6546874880.0,-0.8600677847862244
6547812352.0,-0.8637935519218445
6548749824.0,-0.8682768940925598
6549687296.0,-0.8709833025932312
6550624768.0,-0.874517023563385
6551562752.0,-0.8787180781364441
6552500224.0,-0.8825846910476685
6553437696.0,-0.8870062232017517
6554375168.0,-0.8931208848953247
6555312640.0,-0.8988183736801147
6556250112.0,-0.9058793187141418
6557187584.0,-0.9150116443634033
6558125056.0,-0.9239778518676758
6559062528.0,-0.9344373941421509
6560000000.0,-0.9444688558578491
6560937472.0,-0.9544881582260132
6561874944.0,-0.9666190147399902
6562812416.0,-0.9776559472084045
6563749888.0,-0.9906013011932373
6564687360.0,-1.0039979219436646
6565624832.0,-1.0181728601455688
6566562304.0,-1.0313425064086914
6567499776.0,-1.0461281538009644
6568437248.0,-1.0589873790740967
6569375232.0,-1.0711055994033813
6570312704.0,-1.083804726600647
6571250176.0,-1.0948848724365234
6572187648.0,-1.1062507629394531
6573125120.0,-1.116302728652954
6574062592.0,-1.1272861957550049
6575000064.0,-1.135474681854248
6575937536.0,-1.1434688568115234
6576875008.0,-1.1499627828598022
6577812480.0,-1.1572297811508179
6578749952.0,-1.1621525287628174
6579687424.0,-1.1655852794647217
6580624896.0,-1.1683663129806519
6581562368.0,-1.1704968214035034
6582499840.0,-1.1718116998672485
6583437312.0,-1.1697620153427124
6584374784.0,-1.168797254562378
6585312256.0,-1.1665061712265015
6586250240.0,-1.1638914346694946
6587187712.0,-1.1590502262115479
6588125184.0,-1.1551628112792969
6589062656.0,-1.1498479843139648
6590000128.0,-1.1446634531021118
6590937600.0,-1.1388028860092163
6591875072.0,-1.1326628923416138
6592812544.0,-1.1284531354904175
6593750016.0,-1.1236844062805176
6594687488.0,-1.1192196607589722
6595624960.0,-1.1142823696136475
6596562432.0,-1.1105842590332031
6597499904.0,-1.1076328754425049
6598437376.0,-1.106153964996338
6599374848.0,-1.1046981811523438
6600312320.0,-1.104483723640442
6601249792.0,-1.1040860414505005
6602187264.0,-1.1046884059906006
6603125248.0,-1.1066374778747559
6604062720.0,-1.1101527214050293
6605000192.0,-1.109068512916565
6605937664.0,-1.1152637004852295
6606875136.0,-1.1215204000473022
6607812608.0,-1.1266995668411255
6608750080.0,-1.1324236392974854
6609687552.0,-1.1374123096466064
6610625024.0,-1.1428980827331543
6611562496.0,-1.147920846939087
6612499968.0,-1.1530083417892456
6613437440.0,-1.15755295753479
6614374912.0,-1.1616390943527222
6615312384.0,-1.1665592193603516
6616249856.0,-1.1720856428146362
6617187328.0,-1.1771212816238403
6618124800.0,-1.183082938194275
6619062272.0,-1.1886378526687622
6620000256.0,-1.1941776275634766
6620937728.0,-1.201043963432312
6621875200.0,-1.208735466003418
6622812672.0,-1.2178069353103638
6623750144.0,-1.2290897369384766
6624687616.0,-1.2398855686187744
6625625088.0,-1.2536500692367554
6626562560.0,-1.2709619998931885
6627500032.0,-1.2898099422454834
6628437504.0,-1.3101897239685059
6629374976.0,-1.3296031951904297
6630312448.0,-1.349414348602295
6631249920.0,-1.369931697845459
6632187392.0,-1.390933632850647
6633124864.0,-1.412272572517395
6634062336.0,-1.4338445663452148
6634999808.0,-1.454400897026062
6635937280.0,-1.4768338203430176
6636874752.0,-1.4970935583114624
6637812736.0,-1.5162889957427979
6638750208.0,-1.5360597372055054
6639687680.0,-1.554789423942566
6640625152.0,-1.5706905126571655
6641562624.0,-1.5873439311981201
6642500096.0,-1.6010286808013916
6643437568.0,-1.6146882772445679
6644375040.0,-1.6256272792816162
6645312512.0,-1.6346828937530518
6646249984.0,-1.6446303129196167
6647187456.0,-1.6521881818771362
6648124928.0,-1.6581766605377197
6649062400.0,-1.6635478734970093
6649999872.0,-1.6677535772323608
6650937344.0,-1.670714259147644
6651874816.0,-1.6747698783874512
6652812288.0,-1.6774598360061646
6653749760.0,-1.678590178489685
6654687744.0,-1.680260181427002
6655625216.0,-1.6831597089767456
6656562688.0,-1.6873823404312134
6657500160.0,-1.690495491027832
6658437632.0,-1.6926937103271484
6659375104.0,-1.6982229948043823
6660312576.0,-1.7041927576065063
6661250048.0,-1.7126214504241943
6662187520.0,-1.7227226495742798
6663124992.0,-1.7343589067459106
6664062464.0,-1.7468383312225342
6664999936.0,-1.7643276453018188
6665937408.0,-1.7781713008880615
6666874880.0,-1.790616512298584
6667812352.0,-1.8060765266418457
6668749824.0,-1.8219542503356934
6669687296.0,-1.8366377353668213
6670624768.0,-1.8514914512634277
6671562752.0,-1.8675631284713745
6672500224.0,-1.8814359903335571
6673437696.0,-1.8959932327270508
6674375168.0,-1.9083150625228882
6675312640.0,-1.9199765920639038
6676250112.0,-1.9304015636444092
6677187584.0,-1.9357895851135254
6678125056.0,-1.9421006441116333
6679062528.0,-1.9469929933547974
6680000000.0,-1.9515970945358276
6680937472.0,-1.956087350845337
6681874944.0,-1.9582977294921875
6682812416.0,-1.9593086242675781
6683749888.0,-1.9593710899353027
6684687360.0,-1.9584646224975586
6685624832.0,-1.9573283195495605
6686562304.0,-1.9569709300994873
6687499776.0,-1.957048773765564
6688437248.0,-1.9568181037902832
6689375232.0,-1.9579418897628784
6690312704.0,-1.9620593786239624
6691250176.0,-1.9652677774429321
6692187648.0,-1.9728457927703857
6693125120.0,-1.981320858001709
6694062592.0,-1.9933983087539673
6695000064.0,-2.007195234298706
6695937536.0,-2.0201644897460938
6696875008.0,-2.0372231006622314
6697812480.0,-2.053299903869629
6698749952.0,-2.0708706378936768
6699687424.0,-2.092026948928833
6700624896.0,-2.1145129203796387
6701562368.0,-2.139352798461914
6702499840.0,-2.165018320083618
6703437312.0,-2.190662145614624
6704374784.0,-2.217180013656616
6705312256.0,-2.2429821491241455
6706250240.0,-2.268585205078125
6707187712.0,-2.2937357425689697
6708125184.0,-2.318258285522461
6709062656.0,-2.3409531116485596
6710000128.0,-2.363342046737671
6710937600.0,-2.3835368156433105
6711875072.0,-2.4021034240722656
6712812544.0,-2.4189560413360596
6713750016.0,-2.43271803855896
6714687488.0,-2.4428112506866455
6715624960.0,-2.452613592147827
6716562432.0,-2.457935094833374
6717499904.0,-2.462284803390503
6718437376.0,-2.462134838104248
6719374848.0,-2.4613125324249268
6720312320.0,-2.4594533443450928
6721249792.0,-2.455822229385376
6722187264.0,-2.454103946685791
6723125248.0,-2.4514830112457275
6724062720.0,-2.4523110389709473
6725000192.0,-2.4289495944976807
6725937664.0,-2.4322264194488525
6726875136.0,-2.4364778995513916
6727812608.0,-2.4422988891601562
6728750080.0,-2.4520978927612305
6729687552.0,-2.4643173217773438
6730625024.0,-2.477668046951294
6731562496.0,-2.494051456451416
6732499968.0,-2.5108401775360107
6733437440.0,-2.5313141345977783
6734374912.0,-2.5544886589050293
6735312384.0,-2.577781915664673
6736249856.0,-2.6040570735931396
6737187328.0,-2.6317548751831055
6738124800.0,-2.6618905067443848
6739062272.0,-2.692617893218994
6739999744.0,-2.72402286529541
6740937728.0,-2.7570111751556396
6741875200.0,-2.78993558883667
6742812672.0,-2.822673797607422
6743750144.0,-2.8569250106811523
6744687616.0,-2.889982223510742
6745625088.0,-2.9210100173950195
6746562560.0,-2.950693130493164
6747500032.0,-2.9806883335113525
6748437504.0,-3.0067551136016846
6749374976.0,-3.0315864086151123
6750312448.0,-3.0523359775543213
6751249920.0,-3.070390462875366
6752187392.0,-3.0907998085021973
6753124864.0,-3.101719856262207
6754062336.0,-3.110072374343872
6754999808.0,-3.1149892807006836
6755937280.0,-3.117920398712158
6756874752.0,-3.1168651580810547
6757812736.0,-3.1094112396240234
6758750208.0,-3.0986568927764893
6759687680.0,-3.084441661834717
6760625152.0,-3.065075635910034
6761562624.0,-3.0408976078033447
6762500096.0,-3.0129966735839844
6763437568.0,-2.9812803268432617
6764375040.0,-2.9436159133911133
6765312512.0,-2.9029057025909424
6766249984.0,-2.8579444885253906
6767187456.0,-2.808403730392456
6768124928.0,-2.7536447048187256
6769062400.0,-2.6972053050994873
6769999872.0,-2.6382293701171875
6770937344.0,-2.5771236419677734
6771874816.0,-2.5149827003479004
6772812288.0,-2.45255970954895
6773749760.0,-2.3898487091064453
6774687744.0,-2.328141450881958
6775625216.0,-2.265718460083008
6776562688.0,-2.206364154815674
6777500160.0,-2.1485812664031982
6778437632.0,-2.098661422729492
6779375104.0,-2.0509984493255615
6780312576.0,-2.0075206756591797
6781250048.0,-1.9685168266296387
6782187520.0,-1.934153437614441
6783124992.0,-1.9034922122955322
6784062464.0,-1.8779646158218384
6784999936.0,-2.3347551822662354
6785937408.0,-2.318063259124756
6786874880.0,-2.3023810386657715
6787812352.0,-2.2865960597991943
6788749824.0,-2.2734670639038086
6789687296.0,-2.2622501850128174
6790624768.0,-2.251397132873535
6791562752.0,-2.2435007095336914
6792500224.0,-2.2363598346710205
6793437696.0,-2.2316317558288574
6794375168.0,-2.2276198863983154
6795312640.0,-2.2257657051086426
6796250112.0,-2.2243003845214844
6797187584.0,-2.226341724395752
6798125056.0,-2.228276491165161
6799062528.0,-2.2315428256988525
6800000000.0,-2.2380528450012207
6800937472.0,-2.245509386062622
6801874944.0,-2.254055976867676
6802812416.0,-2.262509822845459
6803749888.0,-2.276549816131592
6804687360.0,-2.2919914722442627
6805624832.0,-2.307119607925415
6806562304.0,-2.3238296508789062
6807499776.0,-2.3401942253112793
6808437248.0,-2.3588554859161377
6809375232.0,-2.375969648361206
6810312704.0,-2.3940045833587646
6811250176.0,-2.4093496799468994
6812187648.0,-2.4247817993164062
6813125120.0,-2.43887996673584
6814062592.0,-2.4513044357299805
6815000064.0,-2.461120843887329
6815937536.0,-2.467954635620117
6816875008.0,-2.4724466800689697
6817812480.0,-2.4732778072357178
6818749952.0,-2.470754861831665
6819687424.0,-2.465789556503296
6820624896.0,-2.4550650119781494
6821562368.0,-2.4428517818450928
6822499840.0,-2.426374912261963
6823437312.0,-2.407318592071533
6824374784.0,-2.38401460647583
6825312256.0,-2.3577451705932617
6826250240.0,-2.328580379486084
6827187712.0,-2.2971622943878174
6828125184.0,-2.2626800537109375
6829062656.0,-2.225471258163452
6830000128.0,-2.185582160949707
6830937600.0,-2.146129846572876
6831875072.0,-2.1044414043426514
6832812544.0,-2.0622003078460693
6833750016.0,-2.0201668739318848
6834687488.0,-1.9773366451263428
6835624960.0,-1.9349522590637207
6836562432.0,-1.8917969465255737
6837499904.0,-1.8502973318099976
6838437376.0,-1.8111926317214966
6839374848.0,-1.7734535932540894
6840312320.0,-1.7376059293746948
6841249792.0,-1.7041758298873901
6842187264.0,-1.671794056892395
6843125248.0,-1.6413167715072632
6844062720.0,-1.6129616498947144
6845000192.0,-1.5065360069274902
6845937664.0,-1.4800840616226196
6846875136.0,-1.454648494720459
6847812608.0,-1.4328917264938354
6848750080.0,-1.4122346639633179
6849687552.0,-1.3959294557571411
6850625024.0,-1.383092999458313
6851562496.0,-1.3752422332763672
6852499968.0,-1.3693963289260864
6853437440.0,-1.3659120798110962
6854374912.0,-1.3661003112792969
6855312384.0,-1.3678357601165771
6856249856.0,-1.3719511032104492
6857187328.0,-1.377780795097351
6858124800.0,-1.3867477178573608
6859062272.0,-1.3984400033950806
6860000256.0,-1.412392020225525
6860937728.0,-1.4258005619049072
6861875200.0,-1.4419214725494385
6862812672.0,-1.459179162979126
6863750144.0,-1.4772531986236572
6864687616.0,-1.4971243143081665
6865625088.0,-1.5155545473098755
6866562560.0,-1.5334970951080322
6867500032.0,-1.5527349710464478
6868437504.0,-1.5687276124954224
6869374976.0,-1.5846582651138306
6870312448.0,-1.5977284908294678
6871249920.0,-1.6107951402664185
6872187392.0,-1.620678186416626
6873124864.0,-1.6293883323669434
6874062336.0,-1.6359295845031738
6874999808.0,-1.6403170824050903
6875937280.0,-1.6407135725021362
6876874752.0,-1.638558268547058
6877812736.0,-1.6334179639816284
6878750208.0,-1.624525547027588
6879687680.0,-1.6118769645690918
6880625152.0,-1.597580075263977
6881562624.0,-1.5805835723876953
6882500096.0,-1.5618445873260498
6883437568.0,-1.5381516218185425
6884375040.0,-1.5143153667449951
6885312512.0,-1.4878251552581787
6886249984.0,-1.461655616760254
6887187456.0,-1.4310520887374878
6888124928.0,-1.4002726078033447
6889062400.0,-1.3691062927246094
6889999872.0,-1.3387647867202759
6890937344.0,-1.3072839975357056
6891874816.0,-1.2746602296829224
6892812288.0,-1.2426713705062866
6893749760.0,-1.2125482559204102
6894687744.0,-1.1825573444366455
6895625216.0,-1.1516467332839966
6896562688.0,-1.1226469278335571
6897500160.0,-1.0958820581436157
6898437632.0,-1.0702435970306396
6899375104.0,-1.0455892086029053
6900312576.0,-1.022417426109314
6901250048.0,-1.0021682977676392
6902187520.0,-0.9825460314750671
6903124992.0,-0.966090977191925
6904062464.0,-0.9525720477104187
6904999936.0,-0.9605620503425598
6905937408.0,-0.9572716355323792
6906874880.0,-0.9570542573928833
6907812352.0,-0.9577070474624634
6908749824.0,-0.9603358507156372
6909687296.0,-0.9620126485824585
6910624768.0,-0.9655759334564209
6911562752.0,-0.9698244333267212
6912500224.0,-0.973606288433075
6913437696.0,-0.9791720509529114
6914375168.0,-0.9833271503448486
6915312640.0,-0.987522304058075
6916250112.0,-0.9932202100753784
6917187584.0,-0.9962334036827087
6918125056.0,-0.9990245699882507
6919062528.0,-1.0006954669952393
6920000000.0,-0.9989192485809326
6920937472.0,-0.9964825510978699
6921874944.0,-0.99217289686203
6922812416.0,-0.9847126007080078
6923749888.0,-0.9766001105308533
6924687360.0,-0.9648441076278687
6925624832.0,-0.951470673084259
6926562304.0,-0.9357792735099792
6927499776.0,-0.9200200438499451
6928437248.0,-0.9023337960243225
6929375232.0,-0.8820074796676636
6930312704.0,-0.8632221817970276
6931250176.0,-0.8428024053573608
6932187648.0,-0.8211982846260071
6933125120.0,-0.7993912696838379
6934062592.0,-0.776785135269165
6935000064.0,-0.7540714740753174
6935937536.0,-0.7320731282234192
6936875008.0,-0.7106577754020691
6937812480.0,-0.6896170973777771
6938749952.0,-0.6688979268074036
6939687424.0,-0.6495724320411682
6940624896.0,-0.630698025226593
6941562368.0,-0.6122711896896362
6942499840.0,-0.5957908630371094
6943437312.0,-0.5806931853294373
6944374784.0,-0.5675790905952454
6945312256.0,-0.5555900931358337
6946250240.0,-0.5459979772567749
6947187712.0,-0.5365637540817261
6948125184.0,-0.5307715535163879
6949062656.0,-0.5265224575996399
6950000128.0,-0.5234003067016602
6950937600.0,-0.5234471559524536
6951875072.0,-0.5227436423301697
6952812544.0,-0.5253223180770874
6953750016.0,-0.5276927947998047
6954687488.0,-0.5314375758171082
6955624960.0,-0.5369953513145447
6956562432.0,-0.544554591178894
6957499904.0,-0.5548786520957947
6958437376.0,-0.5637451410293579
6959374848.0,-0.5741677284240723
6960312320.0,-0.5852084755897522
6961249792.0,-0.5962390303611755
6962187264.0,-0.6068865060806274
6963125248.0,-0.6163598299026489
6964062720.0,-0.6271802186965942
6965000192.0,-0.5298431515693665
6965937664.0,-0.537867546081543
6966875136.0,-0.547170102596283
6967812608.0,-0.5572912096977234
6968750080.0,-0.5679218173027039
6969687552.0,-0.5789822340011597
6970625024.0,-0.589110791683197
6971562496.0,-0.6004810333251953
6972499968.0,-0.6124551296234131
6973437440.0,-0.6236398816108704
6974374912.0,-0.6360784769058228
6975312384.0,-0.6468378901481628
6976249856.0,-0.658774197101593
6977187328.0,-0.6701793074607849
6978124800.0,-0.6820901036262512
6979062272.0,-0.6933143138885498
6979999744.0,-0.7064933776855469
6980937728.0,-0.7178359627723694
6981875200.0,-0.7278549075126648
6982812672.0,-0.7359808087348938
6983750144.0,-0.742949366569519
6984687616.0,-0.7514023780822754
6985625088.0,-0.7576121091842651
6986562560.0,-0.7634351849555969
6987500032.0,-0.7693538665771484
6988437504.0,-0.7740424871444702
6989374976.0,-0.777622401714325
6990312448.0,-0.7811179161071777
6991249920.0,-0.7829949259757996
6992187392.0,-0.783691942691803
6993124864.0,-0.7843989729881287
6994062336.0,-0.781696081161499
6994999808.0,-0.7783381938934326
6995937280.0,-0.7735316753387451
6996874752.0,-0.7670890688896179
6997812736.0,-0.7593557238578796
6998750208.0,-0.7509031891822815
6999687680.0,-0.7414480447769165
7000625152.0,-0.7306951880455017
7001562624.0,-0.7200331687927246
7002500096.0,-0.709007203578949
7003437568.0,-0.6957700252532959
7004375040.0,-0.68304044008255
7005312512.0,-0.6689192652702332
7006249984.0,-0.6546592116355896
7007187456.0,-0.6382548213005066
7008124928.0,-0.620109498500824
7009062400.0,-0.6024425029754639
7009999872.0,-0.5842890739440918
7010937344.0,-0.5665680170059204
7011874816.0,-0.5492316484451294
7012812288.0,-0.5333760976791382
7013749760.0,-0.5174808502197266
7014687744.0,-0.500923752784729
7015625216.0,-0.48618823289871216
7016562688.0,-0.47041934728622437
7017500160.0,-0.4548425078392029
7018437632.0,-0.4403083324432373
7019375104.0,-0.42742305994033813
7020312576.0,-0.413423627614975
7021250048.0,-0.40124720335006714
7022187520.0,-0.38871997594833374
7023124992.0,-0.37669336795806885
7024062464.0,-0.3674396872520447
7024999936.0,-0.2848552465438843
7025937408.0,-0.288277804851532
7026874880.0,-0.2937317192554474
7027812352.0,-0.2983153760433197
7028749824.0,-0.3049284517765045
7029687296.0,-0.31233546137809753
7030624768.0,-0.3193627595901489
7031562752.0,-0.32931360602378845
7032500224.0,-0.3387008011341095
7033437696.0,-0.3514258563518524
7034375168.0,-0.36525750160217285
7035312640.0,-0.3778071999549866
7036250112.0,-0.39210814237594604
7037187584.0,-0.40645137429237366
7038125056.0,-0.4200941324234009
7039062528.0,-0.4337623417377472
7040000000.0,-0.4484477639198303
7040937472.0,-0.46377307176589966
7041874944.0,-0.47832784056663513
7042812416.0,-0.4913942813873291
7043749888.0,-0.5057693719863892
7044687360.0,-0.5178846716880798
7045624832.0,-0.5304670929908752
7046562304.0,-0.5425019264221191
7047499776.0,-0.5520339012145996
7048437248.0,-0.5633440613746643
7049375232.0,-0.572539210319519
7050312704.0,-0.5801523327827454
7051250176.0,-0.5880876183509827
7052187648.0,-0.5935472249984741
7053125120.0,-0.5971277952194214
7054062592.0,-0.6001756191253662
7055000064.0,-0.6018422842025757
7055937536.0,-0.6021918654441833
7056875008.0,-0.6027185916900635
7057812480.0,-0.6003378629684448
7058749952.0,-0.6010779142379761
7059687424.0,-0.6000447273254395
7060624896.0,-0.5977134108543396
7061562368.0,-0.5919168591499329
7062499840.0,-0.5873216986656189
7063437312.0,-0.5789276957511902
7064374784.0,-0.570061981678009
7065312256.0,-0.5611993670463562
7066250240.0,-0.5506076216697693
7067187712.0,-0.5395535826683044
7068125184.0,-0.5271561741828918
7069062656.0,-0.515279233455658
7070000128.0,-0.5013608932495117
7070937600.0,-0.48925745487213135
7071875072.0,-0.47476837038993835
7072812544.0,-0.46119287610054016
7073750016.0,-0.44636455178260803
7074687488.0,-0.43125075101852417
7075624960.0,-0.4148363769054413
7076562432.0,-0.39931151270866394
7077499904.0,-0.38266274333000183
7078437376.0,-0.3664461076259613
7079374848.0,-0.35055771470069885
7080312320.0,-0.33463987708091736
7081249792.0,-0.31787198781967163
7082187264.0,-0.30216026306152344
7083125248.0,-0.28736117482185364
7084062720.0,-0.2732852101325989
7085000192.0,-0.3362020254135132
7085937664.0,-0.32604631781578064
7086875136.0,-0.31535768508911133
7087812608.0,-0.30613061785697937
7088750080.0,-0.297229528427124
7089687552.0,-0.2899491488933563
7090625024.0,-0.2816525995731354
7091562496.0,-0.2753322422504425
7092499968.0,-0.26953625679016113
7093437440.0,-0.26471686363220215
7094374912.0,-0.2620793282985687
7095312384.0,-0.2612308859825134
7096249856.0,-0.25971344113349915
7097187328.0,-0.26073935627937317
7098124800.0,-0.2639327347278595
7099062272.0,-0.2661060690879822
7100000256.0,-0.2713475823402405
7100937728.0,-0.2773669362068176
7101875200.0,-0.2855660021305084
7102812672.0,-0.29569146037101746
7103750144.0,-0.30765002965927124
7104687616.0,-0.3216680586338043
7105625088.0,-0.3359043300151825
7106562560.0,-0.35227489471435547
7107500032.0,-0.3697015047073364
7108437504.0,-0.38830646872520447
7109374976.0,-0.4083370268344879
7110312448.0,-0.429643839597702
7111249920.0,-0.45138201117515564
7112187392.0,-0.4737403988838196
7113124864.0,-0.49674537777900696
7114062336.0,-0.5186629295349121
7114999808.0,-0.5413232445716858
7115937280.0,-0.5650900602340698
7116874752.0,-0.5867294669151306
7117812736.0,-0.6080528497695923
7118750208.0,-0.6286160945892334
7119687680.0,-0.6481148600578308
7120625152.0,-0.6668691039085388
7121562624.0,-0.6855666041374207
7122500096.0,-0.7013477087020874
7123437568.0,-0.7165440320968628
7124375040.0,-0.7281967997550964
7125312512.0,-0.7376440763473511
7126249984.0,-0.7469930052757263
7127187456.0,-0.7518167495727539
7128124928.0,-0.7557290196418762
7129062400.0,-0.7602349519729614
7129999872.0,-0.7592649459838867
7130937344.0,-0.7567510604858398
7131874816.0,-0.7523720264434814
7132812288.0,-0.7458271980285645
7133749760.0,-0.7355461716651917
7134687744.0,-0.7237815260887146
7135625216.0,-0.7114406228065491
7136562688.0,-0.6978075504302979
7137500160.0,-0.6805912852287292
7138437632.0,-0.6635403037071228
7139375104.0,-0.645106315612793
7140312576.0,-0.6247370839118958
7141250048.0,-0.6037808656692505
7142187520.0,-0.5807421207427979
7143124992.0,-0.5602813363075256
7144062464.0,-0.43927201628685
7144999936.0,-0.4361318349838257
7145937408.0,-0.43224403262138367
7146874880.0,-0.43013063073158264
7147812352.0,-0.4273662567138672
7148749824.0,-0.42432457208633423
7149687296.0,-0.4218388795852661
7150624768.0,-0.4201814532279968
7151562752.0,-0.4190031588077545
7152500224.0,-0.41777417063713074
7153437696.0,-0.4184023141860962
7154375168.0,-0.4196511507034302
7155312640.0,-0.42247632145881653
7156250112.0,-0.42824670672416687
7157187584.0,-0.4328896701335907
7158125056.0,-0.4412758946418762
7159062528.0,-0.4512721598148346
7160000000.0,-0.4600388705730438
7160937472.0,-0.4663466215133667
7161874944.0,-0.47565987706184387
7162812416.0,-0.48330599069595337
7163749888.0,-0.4940073490142822
7164687360.0,-0.5031782388687134
7165624832.0,-0.5133970975875854
7166562304.0,-0.5243936777114868
7167499776.0,-0.5341238975524902
7168437248.0,-0.5443915128707886
7169375232.0,-0.5543392300605774
7170312704.0,-0.5629274845123291
7171250176.0,-0.5685948133468628
7172187648.0,-0.5751103758811951
7173125120.0,-0.5781406760215759
7174062592.0,-0.58087158203125
7175000064.0,-0.5815976858139038
7175937536.0,-0.5810834169387817
7176875008.0,-0.5788425803184509
7177812480.0,-0.576102077960968
7178749952.0,-0.5706542134284973
7179687424.0,-0.5638312101364136
7180624896.0,-0.5572702884674072
7181562368.0,-0.5478686094284058
7182499840.0,-0.53767991065979
7183437312.0,-0.5272791981697083
7184374784.0,-0.5150886178016663
7185312256.0,-0.5004628300666809
7186250240.0,-0.4817848801612854
7187187712.0,-0.4642879366874695
7188125184.0,-0.4454839825630188
7189062656.0,-0.42685773968696594
7190000128.0,-0.4067496657371521
7190937600.0,-0.3880092203617096
7191875072.0,-0.36797648668289185
7192812544.0,-0.3481554388999939
7193750016.0,-0.32924580574035645
7194687488.0,-0.3109062910079956
7195624960.0,-0.2930065989494324
7196562432.0,-0.2762855589389801
7197499904.0,-0.26094409823417664
7198437376.0,-0.24680756032466888
7199374848.0,-0.23521649837493896
7200312320.0,-0.22624635696411133
7201249792.0,-0.21832537651062012
7202187264.0,-0.21358522772789001
7203125248.0,-0.21198274195194244
7204062720.0,-0.3234252631664276
7205000192.0,-0.33683839440345764
7205937664.0,-0.35374337434768677
7206875136.0,-0.3730570673942566
7207812608.0,-0.3925272524356842
7208750080.0,-0.41700243949890137
7209687552.0,-0.44302618503570557
7210625024.0,-0.47038957476615906
7211562496.0,-0.5019794702529907
7212499968.0,-0.5332219004631042
7213437440.0,-0.5672004818916321
7214374912.0,-0.6013311147689819
7215312384.0,-0.6368834972381592
7216249856.0,-0.6694771647453308
7217187328.0,-0.7029160857200623
7218124800.0,-0.7341912984848022
7219062272.0,-0.7631950974464417
7219999744.0,-0.7906033992767334
7220937728.0,-0.8142833113670349
7221875200.0,-0.8351973295211792
7222812672.0,-0.8521332740783691
7223750144.0,-0.8652530312538147
7224687616.0,-0.8745549321174622
7225625088.0,-0.8806711435317993
7226562560.0,-0.8798077702522278
7227500032.0,-0.87702876329422
7228437504.0,-0.8691439628601074
7229374976.0,-0.8555457592010498
7230312448.0,-0.8391023874282837
7231249920.0,-0.8185669183731079
7232187392.0,-0.7955867052078247
7233124864.0,-0.7663930654525757
7234062336.0,-0.7353437542915344
7234999808.0,-0.7007380127906799
7235937280.0,-0.6645796298980713
7236874752.0,-0.6279979348182678
7237812736.0,-0.5882666707038879
7238750208.0,-0.5481297373771667
7239687680.0,-0.5068788528442383
7240625152.0,-0.4649561643600464
7241562624.0,-0.4212387800216675
7242500096.0,-0.37962454557418823
7243437568.0,-0.3364699184894562
7244375040.0,-0.29477500915527344
7245312512.0,-0.2549271881580353
7246249984.0,-0.21495793759822845
7247187456.0,-0.17810827493667603
7248124928.0,-0.14190362393856049
7249062400.0,-0.10923068225383759
7249999872.0,-0.07947557419538498
7250937344.0,-0.05197972059249878
7251874816.0,-0.027439549565315247
7252812288.0,-0.006947710178792477
7253749760.0,0.010114578530192375
7254687744.0,0.023301327601075172
7255625216.0,0.03290283679962158
7256562688.0,0.039890069514513016
7257500160.0,0.041238851845264435
7258437632.0,0.03768347203731537
7259375104.0,0.03071098029613495
7260312576.0,0.01893271878361702
7261250048.0,0.00379180652089417
7262187520.0,-0.01682169735431671
7263124992.0,-0.039990220218896866
7264062464.0,-0.29674312472343445
7264999936.0,-0.2946522533893585
7265937408.0,-0.29476305842399597
7266874880.0,-0.29758480191230774
7267812352.0,-0.30391377210617065
7268749824.0,-0.31221359968185425
7269687296.0,-0.3228791058063507
7270624768.0,-0.3336629867553711
7271562752.0,-0.34630078077316284
7272500224.0,-0.3611926734447479
7273437696.0,-0.37875106930732727
7274375168.0,-0.39400234818458557
7275312640.0,-0.41107600927352905
7276250112.0,-0.42905670404434204
7277187584.0,-0.4446733295917511
7278125056.0,-0.4625391960144043
7279062528.0,-0.4770772159099579
7280000000.0,-0.4912068545818329
7280937472.0,-0.5049529671669006
7281874944.0,-0.5153715014457703
7282812416.0,-0.524787187576294
7283749888.0,-0.5322120189666748
7284687360.0,-0.5363313555717468
7285624832.0,-0.5384079813957214
7286562304.0,-0.5370856523513794
7287499776.0,-0.5376712083816528
7288437248.0,-0.5359798073768616
7289375232.0,-0.5322977304458618
7290312704.0,-0.5261059999465942
7291250176.0,-0.5188202857971191
7292187648.0,-0.5084724426269531
7293125120.0,-0.49644914269447327
7294062592.0,-0.4823584258556366
7295000064.0,-0.46630653738975525
7295937536.0,-0.45146527886390686
7296875008.0,-0.4335591197013855
7297812480.0,-0.41568437218666077
7298749952.0,-0.39764678478240967
7299687424.0,-0.3792901933193207
7300624896.0,-0.36050552129745483
7301562368.0,-0.34127458930015564
7302499840.0,-0.32369399070739746
7303437312.0,-0.3075700104236603
7304374784.0,-0.29122570157051086
7305312256.0,-0.27608391642570496
7306250240.0,-0.26364022493362427
7307187712.0,-0.25153154134750366
7308125184.0,-0.24111667275428772
7309062656.0,-0.23242700099945068
7310000128.0,-0.22442100942134857
7310937600.0,-0.21905380487442017
7311875072.0,-0.2136238068342209
7312812544.0,-0.2104472666978836
7313750016.0,-0.20850883424282074
7314687488.0,-0.20749355852603912
7315624960.0,-0.2061658352613449
7316562432.0,-0.20618143677711487
7317499904.0,-0.20470136404037476
7318437376.0,-0.20297421514987946
7319374848.0,-0.19966286420822144
7320312320.0,-0.19616711139678955
7321249792.0,-0.19100703299045563
7322187264.0,-0.1845463067293167
7323125248.0,-0.17573434114456177
7324062720.0,-0.31871259212493896
7325000192.0,-0.29757460951805115
7325937664.0,-0.272336483001709
7326875136.0,-0.24707479774951935
7327812608.0,-0.21983659267425537
7328750080.0,-0.19268377125263214
7329687552.0,-0.16458575427532196
7330625024.0,-0.13957226276397705
7331562496.0,-0.113739974796772
7332499968.0,-0.09049078822135925
7333437440.0,-0.0700722336769104
7334374912.0,-0.05463390052318573
7335312384.0,-0.04185758903622627
7336249856.0,-0.034417491406202316
7337187328.0,-0.03254041448235512
7338124800.0,-0.03357646241784096
7339062272.0,-0.03771958127617836
7340000256.0,-0.04592691734433174
7340937728.0,-0.05895668640732765
7341875200.0,-0.07670043408870697
7342812672.0,-0.09635204821825027
7343750144.0,-0.11931455135345459
7344687616.0,-0.14505250751972198
7345625088.0,-0.17068102955818176
7346562560.0,-0.19760116934776306
7347500032.0,-0.22348088026046753
7348437504.0,-0.24723558127880096
7349374976.0,-0.2683461606502533
7350312448.0,-0.28782835602760315
7351249920.0,-0.30178576707839966
7352187392.0,-0.3117378354072571
7353124864.0,-0.31799373030662537
7354062336.0,-0.31950634717941284
7354999808.0,-0.3159567415714264
7355937280.0,-0.3075081706047058
7356874752.0,-0.2933075726032257
7357812736.0,-0.2767481505870819
7358750208.0,-0.2550053298473358
7359687680.0,-0.22978182137012482
7360625152.0,-0.2010948657989502
7361562624.0,-0.1720060259103775
7362500096.0,-0.14026311039924622
7363437568.0,-0.10803674906492233
7364375040.0,-0.07369237393140793
7365312512.0,-0.040611352771520615
7366249984.0,-0.009121476672589779
7367187456.0,0.019259093329310417
7368124928.0,0.043509047478437424
7369062400.0,0.06387659162282944
7369999872.0,0.08052513748407364
7370937344.0,0.09150614589452744
7371874816.0,0.10014191269874573
7372812288.0,0.10612951219081879
7373749760.0,0.1107507199048996
7374687744.0,0.11277156323194504
7375625216.0,0.11415339261293411
7376562688.0,0.11402562260627747
7377500160.0,0.11105066537857056
7378437632.0,0.10902012139558792
7379375104.0,0.10524888336658478
7380312576.0,0.10107085853815079
7381250048.0,0.09405457228422165
7382187520.0,0.08667220920324326
7383124992.0,0.07775519788265228
7384062464.0,-0.22274184226989746
7384999936.0,-0.2407148778438568
7385937408.0,-0.2575533092021942
7386874880.0,-0.27567875385284424
7387812352.0,-0.2895318567752838
7388749824.0,-0.30525270104408264
7389687296.0,-0.3168436884880066
7390624768.0,-0.32652685046195984
7391562752.0,-0.3341064751148224
7392500224.0,-0.33826944231987
7393437696.0,-0.34016719460487366
7394375168.0,-0.33831435441970825
7395312640.0,-0.33273234963417053
7396250112.0,-0.3235546052455902
7397187584.0,-0.3119269907474518
7398125056.0,-0.2952885329723358
7399062528.0,-0.2766653001308441
7400000000.0,-0.25425559282302856
7400937472.0,-0.22786639630794525
7401874944.0,-0.20006157457828522
7402812416.0,-0.1694907695055008
7403749888.0,-0.13689592480659485
7404687360.0,-0.10300451517105103
7405624832.0,-0.06855262070894241
7406562304.0,-0.03243408352136612
7407499776.0,0.0038323411718010902
7408437248.0,0.03901263326406479
7409375232.0,0.07515892386436462
7410312704.0,0.10948268324136734
7411250176.0,0.14252008497714996
7412187648.0,0.1734023243188858
7413125120.0,0.20259305834770203
7414062592.0,0.2290647029876709
7415000064.0,0.2537769675254822
7415937536.0,0.2755671441555023
7416875008.0,0.2935577929019928
7417812480.0,0.3073204755783081
7418749952.0,0.31926384568214417
7419687424.0,0.32596227526664734
7420624896.0,0.3297453224658966
7421562368.0,0.3300383687019348
7422499840.0,0.32636022567749023
7423437312.0,0.3192954957485199
7424374784.0,0.3074166178703308
7425312256.0,0.29416653513908386
7426250240.0,0.27683699131011963
7427187712.0,0.2569703459739685
7428125184.0,0.23446260392665863
7429062656.0,0.2097829282283783
7430000128.0,0.18215620517730713
7430937600.0,0.15302042663097382
7431875072.0,0.12312502413988113
7432812544.0,0.09179279208183289
7433750016.0,0.0587548092007637
7434687488.0,0.027045004069805145
7435624960.0,-0.0036716170143336058
7436562432.0,-0.035646937787532806
7437499904.0,-0.06738784909248352
7438437376.0,-0.09602651000022888
7439374848.0,-0.12447023391723633
7440312320.0,-0.15461008250713348
7441249792.0,-0.1823912113904953
7442187264.0,-0.20891930162906647
7443125248.0,-0.232537642121315
7444062720.0,0.02475539594888687
7445000192.0,0.009942200966179371
7445937664.0,-0.006569326855242252
7446875136.0,-0.024208953604102135
7447812608.0,-0.040701720863580704
7448750080.0,-0.05720135197043419
7449687552.0,-0.07325607538223267
7450625024.0,-0.08844011276960373
7451562496.0,-0.10074836015701294
7452499968.0,-0.11314815282821655
7453437440.0,-0.12385394424200058
7454374912.0,-0.13068830966949463
7455312384.0,-0.13678887486457825
7456249856.0,-0.13921254873275757
7457187328.0,-0.1411883383989334
7458124800.0,-0.14113850891590118
7459062272.0,-0.13684813678264618
7459999744.0,-0.13313788175582886
7460937728.0,-0.12419389933347702
7461875200.0,-0.11753179132938385
7462812672.0,-0.10752886533737183
7463750144.0,-0.09693530201911926
7464687616.0,-0.08663959056138992
7465625088.0,-0.07676005363464355
7466562560.0,-0.06835637241601944
7467500032.0,-0.06034127250313759
7468437504.0,-0.05232449993491173
7469374976.0,-0.04577295109629631
7470312448.0,-0.03821225091814995
7471249920.0,-0.03335978463292122
7472187392.0,-0.029315005987882614
7473124864.0,-0.025578655302524567
7474062336.0,-0.02475390024483204
7474999808.0,-0.024345066398382187
7475937280.0,-0.026792462915182114
7476874752.0,-0.029363436624407768
7477812736.0,-0.03489137813448906
7478750208.0,-0.04142933338880539
7479687680.0,-0.05019499734044075
7480625152.0,-0.058210499584674835
7481562624.0,-0.06852111965417862
7482500096.0,-0.07945224642753601
7483437568.0,-0.09056466817855835
7484375040.0,-0.10322381556034088
7485312512.0,-0.11480759084224701
7486249984.0,-0.127193883061409
7487187456.0,-0.1380479633808136
7488124928.0,-0.14854753017425537
7489062400.0,-0.15813735127449036
7489999872.0,-0.1672762930393219
7490937344.0,-0.17355412244796753
7491874816.0,-0.17861239612102509
7492812288.0,-0.18001966178417206
7493749760.0,-0.17976512014865875
7494687744.0,-0.17886464297771454
7495625216.0,-0.1761559247970581
7496562688.0,-0.17078335583209991
7497500160.0,-0.1650051325559616
7498437632.0,-0.15710540115833282
7499375104.0,-0.1484040468931198
7500312576.0,-0.14047478139400482
7501250048.0,-0.1296059489250183
7502187520.0,-0.11904395371675491
7503124992.0,-0.10728415101766586
7504062464.0,-0.0749015137553215
7504999936.0,-0.05052673816680908
7505937408.0,-0.029353883117437363
7506874880.0,-0.010976474732160568
7507812352.0,0.0036487062461674213
7508749824.0,0.015332255512475967
7509687296.0,0.0210647564381361
7510624768.0,0.024806512519717216
7511562752.0,0.023520998656749725
7512500224.0,0.01989455707371235
7513437696.0,0.011289523914456367
7514375168.0,-0.001205631997436285
7515312640.0,-0.015078706666827202
7516250112.0,-0.03049888275563717
7517187584.0,-0.04441425949335098
7518125056.0,-0.05981035158038139
7519062528.0,-0.07629815489053726
7520000000.0,-0.09103075414896011
7520937472.0,-0.10626256465911865
7521874944.0,-0.11871505528688431
7522812416.0,-0.13109461963176727
7523749888.0,-0.14013919234275818
7524687360.0,-0.14653366804122925
7525624832.0,-0.15146878361701965
7526562304.0,-0.1521599143743515
7527499776.0,-0.15165720880031586
7528437248.0,-0.14760847389698029
7529375232.0,-0.14120107889175415
7530312704.0,-0.1330304890871048
7531250176.0,-0.12283804267644882
7532187648.0,-0.1096479594707489
7533125120.0,-0.0968034416437149
7534062592.0,-0.08242308348417282
7535000064.0,-0.06818172335624695
7535937536.0,-0.054672423750162125
7536875008.0,-0.04294952377676964
7537812480.0,-0.031888023018836975
7538749952.0,-0.02338542602956295
7539687424.0,-0.017552034929394722
7540624896.0,-0.014802730642259121
7541562368.0,-0.016140716150403023
7542499840.0,-0.021075038239359856
7543437312.0,-0.030192019417881966
7544374784.0,-0.04436349496245384
7545312256.0,-0.06145413592457771
7546250240.0,-0.08204680681228638
7547187712.0,-0.1074252501130104
7548125184.0,-0.13350100815296173
7549062656.0,-0.16287022829055786
7550000128.0,-0.19322943687438965
7550937600.0,-0.2234170138835907
7551875072.0,-0.2531781792640686
7552812544.0,-0.28083741664886475
7553750016.0,-0.30613774061203003
7554687488.0,-0.3283330500125885
7555624960.0,-0.34860000014305115
7556562432.0,-0.3662358522415161
7557499904.0,-0.3820613920688629
7558437376.0,-0.39621374011039734
7559374848.0,-0.4084421694278717
7560312320.0,-0.42083728313446045
7561249792.0,-0.43259111046791077
7562187264.0,-0.44384080171585083
7563125248.0,-0.4540758728981018
7564062720.0,-0.43424177169799805
7565000192.0,-0.4181719720363617
7565937664.0,-0.40115588903427124
7566875136.0,-0.38060933351516724
7567812608.0,-0.3576626181602478
7568750080.0,-0.3325022757053375
7569687552.0,-0.30632975697517395
7570625024.0,-0.27944955229759216
7571562496.0,-0.2507357895374298
7572499968.0,-0.22273536026477814
7573437440.0,-0.19316938519477844
7574374912.0,-0.16464051604270935
7575312384.0,-0.13686037063598633
7576249856.0,-0.11042444407939911
7577187328.0,-0.08309052139520645
7578124800.0,-0.058403607457876205
7579062272.0,-0.03480972349643707
7580000256.0,-0.013874316588044167
7580937728.0,0.006296239793300629
7581875200.0,0.02329850010573864
7582812672.0,0.03827907517552376
7583750144.0,0.05216190963983536
7584687616.0,0.06275096535682678
7585625088.0,0.07206616550683975
7586562560.0,0.0780370756983757
7587500032.0,0.08278592675924301
7588437504.0,0.08351670205593109
7589374976.0,0.0822809487581253
7590312448.0,0.07867122441530228
7591249920.0,0.07258114218711853
7592187392.0,0.06675375998020172
7593124864.0,0.05746049806475639
7594062336.0,0.04638715833425522
7594999808.0,0.03485133871436119
7595937280.0,0.020944036543369293
7596874752.0,0.006457454524934292
7597812736.0,-0.010094559751451015
7598750208.0,-0.027113987132906914
7599687680.0,-0.04491466283798218
7600625152.0,-0.06406538188457489
7601562624.0,-0.08298614621162415
7602500096.0,-0.10072758793830872
7603437568.0,-0.11926522105932236
7604375040.0,-0.13692273199558258
7605312512.0,-0.15417799353599548
7606249984.0,-0.1708911657333374
7607187456.0,-0.1861962527036667
7608124928.0,-0.19998353719711304
7609062400.0,-0.21339567005634308
7609999872.0,-0.22496765851974487
7610937344.0,-0.23549245297908783
7611874816.0,-0.24581579864025116
7612812288.0,-0.25368908047676086
7613749760.0,-0.2611633539199829
7614687744.0,-0.2666884660720825
7615625216.0,-0.2703576683998108
7616562688.0,-0.27428141236305237
7617500160.0,-0.2767627537250519
7618437632.0,-0.2789043188095093
7619375104.0,-0.2842594385147095
7620312576.0,-0.2876564562320709
7621250048.0,-0.29092732071876526
7622187520.0,-0.2940637171268463
7623124992.0,-0.29676496982574463
7624062464.0,-0.29296815395355225
7624999936.0,-0.29842790961265564
7625937408.0,-0.300675630569458
7626874880.0,-0.30264854431152344
7627812352.0,-0.3004753887653351
7628749824.0,-0.2978046238422394
7629687296.0,-0.29397761821746826
7630624768.0,-0.2878219187259674
7631562752.0,-0.27955108880996704
7632500224.0,-0.27067744731903076
7633437696.0,-0.26020348072052
7634375168.0,-0.24854284524917603
7635312640.0,-0.23715078830718994
7636250112.0,-0.22380825877189636
7637187584.0,-0.21197138726711273
7638125056.0,-0.19843564927577972
7639062528.0,-0.18493413925170898
7640000000.0,-0.17215287685394287
7640937472.0,-0.16030678153038025
7641874944.0,-0.14916734397411346
7642812416.0,-0.13899095356464386
7643749888.0,-0.12993155419826508
7644687360.0,-0.12527334690093994
7645624832.0,-0.1205078586935997
7646562304.0,-0.11770449578762054
7647499776.0,-0.11490709334611893
7648437248.0,-0.11543518304824829
7649375232.0,-0.11581958830356598
7650312704.0,-0.11898812651634216
7651250176.0,-0.12179124355316162
7652187648.0,-0.12661640346050262
7653125120.0,-0.13242854177951813
7654062592.0,-0.13760867714881897
7655000064.0,-0.14380185306072235
7655937536.0,-0.15193675458431244
7656875008.0,-0.1603213995695114
7657812480.0,-0.16832174360752106
7658749952.0,-0.17633655667304993
7659687424.0,-0.18540096282958984
7660624896.0,-0.19312475621700287
7661562368.0,-0.20200350880622864
7662499840.0,-0.21043337881565094
7663437312.0,-0.21791957318782806
7664374784.0,-0.22451980412006378
7665312256.0,-0.23110270500183105
7666250240.0,-0.2355695217847824
7667187712.0,-0.2405574768781662
7668125184.0,-0.24391105771064758
7669062656.0,-0.24615569412708282
7670000128.0,-0.24641989171504974
7670937600.0,-0.2451580911874771
7671875072.0,-0.24373844265937805
7672812544.0,-0.23930169641971588
7673750016.0,-0.23625507950782776
7674687488.0,-0.22989453375339508
7675624960.0,-0.22421933710575104
7676562432.0,-0.21665996313095093
7677499904.0,-0.21063973009586334
7678437376.0,-0.20137952268123627
7679374848.0,-0.19374291598796844
7680312320.0,-0.18463559448719025
7681249792.0,-0.1750953048467636
7682187264.0,-0.1659224033355713
7683125248.0,-0.15653692185878754
7684062720.0,0.08040332049131393
7685000192.0,0.09379110485315323
7685937664.0,0.10276269167661667
7686875136.0,0.11083748936653137
7687812608.0,0.11487212032079697
7688750080.0,0.11750216037034988
7689687552.0,0.11779523640871048
7690625024.0,0.11441262066364288
7691562496.0,0.10907337814569473
7692499968.0,0.10090325772762299
7693437440.0,0.09060919284820557
7694374912.0,0.07713682949542999
7695312384.0,0.06157093495130539
7696249856.0,0.04342269524931908
7697187328.0,0.023809783160686493
7698124800.0,0.003146975999698043
7699062272.0,-0.02031313255429268
7699999744.0,-0.04349497705698013
7700937728.0,-0.06736333668231964
7701875200.0,-0.0904485359787941
7702812672.0,-0.11503612250089645
7703750144.0,-0.13946780562400818
7704687616.0,-0.16138595342636108
7705625088.0,-0.18308450281620026
7706562560.0,-0.20397046208381653
7707500032.0,-0.22389277815818787
7708437504.0,-0.24145880341529846
7709374976.0,-0.2574756443500519
7710312448.0,-0.2718956768512726
7711249920.0,-0.2851823568344116
7712187392.0,-0.2935313582420349
7713124864.0,-0.30269771814346313
7714062336.0,-0.3090006113052368
7714999808.0,-0.3144245743751526
7715937280.0,-0.31756314635276794
7716874752.0,-0.3183787763118744
7717812736.0,-0.31825658679008484
7718750208.0,-0.31734952330589294
7719687680.0,-0.314496785402298
7720625152.0,-0.3092762231826782
7721562624.0,-0.3035621643066406
7722500096.0,-0.2956840395927429
7723437568.0,-0.28927695751190186
7724375040.0,-0.28168347477912903
7725312512.0,-0.2724103033542633
7726249984.0,-0.2646372616291046
7727187456.0,-0.25664350390434265
7728124928.0,-0.24766628444194794
7729062400.0,-0.24000252783298492
7729999872.0,-0.23208461701869965
7730937344.0,-0.22710895538330078
7731874816.0,-0.2205827683210373
7732812288.0,-0.21514499187469482
7733749760.0,-0.2100270688533783
7734687744.0,-0.20535293221473694
7735625216.0,-0.2024199366569519
7736562688.0,-0.19937017560005188
7737500160.0,-0.19825538992881775
7738437632.0,-0.1983366161584854
7739375104.0,-0.1983800083398819
7740312576.0,-0.201172336935997
7741250048.0,-0.20278038084506989
7742187520.0,-0.20709094405174255
7743124992.0,-0.212423637509346
7744062464.0,-0.17034563422203064
7744999936.0,-0.1354607194662094
7745937408.0,-0.09657043218612671
7746874880.0,-0.057465165853500366
7747812352.0,-0.017270902171730995
7748749824.0,0.018380189314484596
7749687296.0,0.054086070507764816
7750624768.0,0.08743420243263245
7751562752.0,0.11798854172229767
7752500224.0,0.14527389407157898
7753437696.0,0.16865700483322144
7754375168.0,0.18840837478637695
7755312640.0,0.20531074702739716
7756250112.0,0.21772512793540955
7757187584.0,0.2269153892993927
7758125056.0,0.2334633320569992
7759062528.0,0.23597165942192078
7760000000.0,0.2358875274658203
7760937472.0,0.23074288666248322
7761874944.0,0.22499166429042816
7762812416.0,0.21524108946323395
7763749888.0,0.20422817766666412
7764687360.0,0.19040247797966003
7765624832.0,0.17453788220882416
7766562304.0,0.1572623997926712
7767499776.0,0.13840222358703613
7768437248.0,0.11899185180664062
7769375232.0,0.09776342660188675
7770312704.0,0.07674538344144821
7771250176.0,0.05541333928704262
7772187648.0,0.03382030129432678
7773125120.0,0.01251593790948391
7774062592.0,-0.009287738241255283
7775000064.0,-0.0292483102530241
7775937536.0,-0.04872432351112366
7776875008.0,-0.06875874847173691
7777812480.0,-0.08721839636564255
7778749952.0,-0.10449343919754028
7779687424.0,-0.12127683311700821
7780624896.0,-0.13725021481513977
7781562368.0,-0.15266570448875427
7782499840.0,-0.16668599843978882
7783437312.0,-0.17947757244110107
7784374784.0,-0.1904524862766266
7785312256.0,-0.2023726999759674
7786250240.0,-0.2132611870765686
7787187712.0,-0.2224118411540985
7788125184.0,-0.2299399971961975
7789062656.0,-0.23759853839874268
7790000128.0,-0.24498040974140167
7790937600.0,-0.25224733352661133
7791875072.0,-0.25745344161987305
7792812544.0,-0.26340368390083313
7793750016.0,-0.2669050395488739
7794687488.0,-0.27140700817108154
7795624960.0,-0.2741348445415497
7796562432.0,-0.2776685059070587
7797499904.0,-0.2837226092815399
7798437376.0,-0.28748059272766113
7799374848.0,-0.29062801599502563
7800312320.0,-0.2932772934436798
7801249792.0,-0.29393038153648376
7802187264.0,-0.29153206944465637
7803125248.0,-0.28957974910736084
7804062720.0,-0.26829811930656433
7805000192.0,-0.25995948910713196
7805937664.0,-0.24806572496891022
7806875136.0,-0.23652774095535278
7807812608.0,-0.22368024289608002
7808750080.0,-0.21015693247318268
7809687552.0,-0.19742628931999207
7810625024.0,-0.181724414229393
7811562496.0,-0.16664105653762817
7812499968.0,-0.1513199657201767
7813437440.0,-0.1355086714029312
7814374912.0,-0.11959820240736008
7815312384.0,-0.10309366136789322
7816249856.0,-0.08644799888134003
7817187328.0,-0.06917329132556915
7818124800.0,-0.05365733802318573
7819062272.0,-0.03625398501753807
7820000256.0,-0.021240318194031715
7820937728.0,-0.005753569304943085
7821875200.0,0.007946738973259926
7822812672.0,0.019052086398005486
7823750144.0,0.028180183842778206
7824687616.0,0.0370643176138401
7825625088.0,0.04467449709773064
7826562560.0,0.05295107513666153
7827500032.0,0.05906550586223602
7828437504.0,0.06571794301271439
7829374976.0,0.06967997550964355
7830312448.0,0.07503996044397354
7831249920.0,0.07898445427417755
7832187392.0,0.08199537545442581
7833124864.0,0.085537388920784
7834062336.0,0.0877523124217987
7834999808.0,0.08874425292015076
7835937280.0,0.09098076820373535
7836874752.0,0.09076151251792908
7837812736.0,0.09106354415416718
7838750208.0,0.09152252227067947
7839687680.0,0.09229830652475357
7840625152.0,0.09217200428247452
7841562624.0,0.09100452810525894
7842500096.0,0.09241052716970444
7843437568.0,0.09094657748937607
7844375040.0,0.08935081958770752
7845312512.0,0.08784663677215576
7846249984.0,0.08525027334690094
7847187456.0,0.08373493701219559
7848124928.0,0.07867738604545593
7849062400.0,0.07355756312608719
7849999872.0,0.06928566098213196
7850937344.0,0.0624164342880249
7851874816.0,0.056213945150375366
7852812288.0,0.048916708678007126
7853749760.0,0.04247450828552246
7854687744.0,0.03471590206027031
7855625216.0,0.026098089292645454
7856562688.0,0.01718258298933506
7857500160.0,0.00806251261383295
7858437632.0,-0.0005402627284638584
7859375104.0,-0.010576145723462105
7860312576.0,-0.02128790132701397
7861250048.0,-0.03190707042813301
7862187520.0,-0.042801517993211746
7863124992.0,-0.05388590693473816
7864062464.0,0.047025956213474274
7864999936.0,0.037227049469947815
7865937408.0,0.02893040142953396
7866874880.0,0.020475663244724274
7867812352.0,0.012972227297723293
7868749824.0,0.005502770189195871
7869687296.0,0.0010546345729380846
7870624768.0,-0.0032346185762435198
7871562752.0,-0.008639576844871044
7872500224.0,-0.013017258606851101
7873437696.0,-0.01938069425523281
7874375168.0,-0.026545247063040733
7875312640.0,-0.033181942999362946
7876250112.0,-0.0400121845304966
7877187584.0,-0.0481763556599617
7878125056.0,-0.055944476276636124
7879062528.0,-0.06559361517429352
7880000000.0,-0.07398536056280136
7880937472.0,-0.08502978086471558
7881874944.0,-0.09896323084831238
7882812416.0,-0.11357815563678741
7883749888.0,-0.12799495458602905
7884687360.0,-0.14456488192081451
7885624832.0,-0.16170941293239594
7886562304.0,-0.1815224438905716
7887499776.0,-0.2029445618391037
7888437248.0,-0.22590024769306183
7889375232.0,-0.24673780798912048
7890312704.0,-0.27161267399787903
7891250176.0,-0.2964661419391632
7892187648.0,-0.32097816467285156
7893125120.0,-0.3461726903915405
7894062592.0,-0.3697589635848999
7895000064.0,-0.39462050795555115
7895937536.0,-0.41766056418418884
7896875008.0,-0.43864789605140686
7897812480.0,-0.4584650695323944
7898749952.0,-0.4752730131149292
7899687424.0,-0.4893356263637543
7900624896.0,-0.5005889534950256
7901562368.0,-0.509459376335144
7902499840.0,-0.5151728987693787
7903437312.0,-0.5186330676078796
7904374784.0,-0.5188065767288208
7905312256.0,-0.5154165625572205
7906250240.0,-0.5101705193519592
7907187712.0,-0.5004656314849854
7908125184.0,-0.4887133538722992
7909062656.0,-0.4733321964740753
7910000128.0,-0.45666933059692383
7910937600.0,-0.43680956959724426
7911875072.0,-0.4135764241218567
7912812544.0,-0.39080244302749634
7913750016.0,-0.3639657199382782
7914687488.0,-0.3363645374774933
7915624960.0,-0.3075574040412903
7916562432.0,-0.27804332971572876
7917499904.0,-0.24659158289432526
7918437376.0,-0.21635451912879944
7919374848.0,-0.1854390650987625
7920312320.0,-0.1540779322385788
7921249792.0,-0.12477988004684448
7922187264.0,-0.09468970447778702
7923125248.0,-0.06691455096006393
7924062720.0,0.07162576168775558
7925000192.0,0.09199508279561996
7925937664.0,0.11057886481285095
7926875136.0,0.12628574669361115
7927812608.0,0.1394270956516266
7928750080.0,0.15093964338302612
7929687552.0,0.15919077396392822
7930625024.0,0.16444718837738037
7931562496.0,0.16852372884750366
7932499968.0,0.17015652358531952
7933437440.0,0.16919578611850739
7934374912.0,0.16625486314296722
7935312384.0,0.16068917512893677
7936249856.0,0.15216320753097534
7937187328.0,0.14507368206977844
7938124800.0,0.133472740650177
7939062272.0,0.12052486091852188
7939999744.0,0.10813762992620468
7940937728.0,0.09207893908023834
7941875200.0,0.07436621189117432
7942812672.0,0.05631588026881218
7943750144.0,0.037665463984012604
7944687616.0,0.018170449882745743
7945625088.0,-0.0028866231441497803
7946562560.0,-0.02468191273510456
7947500032.0,-0.04746028780937195
7948437504.0,-0.07032519578933716
7949374976.0,-0.09370619058609009
7950312448.0,-0.11384668201208115
7951249920.0,-0.135962575674057
7952187392.0,-0.1569051891565323
7953124864.0,-0.18042370676994324
7954062336.0,-0.20187802612781525
7954999808.0,-0.2237616777420044
7955937280.0,-0.2458011955022812
7956874752.0,-0.2670252025127411
7957812736.0,-0.28993940353393555
7958750208.0,-0.3101004958152771
7959687680.0,-0.33107805252075195
7960625152.0,-0.35095545649528503
7961562624.0,-0.3702307641506195
7962500096.0,-0.38799136877059937
7963437568.0,-0.40670228004455566
7964375040.0,-0.4236566424369812
7965312512.0,-0.43881088495254517
7966249984.0,-0.45533260703086853
7967187456.0,-0.46941077709198
7968124928.0,-0.480435848236084
7969062400.0,-0.49086230993270874
7969999872.0,-0.5003865361213684
7970937344.0,-0.5073197484016418
7971874816.0,-0.5126914381980896
7972812288.0,-0.5160560011863708
7973749760.0,-0.5171936750411987
7974687744.0,-0.5160361528396606
7975625216.0,-0.5145947337150574
7976562688.0,-0.5112279653549194
7977500160.0,-0.5041289329528809
7978437632.0,-0.49591144919395447
7979375104.0,-0.4852564036846161
7980312576.0,-0.4733867049217224
7981250048.0,-0.45786502957344055
7982187520.0,-0.4400304853916168
7983124992.0,-0.42086783051490784
7984062464.0,-0.3977448642253876
7984999936.0,-0.3818338215351105
7985937408.0,-0.3669619560241699
7986874880.0,-0.34773579239845276
7987812352.0,-0.32941195368766785
7988749824.0,-0.3104538917541504
7989687296.0,-0.29155585169792175
7990624768.0,-0.27178192138671875
7991562752.0,-0.25162386894226074
7992500224.0,-0.23154820501804352
7993437696.0,-0.2100355327129364
7994375168.0,-0.19078633189201355
7995312640.0,-0.17104946076869965
7996250112.0,-0.15176086127758026
7997187584.0,-0.13332559168338776
7998125056.0,-0.11478845030069351
7999062528.0,-0.09822970628738403
8000000000.0,-0.07980378717184067
