Frequency (Hz),Measurement
2000000000.0,0.16963045299053192
2000937472.0,0.16202513873577118
2001874944.0,0.15321998298168182
2002812544.0,0.14325883984565735
2003750016.0,0.13220687210559845
2004687488.0,0.12246423959732056
2005624960.0,0.11037113517522812
2006562560.0,0.09788952022790909
2007500032.0,0.08556602895259857
2008437504.0,0.0721176341176033
2009374976.0,0.05857071653008461
2010312448.0,0.044167958199977875
2011250048.0,0.0302260909229517
2012187520.0,0.015488128177821636
2013124992.0,0.0005781945073977113
2014062464.0,-0.013871846720576286
2015000064.0,-0.028542853891849518
2015937536.0,-0.04262108355760574
2016875008.0,-0.05673739314079285
2017812480.0,-0.06937166303396225
2018749952.0,-0.08167104423046112
2019687552.0,-0.09326768666505814
2020625024.0,-0.1041521206498146
2021562496.0,-0.11360399425029755
2022499968.0,-0.12164557725191116
2023437440.0,-0.1292521208524704
2024375040.0,-0.13457505404949188
2025312512.0,-0.1395830363035202
2026249984.0,-0.1418771743774414
2027187456.0,-0.14304688572883606
2028125056.0,-0.14222528040409088
2029062528.0,-0.1402045041322708
2030000000.0,-0.1362135112285614
2030937472.0,-0.13193802535533905
2031874944.0,-0.12474274635314941
2032812544.0,-0.11690735071897507
2033750016.0,-0.10683754086494446
2034687488.0,-0.09645569324493408
2035624960.0,-0.08503923565149307
2036562560.0,-0.07379089295864105
2037500032.0,-0.06028705835342407
2038437504.0,-0.04743294045329094
2039374976.0,-0.032795485109090805
2040312448.0,-0.018486468121409416
2041250048.0,-0.003848315216600895
2042187520.0,0.010729041881859303
2043124992.0,0.024356892332434654
2044062464.0,0.03756144642829895
2044999936.0,0.050534073263406754
2045937536.0,0.06332562118768692
2046875008.0,0.0743076354265213
2047812480.0,0.08410130441188812
2048749952.0,0.08105634152889252
2049687552.0,0.0900256335735321
2050625024.0,0.09711576998233795
2051562496.0,0.1033436506986618
2052499968.0,0.10621180385351181
2053437440.0,0.10878027230501175
2054375040.0,0.10857794433832169
2055312512.0,0.10641835629940033
2056249984.0,0.10247643291950226
2057187456.0,0.09642653167247772
2058125056.0,0.08768434077501297
2059062528.0,0.07747832685709
2060000000.0,0.06585948914289474
2060937472.0,0.05304219573736191
2061874944.0,0.037747181951999664
2062812544.0,0.021862702444195747
2063750016.0,0.004639315884560347
2064687488.0,-0.011897052638232708
2065624960.0,-0.02848138101398945
2066562560.0,-0.0464327298104763
2067500032.0,-0.06255994737148285
2068437504.0,-0.07844504714012146
2069374976.0,-0.09389207512140274
2070312448.0,-0.10804922133684158
2071250048.0,-0.1207873746752739
2072187520.0,-0.13112092018127441
2073124992.0,-0.1409321427345276
2074062464.0,-0.14766305685043335
2075000064.0,-0.15206433832645416
2075937536.0,-0.15620271861553192
2076875008.0,-0.15742075443267822
2077812480.0,-0.15629920363426208
2078749952.0,-0.15346479415893555
2079687552.0,-0.1489197164773941
2080625024.0,-0.14256763458251953
2081562496.0,-0.13502880930900574
2082499968.0,-0.12544989585876465
2083437440.0,-0.11601702868938446
2084375040.0,-0.1044168472290039
2085312512.0,-0.09259858727455139
2086249984.0,-0.08092471957206726
2087187456.0,-0.06885740160942078
2088125056.0,-0.05711156874895096
2089062528.0,-0.044956598430871964
2090000000.0,-0.03382117673754692
2090937472.0,-0.023539762943983078
2091874944.0,-0.013649186119437218
2092812544.0,-0.004250546917319298
2093750016.0,0.0036819144152104855
2094687488.0,0.011288979090750217
2095624960.0,0.0172331091016531
2096562560.0,0.02393466606736183
2097500032.0,0.028719328343868256
2098437504.0,0.033263467252254486
2099374976.0,0.03803705424070358
2100312448.0,0.041181530803442
2101250048.0,0.045093633234500885
2102187520.0,0.04908730462193489
2103124992.0,0.052352484315633774
2104062464.0,0.056690704077482224
2104999936.0,0.060762953013181686
2105937536.0,0.06485690176486969
2106875008.0,0.06958312541246414
2107812480.0,0.07354950904846191
2108749952.0,0.10430575162172318
2109687552.0,0.10973913967609406
2110625024.0,0.1151745542883873
2111562496.0,0.11943744122982025
2112499968.0,0.12311676889657974
2113437440.0,0.12594544887542725
2114375040.0,0.1281297206878662
2115312512.0,0.12907087802886963
2116249984.0,0.12729975581169128
2117187456.0,0.12611226737499237
2118125056.0,0.12328182905912399
2119062528.0,0.1182490810751915
2120000000.0,0.11255519092082977
2120937472.0,0.10646135360002518
2121874944.0,0.09747552871704102
2122812544.0,0.08762379735708237
2123750016.0,0.07753745466470718
2124687488.0,0.06707202643156052
2125624960.0,0.054863765835762024
2126562560.0,0.04268454760313034
2127500032.0,0.030656451359391212
2128437504.0,0.016670331358909607
2129374976.0,0.004487086087465286
2130312448.0,-0.008307598531246185
2131250048.0,-0.02046850509941578
2132187520.0,-0.03235585615038872
2133124992.0,-0.04333729296922684
2134062464.0,-0.05389449745416641
2135000064.0,-0.064320407807827
2135937536.0,-0.07221416383981705
2136875008.0,-0.07970127463340759
2137812480.0,-0.08670066297054291
2138749952.0,-0.09085933119058609
2139687552.0,-0.09355583786964417
2140625024.0,-0.09609540551900864
2141562496.0,-0.09635569155216217
2142499968.0,-0.0958235114812851
2143437440.0,-0.09422517567873001
2144375040.0,-0.0904904454946518
2145312512.0,-0.0859014168381691
2146249984.0,-0.07987337559461594
2147187456.0,-0.07361099869012833
2148124928.0,-0.06666647642850876
2149062400.0,-0.05798029899597168
2150000128.0,-0.04945755749940872
2150937600.0,-0.04081973433494568
2151875072.0,-0.030794508755207062
2152812544.0,-0.021515488624572754
2153750016.0,-0.011763840913772583
2154687488.0,-0.0031853613909333944
2155624960.0,0.0054646627977490425
2156562432.0,0.01425082702189684
2157499904.0,0.021886415779590607
2158437376.0,0.029449082911014557
2159375104.0,0.03542102128267288
2160312576.0,0.04124356433749199
2161250048.0,0.0461321696639061
2162187520.0,0.04977824538946152
2163124992.0,0.055104129016399384
2164062464.0,0.05762912333011627
2164999936.0,0.06022980064153671
2165937408.0,0.06233842298388481
2166874880.0,0.06275572627782822
2167812608.0,0.06467680633068085
2168750080.0,0.13615399599075317
2169687552.0,0.13713565468788147
2170625024.0,0.1354227513074875
2171562496.0,0.13194777071475983
2172499968.0,0.1270434558391571
2173437440.0,0.12129727005958557
2174374912.0,0.11431675404310226
2175312384.0,0.1050427034497261
2176250112.0,0.09562590718269348
2177187584.0,0.0845155119895935
2178125056.0,0.0726536437869072
2179062528.0,0.059364814311265945
2180000000.0,0.046503979712724686
2180937472.0,0.03298018127679825
2181874944.0,0.018854454159736633
2182812416.0,0.00500016612932086
2183749888.0,-0.008739611133933067
2184687616.0,-0.022786874324083328
2185625088.0,-0.03645704686641693
2186562560.0,-0.049155790358781815
2187500032.0,-0.062101032584905624
2188437504.0,-0.07497967779636383
2189374976.0,-0.08636508882045746
2190312448.0,-0.09659494459629059
2191249920.0,-0.10585816204547882
2192187392.0,-0.1149015948176384
2193125120.0,-0.12299762666225433
2194062592.0,-0.1293829083442688
2195000064.0,-0.13534876704216003
2195937536.0,-0.14043600857257843
2196875008.0,-0.14439703524112701
2197812480.0,-0.147031769156456
2198749952.0,-0.148509681224823
2199687424.0,-0.1491422951221466
2200624896.0,-0.14993789792060852
2201562624.0,-0.14895978569984436
2202500096.0,-0.14749391376972198
2203437568.0,-0.1455157846212387
2204375040.0,-0.14339400827884674
2205312512.0,-0.13943836092948914
2206249984.0,-0.1352924108505249
2207187456.0,-0.13094939291477203
2208124928.0,-0.1266045719385147
2209062400.0,-0.12057963758707047
2209999872.0,-0.11482468992471695
2210937600.0,-0.10823888331651688
2211875072.0,-0.10051371902227402
2212812544.0,-0.0935610979795456
2213750016.0,-0.08606398850679398
2214687488.0,-0.07798872143030167
2215624960.0,-0.06862213462591171
2216562432.0,-0.06109295040369034
2217499904.0,-0.05206766352057457
2218437376.0,-0.04274003952741623
2219375104.0,-0.033919502049684525
2220312576.0,-0.024342108517885208
2221250048.0,-0.013907074928283691
2222187520.0,-0.0035477783530950546
2223124992.0,0.006515332031995058
2224062464.0,0.01704883575439453
2224999936.0,0.02762019820511341
2225937408.0,0.03795476630330086
2226874880.0,0.048004623502492905
2227812608.0,0.057985320687294006
2228750080.0,0.06494079530239105
2229687552.0,0.0734737291932106
2230625024.0,0.08079582452774048
2231562496.0,0.08906567096710205
2232499968.0,0.0953250527381897
2233437440.0,0.10129976272583008
2234374912.0,0.10581490397453308
2235312384.0,0.10949473083019257
2236250112.0,0.11021140217781067
2237187584.0,0.10968459397554398
2238125056.0,0.10688900947570801
2239062528.0,0.10311240702867508
2240000000.0,0.0973239317536354
2240937472.0,0.09033149480819702
2241874944.0,0.08109021186828613
2242812416.0,0.07107512652873993
2243749888.0,0.060170769691467285
2244687616.0,0.04800651967525482
2245625088.0,0.03544250503182411
2246562560.0,0.021629376336932182
2247500032.0,0.0069011421874165535
2248437504.0,-0.009243118576705456
2249374976.0,-0.026946818456053734
2250312448.0,-0.044613976031541824
2251249920.0,-0.06208858639001846
2252187392.0,-0.08190950006246567
2253125120.0,-0.10096746683120728
2254062592.0,-0.12105278670787811
2255000064.0,-0.1409839689731598
2255937536.0,-0.1602955013513565
2256875008.0,-0.1809707134962082
2257812480.0,-0.20085754990577698
2258749952.0,-0.2212405651807785
2259687424.0,-0.24060112237930298
2260624896.0,-0.26024144887924194
2261562624.0,-0.2772921919822693
2262500096.0,-0.2950423061847687
2263437568.0,-0.31129032373428345
2264375040.0,-0.3271208107471466
2265312512.0,-0.3411425054073334
2266249984.0,-0.3528767228126526
2267187456.0,-0.364101767539978
2268124928.0,-0.3751806318759918
2269062400.0,-0.3832722008228302
2270000128.0,-0.38989031314849854
2270937600.0,-0.3956254720687866
2271875072.0,-0.39883947372436523
2272812544.0,-0.40088582038879395
2273750016.0,-0.4013165235519409
2274687488.0,-0.40021181106567383
2275624960.0,-0.39724016189575195
2276562432.0,-0.39303067326545715
2277499904.0,-0.38719460368156433
2278437376.0,-0.3804531693458557
2279375104.0,-0.3727436661720276
2280312576.0,-0.36389848589897156
2281250048.0,-0.35441896319389343
2282187520.0,-0.3439769446849823
2283124992.0,-0.33216148614883423
2284062464.0,-0.3204379379749298
2284999936.0,-0.3081296682357788
2285937408.0,-0.2962493300437927
2286874880.0,-0.2846587598323822
2287812608.0,-0.27418386936187744
2288750080.0,-0.28750088810920715
2289687552.0,-0.2888815402984619
2290625024.0,-0.29028674960136414
2291562496.0,-0.29302167892456055
2292499968.0,-0.29551711678504944
2293437440.0,-0.2965807616710663
2294374912.0,-0.2997983396053314
2295312384.0,-0.3037637770175934
2296250112.0,-0.30899325013160706
2297187584.0,-0.31432342529296875
2298125056.0,-0.32170483469963074
2299062528.0,-0.3316958546638489
2300000000.0,-0.3420722186565399
2300937472.0,-0.3541899025440216
2301874944.0,-0.36797696352005005
2302812416.0,-0.38329872488975525
2303749888.0,-0.403352826833725
2304687616.0,-0.4238227903842926
2305625088.0,-0.4472849369049072
2306562560.0,-0.4730847179889679
2307500032.0,-0.5016584396362305
2308437504.0,-0.5325050950050354
2309374976.0,-0.5622498393058777
2310312448.0,-0.5871549844741821
2311249920.0,-0.6133472919464111
2312187392.0,-0.6406903266906738
2313125120.0,-0.668725848197937
2314062592.0,-0.6980547308921814
2315000064.0,-0.7287583947181702
2315937536.0,-0.7602116465568542
2316875008.0,-0.7921590805053711
2317812480.0,-0.8257320523262024
2318749952.0,-0.859233558177948
2319687424.0,-0.8908225297927856
2320624896.0,-0.9223169684410095
2321562624.0,-0.9531962871551514
2322500096.0,-0.9812643527984619
2323437568.0,-1.0098108053207397
2324375040.0,-1.0350971221923828
2325312512.0,-1.0590370893478394
2326249984.0,-1.0795989036560059
2327187456.0,-1.098673701286316
2328124928.0,-1.115877628326416
2329062400.0,-1.1303060054779053
2329999872.0,-1.1432613134384155
2330937600.0,-1.1535569429397583
2331875072.0,-1.1604570150375366
2332812544.0,-1.1648262739181519
2333750016.0,-1.167157769203186
2334687488.0,-1.1664893627166748
2335624960.0,-1.163493037223816
2336562432.0,-1.157819151878357
2337499904.0,-1.1504970788955688
2338437376.0,-1.1413484811782837
2339375104.0,-1.1304171085357666
2340312576.0,-1.1181496381759644
2341250048.0,-1.1049827337265015
2342187520.0,-1.089409589767456
2343124992.0,-1.0738927125930786
2344062464.0,-1.057124376296997
2344999936.0,-1.0405025482177734
2345937408.0,-1.0235899686813354
2346874880.0,-1.0066834688186646
2347812608.0,-0.9903305172920227
2348750080.0,-0.9611353278160095
2349687552.0,-0.9508845806121826
2350625024.0,-0.9411405324935913
2351562496.0,-0.9321015477180481
2352499968.0,-0.9228380918502808
2353437440.0,-0.9140784740447998
2354374912.0,-0.9069080948829651
2355312384.0,-0.9008526802062988
2356250112.0,-0.8968979120254517
2357187584.0,-0.8931397795677185
2358125056.0,-0.8910670280456543
2359062528.0,-0.8907320499420166
2360000000.0,-0.8911452889442444
2360937472.0,-0.893552839756012
2361874944.0,-0.8979707956314087
2362812416.0,-0.903761625289917
2363749888.0,-0.9117322564125061
2364687616.0,-0.9206134080886841
2365625088.0,-0.9306796193122864
2366562560.0,-0.9422082901000977
2367500032.0,-0.9551971554756165
2368437504.0,-0.9678192138671875
2369374976.0,-0.9808470606803894
2370312448.0,-0.9944028854370117
2371249920.0,-1.006955862045288
2372187392.0,-1.0187638998031616
2373125120.0,-1.0289326906204224
2374062592.0,-1.0357394218444824
2375000064.0,-1.0429612398147583
2375937536.0,-1.0460890531539917
2376875008.0,-1.047531247138977
2377812480.0,-1.045518159866333
2378749952.0,-1.0399285554885864
2379687424.0,-1.0305681228637695
2380624896.0,-1.0177497863769531
2381562624.0,-1.0009742975234985
2382500096.0,-0.982112467288971
2383437568.0,-0.9594212770462036
2384375040.0,-0.934435248374939
2385312512.0,-0.9065760374069214
2386249984.0,-0.8770256042480469
2387187456.0,-0.8461570739746094
2388124928.0,-0.8134831786155701
2389062400.0,-0.7791692614555359
2390000128.0,-0.7452462911605835
2390937600.0,-0.7104142308235168
2391875072.0,-0.6768399477005005
2392812544.0,-0.6427096128463745
2393750016.0,-0.6102936863899231
2394687488.0,-0.5771113038063049
2395624960.0,-0.5457339286804199
2396562432.0,-0.5144193768501282
2397499904.0,-0.48404163122177124
2398437376.0,-0.4556150734424591
2399375104.0,-0.42778435349464417
2400312576.0,-0.4008815586566925
2401250048.0,-0.3741399049758911
2402187520.0,-0.3489433526992798
2403124992.0,-0.3247368037700653
2404062464.0,-0.3005504608154297
2404999936.0,-0.27758777141571045
2405937408.0,-0.2551208734512329
2406874880.0,-0.23238183557987213
2407812608.0,-0.21102063357830048
2408750080.0,-0.13932378590106964
2409687552.0,-0.11806569248437881
2410625024.0,-0.09858164191246033
2411562496.0,-0.08073566854000092
2412499968.0,-0.06430908292531967
2413437440.0,-0.0503317154943943
2414374912.0,-0.038504816591739655
2415312384.0,-0.0299468245357275
2416250112.0,-0.022926202043890953
2417187584.0,-0.019731689244508743
2418125056.0,-0.019080275669693947
2419062528.0,-0.02219598926603794
2420000000.0,-0.028747621923685074
2420937472.0,-0.03793490305542946
2421874944.0,-0.05009737238287926
2422812416.0,-0.06564433872699738
2423749888.0,-0.08522527664899826
2424687616.0,-0.10559903830289841
2425625088.0,-0.12992951273918152
2426562560.0,-0.15578055381774902
2427500032.0,-0.1841610074043274
2428437504.0,-0.2122689187526703
2429374976.0,-0.24239221215248108
2430312448.0,-0.2715693414211273
2431249920.0,-0.3023139238357544
2432187392.0,-0.32960718870162964
2433125120.0,-0.3570282757282257
2434062592.0,-0.3836030960083008
2435000064.0,-0.4067383110523224
2435937536.0,-0.4285776615142822
2436875008.0,-0.4468161463737488
2437812480.0,-0.46230190992355347
2438749952.0,-0.4740747809410095
2439687424.0,-0.4829173982143402
2440624896.0,-0.4879164397716522
2441562624.0,-0.48932820558547974
2442500096.0,-0.4859457314014435
2443437568.0,-0.47984468936920166
2444375040.0,-0.4701092541217804
2445312512.0,-0.4570246636867523
2446249984.0,-0.4405299127101898
2447187456.0,-0.42068979144096375
2448124928.0,-0.39872226119041443
2449062400.0,-0.374115914106369
2449999872.0,-0.3475619852542877
2450937600.0,-0.3181298077106476
2451875072.0,-0.28742167353630066
2452812544.0,-0.25565627217292786
2453750016.0,-0.2225923389196396
2454687488.0,-0.18956011533737183
2455624960.0,-0.15660572052001953
2456562432.0,-0.1239820122718811
2457499904.0,-0.08934374153614044
2458437376.0,-0.0557621568441391
2459375104.0,-0.02494600974023342
2460312576.0,0.006225517950952053
2461250048.0,0.03683971241116524
2462187520.0,0.0658128559589386
2463124992.0,0.09386001527309418
2464062464.0,0.12010690569877625
2464999936.0,0.1452765166759491
2465937408.0,0.16973012685775757
2466874880.0,0.19117183983325958
2467812608.0,0.21177905797958374
2468750080.0,0.12104112654924393
2469687552.0,0.13387447595596313
2470625024.0,0.149794802069664
2471562496.0,0.1612386405467987
2472499968.0,0.1720476895570755
2473437440.0,0.18178538978099823
2474374912.0,0.18756715953350067
2475312384.0,0.19281774759292603
2476250112.0,0.19527994096279144
2477187584.0,0.19728156924247742
2478125056.0,0.19630631804466248
2479062528.0,0.19398482143878937
2480000000.0,0.18836452066898346
2480937472.0,0.18151801824569702
2481874944.0,0.17299264669418335
2482812416.0,0.16223059594631195
2483749888.0,0.15031635761260986
2484687616.0,0.1357049196958542
2485625088.0,0.1208362728357315
2486562560.0,0.10378212481737137
2487500032.0,0.0861041396856308
2488437504.0,0.06651472300291061
2489374976.0,0.046645164489746094
2490312448.0,0.026288703083992004
2491249920.0,0.005164280999451876
2492187392.0,-0.015781063586473465
2493125120.0,-0.03738263621926308
2494062592.0,-0.05774403735995293
2495000064.0,-0.07819978147745132
2495937536.0,-0.09883087128400803
2496875008.0,-0.11713797599077225
2497812480.0,-0.13378199934959412
2498749952.0,-0.15014973282814026
2499687424.0,-0.1652236133813858
2500624896.0,-0.17756134271621704
2501562624.0,-0.18982364237308502
2502500096.0,-0.20056937634944916
2503437568.0,-0.20716217160224915
2504375040.0,-0.21302200853824615
2505312512.0,-0.21651144325733185
2506249984.0,-0.21857242286205292
2507187456.0,-0.21829460561275482
2508124928.0,-0.21580113470554352
2509062400.0,-0.2116476446390152
2510000128.0,-0.20568116009235382
2510937600.0,-0.19861477613449097
2511875072.0,-0.18796268105506897
2512812544.0,-0.17717917263507843
2513750016.0,-0.1635754406452179
2514687488.0,-0.14972639083862305
2515624960.0,-0.13305990397930145
2516562432.0,-0.11692298948764801
2517499904.0,-0.09858647733926773
2518437376.0,-0.08023522049188614
2519375104.0,-0.06078280881047249
2520312576.0,-0.041843313723802567
2521250048.0,-0.02266010455787182
2522187520.0,-0.0031474479474127293
2523124992.0,0.015409667044878006
2524062464.0,0.03529651090502739
2524999936.0,0.053810276091098785
2525937408.0,0.06988516449928284
2526874880.0,0.0878635123372078
2527812608.0,0.10213928669691086
2528750080.0,0.15539169311523438
2529687552.0,0.16136451065540314
2530625024.0,0.1670435220003128
2531562496.0,0.1708378940820694
2532499968.0,0.1736716330051422
2533437440.0,0.17599456012248993
2534374912.0,0.17648741602897644
2535312384.0,0.17750713229179382
2536250112.0,0.17822881042957306
2537187584.0,0.17584753036499023
2538125056.0,0.17239846289157867
2539062528.0,0.16893993318080902
2540000000.0,0.1640986204147339
2540937472.0,0.15887631475925446
2541874944.0,0.15190069377422333
2542812416.0,0.1436145305633545
2543749888.0,0.1347670704126358
2544687616.0,0.12522444128990173
2545625088.0,0.11336410790681839
2546562560.0,0.10144248604774475
2547500032.0,0.08825115114450455
2548437504.0,0.07408430427312851
2549374976.0,0.05921164155006409
2550312448.0,0.043897829949855804
2551249920.0,0.02779371850192547
2552187392.0,0.012789569795131683
2553125120.0,-0.0038354420103132725
2554062592.0,-0.020709937438368797
2555000064.0,-0.03719098120927811
2555937536.0,-0.052337516099214554
2556875008.0,-0.0681518167257309
2557812480.0,-0.0830674096941948
2558749952.0,-0.0973256453871727
2559687424.0,-0.11044777929782867
2560624896.0,-0.12086913734674454
2561562624.0,-0.13106414675712585
2562500096.0,-0.14014387130737305
2563437568.0,-0.14696532487869263
2564375040.0,-0.1518549621105194
2565312512.0,-0.15531352162361145
2566249984.0,-0.15714220702648163
2567187456.0,-0.15643936395645142
2568124928.0,-0.15422947704792023
2569062400.0,-0.14962312579154968
2569999872.0,-0.14410097897052765
2570937600.0,-0.13570880889892578
2571875072.0,-0.12571099400520325
2572812544.0,-0.113527312874794
2573750016.0,-0.10080010443925858
2574687488.0,-0.08620797842741013
2575624960.0,-0.06993316859006882
2576562432.0,-0.0531039834022522
2577499904.0,-0.034573994576931
2578437376.0,-0.015903787687420845
2579375104.0,0.002907632850110531
2580312576.0,0.023045403882861137
2581250048.0,0.042620133608579636
2582187520.0,0.062381017953157425
2583124992.0,0.08146819472312927
2584062464.0,0.09895730018615723
2584999936.0,0.11764746159315109
2585937408.0,0.13359792530536652
2586874880.0,0.1477338671684265
2587812608.0,0.16117802262306213
2588750080.0,0.18555785715579987
2589687552.0,0.19318467378616333
2590625024.0,0.19757682085037231
2591562496.0,0.2006406933069229
2592499968.0,0.2017301619052887
2593437440.0,0.20018763840198517
2594374912.0,0.19642521440982819
2595312384.0,0.19034810364246368
2596250112.0,0.181643545627594
2597187584.0,0.17245876789093018
2598125056.0,0.16026972234249115
2599062528.0,0.14881476759910583
2600000000.0,0.13502304255962372
2600937472.0,0.12026861310005188
2601874944.0,0.10452253371477127
2602812416.0,0.08866352587938309
2603749888.0,0.07218027114868164
2604687616.0,0.05591065436601639
2605625088.0,0.038406841456890106
2606562560.0,0.02225351333618164
2607500032.0,0.006524187512695789
2608437504.0,-0.008386493660509586
2609374976.0,-0.022260727360844612
2610312448.0,-0.03595993295311928
2611249920.0,-0.04860195890069008
2612187392.0,-0.060394953936338425
2613125120.0,-0.06979897618293762
2614062592.0,-0.07969607412815094
2615000064.0,-0.08756314963102341
2615937536.0,-0.0949811041355133
2616875008.0,-0.10073154419660568
2617812480.0,-0.10433487594127655
2618749952.0,-0.10843528807163239
2619687424.0,-0.11056701838970184
2620624896.0,-0.11208603531122208
2621562624.0,-0.11262474209070206
2622500096.0,-0.11269676685333252
2623437568.0,-0.11035970598459244
2624375040.0,-0.10836219042539597
2625312512.0,-0.10731851309537888
2626249984.0,-0.10313106328248978
2627187456.0,-0.09984835982322693
2628124928.0,-0.09512299299240112
2629062400.0,-0.09011318534612656
2630000128.0,-0.08411749452352524
2630937600.0,-0.07874409854412079
2631875072.0,-0.07190864533185959
2632812544.0,-0.06415583938360214
2633750016.0,-0.05620604380965233
2634687488.0,-0.04813787713646889
2635624960.0,-0.038596536964178085
2636562432.0,-0.02790147438645363
2637499904.0,-0.017040275037288666
2638437376.0,-0.005232826340943575
2639375104.0,0.0058304015547037125
2640312576.0,0.01962951011955738
2641250048.0,0.03286665678024292
2642187520.0,0.0472596101462841
2643124992.0,0.061261001974344254
2644062464.0,0.0771159678697586
2644999936.0,0.0934426486492157
2645937408.0,0.10909661650657654
2646874880.0,0.12546436488628387
2647812608.0,0.2000233232975006
2648750080.0,0.21089860796928406
2649687552.0,0.21907024085521698
2650625024.0,0.2259417325258255
2651562496.0,0.23064127564430237
2652499968.0,0.23267623782157898
2653437440.0,0.23109357059001923
2654374912.0,0.22791442275047302
2655312384.0,0.2224404513835907
2656250112.0,0.2121165543794632
2657187584.0,0.17385181784629822
2658125056.0,0.15538309514522552
2659062528.0,0.1348610520362854
2660000000.0,0.11200154572725296
2660937472.0,0.08718310296535492
2661874944.0,0.059842899441719055
2662812416.0,0.032648101449012756
2663749888.0,0.004073980264365673
2664687616.0,-0.0263429656624794
2665625088.0,-0.05564003065228462
2666562560.0,-0.08500020205974579
2667500032.0,-0.11306533962488174
2668437504.0,-0.14074188470840454
2669374976.0,-0.16559550166130066
2670312448.0,-0.18912199139595032
2671249920.0,-0.2111978530883789
2672187392.0,-0.22953131794929504
2673125120.0,-0.2455390840768814
2674062592.0,-0.2586197257041931
2675000064.0,-0.26904886960983276
2675937536.0,-0.27700912952423096
2676875008.0,-0.2808292806148529
2677812480.0,-0.2813173234462738
2678749952.0,-0.28102606534957886
2679687424.0,-0.2761414349079132
2680624896.0,-0.26872047781944275
2681562624.0,-0.2586720883846283
2682500096.0,-0.24644429981708527
2683437568.0,-0.23328135907649994
2684375040.0,-0.21719512343406677
2685312512.0,-0.19954076409339905
2686249984.0,-0.18098263442516327
2687187456.0,-0.1608351618051529
2688124928.0,-0.14062108099460602
2689062400.0,-0.12014614790678024
2689999872.0,-0.09926247596740723
2690937600.0,-0.07851826399564743
2691875072.0,-0.05751827359199524
2692812544.0,-0.0372798889875412
2693750016.0,-0.01637730561196804
2694687488.0,0.0038825899828225374
2695624960.0,0.021805698052048683
2696562432.0,0.04091721400618553
2697499904.0,0.05957425758242607
2698437376.0,0.07778331637382507
2699375104.0,0.09574311226606369
2700312576.0,0.11296457797288895
2701250048.0,0.12910214066505432
2702187520.0,0.14573463797569275
2703124992.0,0.16147880256175995
2704062464.0,0.176246777176857
2704999936.0,0.18994170427322388
2705937408.0,0.2041579782962799
2706874880.0,0.2176019251346588
2707812608.0,0.18808935582637787
2708750080.0,0.19323323667049408
2709687552.0,0.19828645884990692
2710625024.0,0.20171302556991577
2711562496.0,0.20266693830490112
2712499968.0,0.20415300130844116
2713437440.0,0.20328858494758606
2714374912.0,0.20125162601470947
2715312384.0,0.1970537006855011
2716250112.0,0.19154082238674164
2717187584.0,0.18519903719425201
2718125056.0,0.17675669491291046
2719062528.0,0.16677474975585938
2720000000.0,0.1565285623073578
2720937472.0,0.1434856355190277
2721874944.0,0.12933699786663055
2722812416.0,0.11404234915971756
2723749888.0,0.09814377129077911
2724687616.0,0.08125518262386322
2725625088.0,0.062393855303525925
2726562560.0,0.044256459921598434
2727500032.0,0.024899961426854134
2728437504.0,0.005304456222802401
2729374976.0,-0.013912602327764034
2730312448.0,-0.03410107269883156
2731249920.0,-0.053035810589790344
2732187392.0,-0.07297995686531067
2733125120.0,-0.0908723995089531
2734062592.0,-0.10920969396829605
2735000064.0,-0.12679943442344666
2735937536.0,-0.14250439405441284
2736875008.0,-0.15754517912864685
2737812480.0,-0.17123132944107056
2738749952.0,-0.18320515751838684
2739687424.0,-0.19389373064041138
2740624896.0,-0.20334401726722717
2741562624.0,-0.21123889088630676
2742500096.0,-0.21574415266513824
2743437568.0,-0.22016416490077972
2744375040.0,-0.22218167781829834
2745312512.0,-0.2216958850622177
2746249984.0,-0.22029714286327362
2747187456.0,-0.21628424525260925
2748124928.0,-0.21028608083724976
2749062400.0,-0.20312011241912842
2750000128.0,-0.1947895884513855
2750937600.0,-0.18339572846889496
2751875072.0,-0.17004406452178955
2752812544.0,-0.1563316434621811
2753750016.0,-0.14121279120445251
2754687488.0,-0.12472785264253616
2755624960.0,-0.10747397691011429
2756562432.0,-0.08850979804992676
2757499904.0,-0.06931071728467941
2758437376.0,-0.04944535344839096
2759375104.0,-0.02963670715689659
2760312576.0,-0.009489862248301506
2761250048.0,0.010228252038359642
2762187520.0,0.029160678386688232
2763124992.0,0.04766181483864784
2764062464.0,0.06657172739505768
2764999936.0,0.0837731659412384
2765937408.0,0.09868045151233673
2766874880.0,0.11376592516899109
2767812608.0,0.16975179314613342
2768750080.0,0.16974300146102905
2769687552.0,0.16739052534103394
2770625024.0,0.16466909646987915
2771562496.0,0.1620306521654129
2772499968.0,0.15719754993915558
2773437440.0,0.15209169685840607
2774374912.0,0.14660590887069702
2775312384.0,0.13917581737041473
2776250112.0,0.13070335984230042
2777187584.0,0.12195368111133575
2778125056.0,0.11230736970901489
2779062528.0,0.10264594852924347
2780000000.0,0.09266357868909836
2780937472.0,0.08102744817733765
2781874944.0,0.06975597888231277
2782812416.0,0.057104792445898056
2783749888.0,0.04501829668879509
2784687616.0,0.031898003071546555
2785625088.0,0.018474504351615906
2786562560.0,0.005921285133808851
2787500032.0,-0.00867544300854206
2788437504.0,-0.02206716500222683
2789374976.0,-0.03389382362365723
2790312448.0,-0.04704490303993225
2791249920.0,-0.05956975743174553
2792187392.0,-0.07197419553995132
2793125120.0,-0.08338721096515656
2794062592.0,-0.09364351630210876
2795000064.0,-0.10338873416185379
2795937536.0,-0.11266971379518509
2796875008.0,-0.12044743448495865
2797812480.0,-0.12622740864753723
2798749952.0,-0.1323307603597641
2799687424.0,-0.13590793311595917
2800624896.0,-0.1393941044807434
2801562624.0,-0.1401437520980835
2802500096.0,-0.13961495459079742
2803437568.0,-0.13762933015823364
2804375040.0,-0.13445408642292023
2805312512.0,-0.12907995283603668
2806249984.0,-0.12305939197540283
2807187456.0,-0.11479293555021286
2808124928.0,-0.10504156351089478
2809062400.0,-0.09452641010284424
2809999872.0,-0.08246325701475143
2810937600.0,-0.06911025196313858
2811875072.0,-0.055617667734622955
2812812544.0,-0.040128447115421295
2813750016.0,-0.024315841495990753
2814687488.0,-0.007543918676674366
2815624960.0,0.009241224266588688
2816562432.0,0.025804594159126282
2817499904.0,0.04253019765019417
2818437376.0,0.0593278706073761
2819375104.0,0.07602853327989578
2820312576.0,0.09243503212928772
2821250048.0,0.10822693258523941
2822187520.0,0.1226077452301979
2823124992.0,0.13498498499393463
2824062464.0,0.14644494652748108
2824999936.0,0.15594154596328735
2825937408.0,0.1638529896736145
2826874880.0,0.17073094844818115
2827812608.0,0.18440823256969452
2828750080.0,0.18526721000671387
2829687552.0,0.18424826860427856
2830625024.0,0.18169094622135162
2831562496.0,0.17497897148132324
2832499968.0,0.1667170226573944
2833437440.0,0.15595629811286926
2834374912.0,0.1435951590538025
2835312384.0,0.12932062149047852
2836250112.0,0.11459220945835114
2837187584.0,0.09722422063350677
2838125056.0,0.07960744947195053
2839062528.0,0.060184601694345474
2840000000.0,0.041424307972192764
2840937472.0,0.02099517360329628
2841874944.0,0.002058272948488593
2842812416.0,-0.016807181760668755
2843749888.0,-0.03483208268880844
2844687616.0,-0.05200463905930519
2845625088.0,-0.0690857321023941
2846562560.0,-0.0832187682390213
2847500032.0,-0.09648751467466354
2848437504.0,-0.10880370438098907
2849374976.0,-0.11869797855615616
2850312448.0,-0.12743008136749268
2851249920.0,-0.13357628881931305
2852187392.0,-0.13944996893405914
2853125120.0,-0.1413675844669342
2854062592.0,-0.14232827723026276
2855000064.0,-0.14170430600643158
2855937536.0,-0.1395980566740036
2856875008.0,-0.13648585975170135
2857812480.0,-0.13139523565769196
2858749952.0,-0.12376231700181961
2859687424.0,-0.11623743176460266
2860624896.0,-0.10826140642166138
2861562624.0,-0.09846030920743942
2862500096.0,-0.08756764233112335
2863437568.0,-0.07629483938217163
2864375040.0,-0.06547151505947113
2865312512.0,-0.0536423958837986
2866249984.0,-0.04127597063779831
2867187456.0,-0.02865656092762947
2868124928.0,-0.015201530419290066
2869062400.0,-0.003132415469735861
2870000128.0,0.008699457161128521
2870937600.0,0.022013308480381966
2871875072.0,0.03408171609044075
2872812544.0,0.04652785137295723
2873750016.0,0.05897172540426254
2874687488.0,0.06973538547754288
2875624960.0,0.08171487599611282
2876562432.0,0.09239684790372849
2877499904.0,0.10229113698005676
2878437376.0,0.11192873865365982
2879375104.0,0.12131571024656296
2880312576.0,0.129820317029953
2881250048.0,0.13858358561992645
2882187520.0,0.14584289491176605
2883124992.0,0.15112903714179993
2884062464.0,0.15652887523174286
2884999936.0,0.1616697907447815
2885937408.0,0.16498908400535583
2886874880.0,0.16759660840034485
2887812608.0,0.16895189881324768
2888750080.0,0.16929200291633606
2889687552.0,0.16821472346782684
2890625024.0,0.16591456532478333
2891562496.0,0.1624564379453659
2892499968.0,0.1561739444732666
2893437440.0,0.14875470101833344
2894374912.0,0.1401376575231552
2895312384.0,0.129959836602211
2896250112.0,0.11746225506067276
2897187584.0,0.10423650592565536
2898125056.0,0.08830629289150238
2899062528.0,0.07321932166814804
2900000000.0,0.056382134556770325
2900937472.0,0.0384833924472332
2901874944.0,0.019988836720585823
2902812416.0,0.0008700296166352928
2903749888.0,-0.018399981781840324
2904687616.0,-0.03669815510511398
2905625088.0,-0.05557718127965927
2906562560.0,-0.07296030223369598
2907500032.0,-0.09070184081792831
2908437504.0,-0.10660628229379654
2909374976.0,-0.12273689359426498
2910312448.0,-0.13614147901535034
2911249920.0,-0.14767061173915863
2912187392.0,-0.15811368823051453
2913125120.0,-0.16697436571121216
2914062592.0,-0.17375336587429047
2915000064.0,-0.17846812307834625
2915937536.0,-0.18130314350128174
2916875008.0,-0.18220244348049164
2917812480.0,-0.1808542162179947
2918749952.0,-0.17561231553554535
2919687424.0,-0.17058506608009338
2920624896.0,-0.1628725528717041
2921562624.0,-0.1521565020084381
2922500096.0,-0.14138248562812805
2923437568.0,-0.12794581055641174
2924375040.0,-0.11418498307466507
2925312512.0,-0.09873832017183304
2926249984.0,-0.08156625181436539
2927187456.0,-0.06369917094707489
2928124928.0,-0.04555460810661316
2929062400.0,-0.027439281344413757
2929999872.0,-0.009276805445551872
2930937600.0,0.008315377868711948
2931875072.0,0.02638566680252552
2932812544.0,0.044100210070610046
2933750016.0,0.0596005879342556
2934687488.0,0.075136698782444
2935624960.0,0.08978311717510223
2936562432.0,0.10316828638315201
2937499904.0,0.11580111086368561
2938437376.0,0.1254243403673172
2939375104.0,0.13408289849758148
2940312576.0,0.14166861772537231
2941250048.0,0.14714504778385162
2942187520.0,0.15072740614414215
2943124992.0,0.15340928733348846
2944062464.0,0.15534687042236328
2944999936.0,0.15555442869663239
2945937408.0,0.15397320687770844
2946874880.0,0.15143217146396637
2947812608.0,0.14622938632965088
2948750080.0,0.14293509721755981
2949687552.0,0.13962551951408386
2950625024.0,0.13504277169704437
2951562496.0,0.12956884503364563
2952499968.0,0.12365557998418808
2953437440.0,0.11764407157897949
2954374912.0,0.10973089188337326
2955312384.0,0.10123056918382645
2956250112.0,0.09184075146913528
2957187584.0,0.08236463367938995
2958125056.0,0.07216981798410416
2959062528.0,0.06164451688528061
2960000000.0,0.049444496631622314
2960937472.0,0.03895272687077522
2961874944.0,0.02746431715786457
2962812416.0,0.014983892440795898
2963749888.0,0.0035225669853389263
2964687616.0,-0.00869343988597393
2965625088.0,-0.021702641621232033
2966562560.0,-0.03376734256744385
2967500032.0,-0.045241061598062515
2968437504.0,-0.05728636309504509
2969374976.0,-0.06899842619895935
2970312448.0,-0.0788729339838028
2971249920.0,-0.08890698105096817
2972187392.0,-0.09758070856332779
2973125120.0,-0.1063041165471077
2974062592.0,-0.11423282325267792
2975000064.0,-0.12035999447107315
2975937536.0,-0.12700499594211578
2976875008.0,-0.13207677006721497
2977812480.0,-0.13597829639911652
2978749952.0,-0.13827231526374817
2979687424.0,-0.14056304097175598
2980624896.0,-0.1417451947927475
2981562624.0,-0.14091283082962036
2982500096.0,-0.1388184130191803
2983437568.0,-0.13628509640693665
2984375040.0,-0.13224419951438904
2985312512.0,-0.12822428345680237
2986249984.0,-0.1224997341632843
2987187456.0,-0.11571561545133591
2988124928.0,-0.10836467146873474
2989062400.0,-0.10013314336538315
2990000128.0,-0.09177786111831665
2990937600.0,-0.08332403004169464
2991875072.0,-0.07437407225370407
2992812544.0,-0.06535737216472626
2993750016.0,-0.05569707602262497
2994687488.0,-0.047223158180713654
2995624960.0,-0.03890309855341911
2996562432.0,-0.02956611104309559
2997499904.0,-0.022860087454319
2998437376.0,-0.01526873093098402
2999375104.0,-0.008148159831762314
3000312576.0,-0.004404151812195778
3001250048.0,0.00018547014042269439
3002187520.0,0.004401442129164934
3003124992.0,0.007375504821538925
3004062464.0,0.00932763610035181
3004999936.0,0.010384760797023773
3005937408.0,0.010118640959262848
3006874880.0,0.009300337173044682
3007812608.0,0.005917050875723362
3008750080.0,0.0019644370768219233
3009687552.0,-0.0019138602074235678
3010625024.0,-0.005282158963382244
3011562496.0,-0.009813487529754639
3012499968.0,-0.014554322697222233
3013437440.0,-0.019315920770168304
3014374912.0,-0.023003997281193733
3015312384.0,-0.027712855488061905
3016250112.0,-0.03275780752301216
3017187584.0,-0.03723397105932236
3018125056.0,-0.04199528321623802
3019062528.0,-0.04657488316297531
3020000000.0,-0.051722586154937744
3020937472.0,-0.056108176708221436
3021874944.0,-0.061534199863672256
3022812416.0,-0.06674489378929138
3023749888.0,-0.07128719985485077
3024687616.0,-0.07599929720163345
3025625088.0,-0.08035198599100113
3026562560.0,-0.08557549118995667
3027500032.0,-0.09025651216506958
3028437504.0,-0.09418068081140518
3029374976.0,-0.09805423021316528
3030312448.0,-0.10144095122814178
3031249920.0,-0.10657418519258499
3032187392.0,-0.10981795936822891
3033125120.0,-0.11452566087245941
3034062592.0,-0.11748963594436646
3035000064.0,-0.1202259510755539
3035937536.0,-0.12380000948905945
3036875008.0,-0.12588968873023987
3037812480.0,-0.1279846578836441
3038749952.0,-0.1296555995941162
3039687424.0,-0.1310821771621704
3040624896.0,-0.13242873549461365
3041562624.0,-0.1324000358581543
3042500096.0,-0.1324266940355301
3043437568.0,-0.13178399205207825
3044375040.0,-0.13087646663188934
3045312512.0,-0.12897802889347076
3046249984.0,-0.12668457627296448
3047187456.0,-0.12421834468841553
3048124928.0,-0.12011165916919708
3049062400.0,-0.11559740453958511
3049999872.0,-0.11251659691333771
3050937600.0,-0.10778763890266418
3051875072.0,-0.10337179899215698
3052812544.0,-0.09816233068704605
3053750016.0,-0.0937662199139595
3054687488.0,-0.08842264860868454
3055624960.0,-0.08318744599819183
3056562432.0,-0.07745286822319031
3057499904.0,-0.07228092104196548
3058437376.0,-0.06737908720970154
3059375104.0,-0.062046922743320465
3060312576.0,-0.05849109962582588
3061250048.0,-0.05401230603456497
3062187520.0,-0.049372393637895584
3063124992.0,-0.04590998962521553
3064062464.0,-0.04384547472000122
3064999936.0,-0.04161455109715462
3065937408.0,-0.04057145118713379
3066874880.0,-0.039758119732141495
3067812608.0,-0.025211552157998085
3068750080.0,-0.030728967860341072
3069687552.0,-0.03594565764069557
3070625024.0,-0.042960602790117264
3071562496.0,-0.05064236745238304
3072499968.0,-0.05866941064596176
3073437440.0,-0.06565114855766296
3074374912.0,-0.07431211322546005
3075312384.0,-0.08312210440635681
3076250112.0,-0.09101733565330505
3077187584.0,-0.09958158433437347
3078125056.0,-0.10706768184900284
3079062528.0,-0.11326809227466583
3080000000.0,-0.12039518356323242
3080937472.0,-0.12622614204883575
3081874944.0,-0.13067971169948578
3082812416.0,-0.13559095561504364
3083749888.0,-0.13952548801898956
3084687616.0,-0.1405683159828186
3085625088.0,-0.14160333573818207
3086562560.0,-0.14265914261341095
3087500032.0,-0.14043115079402924
3088437504.0,-0.13757391273975372
3089374976.0,-0.13451433181762695
3090312448.0,-0.13020747900009155
3091249920.0,-0.12517356872558594
3092187392.0,-0.11753202974796295
3093125120.0,-0.1113860011100769
3094062592.0,-0.10363547503948212
3095000064.0,-0.09416145831346512
3095937536.0,-0.08601175993680954
3096875008.0,-0.07724741101264954
3097812480.0,-0.06779846549034119
3098749952.0,-0.05786537751555443
3099687424.0,-0.0480198934674263
3100624896.0,-0.038753919303417206
3101562624.0,-0.028926316648721695
3102500096.0,-0.019747061654925346
3103437568.0,-0.010060017928481102
3104375040.0,-0.0007699771085754037
3105312512.0,0.00831540022045374
3106249984.0,0.015865206718444824
3107187456.0,0.023588169366121292
3108124928.0,0.030426913872361183
3109062400.0,0.03762345016002655
3110000128.0,0.04454435408115387
3110937600.0,0.04962001368403435
3111875072.0,0.054455798119306564
3112812544.0,0.05893300846219063
3113750016.0,0.06287702918052673
3114687488.0,0.06649322062730789
3115624960.0,0.0684262216091156
3116562432.0,0.0712684616446495
3117499904.0,0.07407817989587784
3118437376.0,0.0751943439245224
3119375104.0,0.0763450562953949
3120312576.0,0.07760776579380035
3121250048.0,0.07929793000221252
3122187520.0,0.0802181139588356
3123124992.0,0.08224742859601974
3124062464.0,0.08299575001001358
3124999936.0,0.08279114961624146
3125937408.0,0.08323871344327927
3126874880.0,0.08363957703113556
3127812608.0,0.10385554283857346
3128750080.0,0.09980877488851547
3129687552.0,0.09737282991409302
3130625024.0,0.09473933279514313
3131562496.0,0.09244530647993088
3132499968.0,0.0909675657749176
3133437440.0,0.08867588639259338
3134374912.0,0.0874762088060379
3135312384.0,0.08469513803720474
3136250112.0,0.08381059020757675
3137187584.0,0.08238817751407623
3138125056.0,0.08189757168292999
3139062528.0,0.08096873760223389
3140000000.0,0.08077777177095413
3140937472.0,0.0798775926232338
3141874944.0,0.0795479342341423
3142812416.0,0.07879731059074402
3143749888.0,0.0789528489112854
3144687616.0,0.07762409746646881
3145625088.0,0.07727307826280594
3146562560.0,0.0752137154340744
3147500032.0,0.0742182508111
3148437504.0,0.07210345566272736
3149374976.0,0.06947794556617737
3150312448.0,0.06632792949676514
3151249920.0,0.062499165534973145
3152187392.0,0.057563088834285736
3153125120.0,0.05229753255844116
3154062592.0,0.04666857793927193
3155000064.0,0.03960680216550827
3155937536.0,0.03336646035313606
3156875008.0,0.025150898844003677
3157812480.0,0.016995873302221298
3158749952.0,0.007143528666347265
3159687424.0,-0.0021542604081332684
3160624896.0,-0.012711768969893456
3161562624.0,-0.022139066830277443
3162500096.0,-0.033687833696603775
3163437568.0,-0.044232722371816635
3164375040.0,-0.05501669645309448
3165312512.0,-0.0663582980632782
3166249984.0,-0.07722678780555725
3167187456.0,-0.08701974153518677
3168124928.0,-0.09839379787445068
3169062400.0,-0.10773288458585739
3169999872.0,-0.11681196838617325
3170937600.0,-0.12553717195987701
3171875072.0,-0.13322436809539795
3172812544.0,-0.13946348428726196
3173750016.0,-0.1446678340435028
3174687488.0,-0.14877328276634216
3175624960.0,-0.15222759544849396
3176562432.0,-0.15357334911823273
3177499904.0,-0.15445184707641602
3178437376.0,-0.15343382954597473
3179375104.0,-0.15086807310581207
3180312576.0,-0.14745081961154938
3181250048.0,-0.1414562314748764
3182187520.0,-0.13389739394187927
3183124992.0,-0.12554199993610382
3184062464.0,-0.11607226729393005
3184999936.0,-0.10505561530590057
3185937408.0,-0.09271598607301712
3186874880.0,-0.07934468984603882
3187812608.0,0.04480323940515518
3188750080.0,0.04344465211033821
3189687552.0,0.04225241020321846
3190625024.0,0.041737254709005356
3191562496.0,0.04151536896824837
3192499968.0,0.04269019514322281
3193437440.0,0.04511447995901108
3194374912.0,0.04726182669401169
3195312384.0,0.04990271478891373
3196250112.0,0.05295565724372864
3197187584.0,0.0573306605219841
3198125056.0,0.0609271302819252
3199062528.0,0.06456226110458374
3200000000.0,0.06906293332576752
3200937472.0,0.07138516753911972
3201874944.0,0.0743161216378212
3202812416.0,0.0761289894580841
3203749888.0,0.07731613516807556
3204687616.0,0.07730469852685928
3205625088.0,0.07668570429086685
3206562560.0,0.07506416738033295
3207500032.0,0.07232310622930527
3208437504.0,0.06746768206357956
3209374976.0,0.06270026415586472
3210312448.0,0.058050841093063354
3211249920.0,0.05015921592712402
3212187392.0,0.04163118824362755
3213125120.0,0.03150792047381401
3214062592.0,0.0218028724193573
3215000064.0,0.009686053730547428
3215937536.0,-0.0012534103589132428
3216875008.0,-0.014030086807906628
3217812480.0,-0.026723936200141907
3218749952.0,-0.038949836045503616
3219687424.0,-0.051596980541944504
3220624896.0,-0.06360858678817749
3221562624.0,-0.07608424127101898
3222500096.0,-0.08665335178375244
3223437568.0,-0.09654546529054642
3224375040.0,-0.10751324892044067
3225312512.0,-0.11531518399715424
3226249984.0,-0.12294495105743408
3227187456.0,-0.1280151605606079
3228124928.0,-0.13242006301879883
3229062400.0,-0.1365814507007599
3230000128.0,-0.13879011571407318
3230937600.0,-0.13981468975543976
3231875072.0,-0.13967224955558777
3232812544.0,-0.1380351334810257
3233750016.0,-0.13504502177238464
3234687488.0,-0.13167673349380493
3235624960.0,-0.1278097778558731
3236562432.0,-0.12200022488832474
3237499904.0,-0.11611219495534897
3238437376.0,-0.11057551950216293
3239375104.0,-0.10456807911396027
3240312576.0,-0.09755231440067291
3241250048.0,-0.09176322817802429
3242187520.0,-0.08665385842323303
3243124992.0,-0.08186222612857819
3244062464.0,-0.0777524933218956
3244999936.0,-0.07576239109039307
3245937408.0,-0.07259099930524826
3246874880.0,-0.07174905389547348
3247812608.0,-0.06368373334407806
3248750080.0,-0.06710197776556015
3249687552.0,-0.07083297520875931
3250625024.0,-0.0738847404718399
3251562496.0,-0.07684388011693954
3252499968.0,-0.08031175285577774
3253437440.0,-0.08137018233537674
3254374912.0,-0.08282799273729324
3255312384.0,-0.08232957869768143
3256250112.0,-0.08131392300128937
3257187584.0,-0.07838762551546097
3258125056.0,-0.07546793669462204
3259062528.0,-0.0712934210896492
3260000000.0,-0.06567136943340302
3260937472.0,-0.05963444337248802
3261874944.0,-0.05264925956726074
3262812416.0,-0.04520408436655998
3263749888.0,-0.03666417673230171
3264687616.0,-0.02903183177113533
3265625088.0,-0.02142295055091381
3266562560.0,-0.014769777655601501
3267500032.0,-0.007424838840961456
3268437504.0,-0.002552010817453265
3269374976.0,0.002403666963800788
3270312448.0,0.006007874850183725
3271249920.0,0.008656816557049751
3272187392.0,0.009226053953170776
3273125120.0,0.009444236755371094
3274062592.0,0.008551908656954765
3275000064.0,0.006427887827157974
3275937536.0,0.0038241317961364985
3276875008.0,0.0008471497567370534
3277812480.0,-0.0015874046366661787
3278749952.0,-0.004110732115805149
3279687424.0,-0.0068678660318255424
3280624896.0,-0.008717289194464684
3281562624.0,-0.009617839939892292
3282500096.0,-0.011196097359061241
3283437568.0,-0.01165319699794054
3284375040.0,-0.010018385015428066
3285312512.0,-0.009509000927209854
3286249984.0,-0.008295676670968533
3287187456.0,-0.007072052918374538
3288124928.0,-0.005464869551360607
3289062400.0,-0.00523280818015337
3289999872.0,-0.003792642382904887
3290937600.0,-0.0044218311086297035
3291875072.0,-0.005019558127969503
3292812544.0,-0.006600814871490002
3293750016.0,-0.010586834512650967
3294687488.0,-0.015096326358616352
3295624960.0,-0.020222723484039307
3296562432.0,-0.026736890897154808
3297499904.0,-0.034441493451595306
3298437376.0,-0.04196642339229584
3299375104.0,-0.051724065095186234
3300312576.0,-0.060164742171764374
3301250048.0,-0.06868833303451538
3302187520.0,-0.07807222008705139
3303124992.0,-0.08729979395866394
3304062464.0,-0.09639956057071686
3304999936.0,-0.10522103309631348
3305937408.0,-0.1127396747469902
3306874880.0,-0.1202814057469368
3307812608.0,-0.08593791723251343
3308750080.0,-0.08215273916721344
3309687552.0,-0.08049995452165604
3310625024.0,-0.07862641662359238
3311562496.0,-0.07610920816659927
3312499968.0,-0.07504545897245407
3313437440.0,-0.07288463413715363
3314374912.0,-0.0726279467344284
3315312384.0,-0.07317381352186203
3316250112.0,-0.07336603850126266
3317187584.0,-0.0747358426451683
3318125056.0,-0.07681911438703537
3319062528.0,-0.07946984469890594
3320000000.0,-0.08279969543218613
3320937472.0,-0.08649779856204987
3321874944.0,-0.0910290777683258
3322812416.0,-0.09628486633300781
3323749888.0,-0.1021612137556076
3324687616.0,-0.10767859220504761
3325625088.0,-0.1137298122048378
3326562560.0,-0.12011788040399551
3327500032.0,-0.12602612376213074
3328437504.0,-0.13268111646175385
3329374976.0,-0.13813158869743347
3330312448.0,-0.14333640038967133
3331249920.0,-0.1478131264448166
3332187392.0,-0.15176457166671753
3333125120.0,-0.15578491985797882
3334062592.0,-0.15808133780956268
3335000064.0,-0.1602649986743927
3335937536.0,-0.16030028462409973
3336875008.0,-0.16015625
3337812480.0,-0.15777185559272766
3338749952.0,-0.15610656142234802
3339687424.0,-0.15197737514972687
3340624896.0,-0.1465877890586853
3341562624.0,-0.14065732061862946
3342500096.0,-0.13427358865737915
3343437568.0,-0.1270904392004013
3344375040.0,-0.11902894079685211
3345312512.0,-0.11196842789649963
3346249984.0,-0.10368400812149048
3347187456.0,-0.09450051933526993
3348124928.0,-0.08451414853334427
3349062400.0,-0.07727587223052979
3350000128.0,-0.06758959591388702
3350937600.0,-0.05902313068509102
3351875072.0,-0.05075766146183014
3352812544.0,-0.04275628924369812
3353750016.0,-0.03523017466068268
3354687488.0,-0.02824573963880539
3355624960.0,-0.02305515483021736
3356562432.0,-0.01768694445490837
3357499904.0,-0.012552278116345406
3358437376.0,-0.008832795545458794
3359375104.0,-0.004773840773850679
3360312576.0,-0.002338119549676776
3361250048.0,0.00019550025172065943
3362187520.0,0.0011543887667357922
3363124992.0,0.0028556198813021183
3364062464.0,0.003974518273025751
3364999936.0,0.005208093672990799
3365937408.0,0.006672475021332502
3366874880.0,0.0077077122405171394
3367812608.0,0.01515204831957817
3368750080.0,0.02157050184905529
3369687552.0,0.02741953730583191
3370625024.0,0.03396553173661232
3371562496.0,0.03815453127026558
3372499968.0,0.042384061962366104
3373437440.0,0.04554393142461777
3374374912.0,0.04749065637588501
3375312384.0,0.04737506061792374
3376250112.0,0.04805847629904747
3377187584.0,0.0464627668261528
3378125056.0,0.04411791265010834
3379062528.0,0.04099553823471069
3380000000.0,0.03692074492573738
3380937472.0,0.03153550624847412
3381874944.0,0.025062663480639458
3382812416.0,0.017889343202114105
3383749888.0,0.009801414795219898
3384687616.0,0.0017447358695790172
3385625088.0,-0.007841087877750397
3386562560.0,-0.016882658004760742
3387500032.0,-0.025649970397353172
3388437504.0,-0.035474006086587906
3389374976.0,-0.04469770938158035
3390312448.0,-0.05402202531695366
3391249920.0,-0.06316050887107849
3392187392.0,-0.07189380377531052
3393125120.0,-0.07931036502122879
3394062592.0,-0.08697261661291122
3395000064.0,-0.09289577603340149
3395937536.0,-0.09911753237247467
3396875008.0,-0.10435771197080612
3397812480.0,-0.1083863377571106
3398749952.0,-0.11106164753437042
3399687424.0,-0.11411888897418976
3400624896.0,-0.11496510356664658
3401562624.0,-0.11558264493942261
3402500096.0,-0.11646905541419983
3403437568.0,-0.11538679897785187
3404375040.0,-0.11489658802747726
3405312512.0,-0.11203540116548538
3406249984.0,-0.10989489406347275
3407187456.0,-0.10596896708011627
3408124928.0,-0.10313592106103897
3409062400.0,-0.09918567538261414
3409999872.0,-0.09523142129182816
3410937600.0,-0.09095983952283859
3411875072.0,-0.08646025508642197
3412812544.0,-0.0827319547533989
3413750016.0,-0.0784008577466011
3414687488.0,-0.07419724762439728
3415624960.0,-0.06984248012304306
3416562432.0,-0.06697092950344086
3417499904.0,-0.06308893114328384
3418437376.0,-0.059740789234638214
3419375104.0,-0.056268297135829926
3420312576.0,-0.05270138755440712
3421250048.0,-0.04983934015035629
3422187520.0,-0.046156976372003555
3423124992.0,-0.04309391975402832
3424062464.0,-0.039994001388549805
3424999936.0,-0.037057336419820786
3425937408.0,-0.03316693753004074
3426874880.0,-0.030340783298015594
3427812608.0,-0.028088923543691635
3428750080.0,-0.02492421865463257
3429687552.0,-0.022699184715747833
3430625024.0,-0.020278746262192726
3431562496.0,-0.017667651176452637
3432499968.0,-0.013983061537146568
3433437440.0,-0.010370182804763317
3434374912.0,-0.005485126283019781
3435312384.0,0.0004660842823795974
3436250112.0,0.005972454324364662
3437187584.0,0.014007125981152058
3438125056.0,0.023533903062343597
3439062528.0,0.03304006904363632
3440000000.0,0.04399646446108818
3440937472.0,0.05633081868290901
3441874944.0,0.06825515627861023
3442812416.0,0.0812416523694992
3443749888.0,0.09500180929899216
3444687616.0,0.10862471908330917
3445625088.0,0.12142336368560791
3446562560.0,0.13461829721927643
3447500032.0,0.14669635891914368
3448437504.0,0.15778611600399017
3449374976.0,0.16873300075531006
3450312448.0,0.17640593647956848
3451249920.0,0.1828276365995407
3452187392.0,0.18721510469913483
3453125120.0,0.18860316276550293
3454062592.0,0.18681453168392181
3455000064.0,0.18487897515296936
3455937536.0,0.1785719394683838
3456875008.0,0.1705886870622635
3457812480.0,0.16039778292179108
3458749952.0,0.14756467938423157
3459687424.0,0.13298656046390533
3460624896.0,0.11688783019781113
3461562624.0,0.10024037957191467
3462500096.0,0.08162800222635269
3463437568.0,0.06265058368444443
3464375040.0,0.04395405203104019
3465312512.0,0.023367121815681458
3466249984.0,0.00493268296122551
3467187456.0,-0.013859637081623077
3468124928.0,-0.030795803293585777
3469062400.0,-0.04716159403324127
3470000128.0,-0.06088107079267502
3470937600.0,-0.07336822897195816
3471875072.0,-0.08485310524702072
3472812544.0,-0.0917290598154068
3473750016.0,-0.09647040069103241
3474687488.0,-0.10126295685768127
3475624960.0,-0.10345716029405594
3476562432.0,-0.10443665087223053
3477499904.0,-0.10371948033571243
3478437376.0,-0.10103294253349304
3479375104.0,-0.09734946489334106
3480312576.0,-0.09246706962585449
3481250048.0,-0.08777343481779099
3482187520.0,-0.08202505856752396
3483124992.0,-0.07663121074438095
3484062464.0,-0.07092905789613724
3484999936.0,-0.06462858617305756
3485937408.0,-0.05970574542880058
3486874880.0,-0.05369378626346588
3487812608.0,-0.03945784270763397
3488750080.0,-0.04203013703227043
3489687552.0,-0.04598693549633026
3490625024.0,-0.04923059791326523
3491562496.0,-0.05500328540802002
3492499968.0,-0.059988390654325485
3493437440.0,-0.06416704505681992
3494374912.0,-0.06906990706920624
3495312384.0,-0.07387816905975342
3496250112.0,-0.07801666855812073
3497187584.0,-0.08325802534818649
3498125056.0,-0.08657889068126678
3499062528.0,-0.08911222964525223
3500000000.0,-0.09045273810625076
3500937472.0,-0.09015179425477982
3501874944.0,-0.08922372758388519
3502812416.0,-0.08592919260263443
3503749888.0,-0.08295126259326935
3504687616.0,-0.07868920266628265
3505625088.0,-0.07405198365449905
3506562560.0,-0.06809044629335403
3507500032.0,-0.062283288687467575
3508437504.0,-0.05383801832795143
3509374976.0,-0.04738328978419304
3510312448.0,-0.0392695814371109
3511249920.0,-0.031155038625001907
3512187392.0,-0.022818470373749733
3513125120.0,-0.015345124527812004
3514062592.0,-0.006967151537537575
3515000064.0,0.0004969917936250567
3515937536.0,0.007921694777905941
3516875008.0,0.013899779878556728
3517812480.0,0.01940106227993965
3518749952.0,0.023984724655747414
3519687424.0,0.026649434119462967
3520624896.0,0.028288112953305244
3521562624.0,0.0300136748701334
3522500096.0,0.03063983842730522
3523437568.0,0.028512705117464066
3524375040.0,0.026761485263705254
3525312512.0,0.022784119471907616
3526249984.0,0.019282812252640724
3527187456.0,0.014491568319499493
3528124928.0,0.009060215204954147
3529062400.0,0.0022909697145223618
3529999872.0,-0.003451045136898756
3530937600.0,-0.009200078435242176
3531875072.0,-0.015356574207544327
3532812544.0,-0.02050369419157505
3533750016.0,-0.026387803256511688
3534687488.0,-0.030773989856243134
3535624960.0,-0.035139068961143494
3536562432.0,-0.03910258784890175
3537499904.0,-0.041213613003492355
3538437376.0,-0.043843451887369156
3539375104.0,-0.044162165373563766
3540312576.0,-0.04325738176703453
3541250048.0,-0.04175662249326706
3542187520.0,-0.03966759145259857
3543124992.0,-0.037648819386959076
3544062464.0,-0.032780833542346954
3544999936.0,-0.02789045125246048
3545937408.0,-0.022806063294410706
3546874880.0,-0.016911940649151802
3547812608.0,-0.012814939953386784
3548750080.0,-0.014236931689083576
3549687552.0,-0.014972482807934284
3550625024.0,-0.017110468819737434
3551562496.0,-0.018224377185106277
3552499968.0,-0.01917075552046299
3553437440.0,-0.02095613069832325
3554374912.0,-0.023272689431905746
3555312384.0,-0.02535165287554264
3556250112.0,-0.028108153492212296
3557187584.0,-0.030105875805020332
3558125056.0,-0.03327983245253563
3559062528.0,-0.03603536635637283
3560000000.0,-0.039120230823755264
3560937472.0,-0.04101838544011116
3561874944.0,-0.04400225728750229
3562812416.0,-0.04669313132762909
3563749888.0,-0.049124594777822495
3564687616.0,-0.05092506483197212
3565625088.0,-0.05342933535575867
3566562560.0,-0.055160749703645706
3567500032.0,-0.05731397494673729
3568437504.0,-0.0576389841735363
3569374976.0,-0.05821509659290314
3570312448.0,-0.05783979967236519
3571249920.0,-0.059283286333084106
3572187392.0,-0.05868284031748772
3573125120.0,-0.058185625821352005
3574062592.0,-0.05720606446266174
3575000064.0,-0.05610126256942749
3575937536.0,-0.05462540686130524
3576875008.0,-0.05388014763593674
3577812480.0,-0.05302490293979645
3578749952.0,-0.05139250308275223
3579687424.0,-0.05060812085866928
3580624896.0,-0.048992279917001724
3581562624.0,-0.04767449572682381
3582500096.0,-0.04685628041625023
3583437568.0,-0.04528177157044411
3584375040.0,-0.04591430351138115
3585312512.0,-0.046072058379650116
3586249984.0,-0.04749474674463272
3587187456.0,-0.048232145607471466
3588124928.0,-0.048104479908943176
3589062400.0,-0.04879847913980484
3590000128.0,-0.04973258078098297
3590937600.0,-0.050332847982645035
3591875072.0,-0.051355067640542984
3592812544.0,-0.050670772790908813
3593750016.0,-0.05043267458677292
3594687488.0,-0.049808841198682785
3595624960.0,-0.04991422966122627
3596562432.0,-0.04929816350340843
3597499904.0,-0.04898889362812042
3598437376.0,-0.046644825488328934
3599375104.0,-0.04575207456946373
3600312576.0,-0.04357976093888283
3601250048.0,-0.04067171365022659
3602187520.0,-0.036036647856235504
3603124992.0,-0.0319979228079319
3604062464.0,-0.027219559997320175
3604999936.0,-0.021215377375483513
3605937408.0,-0.016341762617230415
3606874880.0,-0.00871843472123146
3607812608.0,0.013784125447273254
3608750080.0,0.02379750646650791
3609687552.0,0.033003583550453186
3610625024.0,0.0404534637928009
3611562496.0,0.04827053099870682
3612499968.0,0.05552775785326958
3613437440.0,0.061971865594387054
3614374912.0,0.06757234781980515
3615312384.0,0.07313663512468338
3616250112.0,0.0761830061674118
3617187584.0,0.08053511381149292
3618125056.0,0.08160947263240814
3619062528.0,0.08334597945213318
3620000000.0,0.0814020037651062
3620937472.0,0.08083461970090866
3621874944.0,0.07829853147268295
3622812416.0,0.07409754395484924
3623749888.0,0.06868727505207062
3624687616.0,0.06386680901050568
3625625088.0,0.058000363409519196
3626562560.0,0.051536474376916885
3627500032.0,0.04555041342973709
3628437504.0,0.037842802703380585
3629374976.0,0.030410893261432648
3630312448.0,0.021278193220496178
3631249920.0,0.01283345278352499
3632187392.0,0.004127852153033018
3633125120.0,-0.005472436081618071
3634062592.0,-0.01505272462964058
3635000064.0,-0.02433920092880726
3635937536.0,-0.033248212188482285
3636875008.0,-0.04270872846245766
3637812480.0,-0.05137889087200165
3638749952.0,-0.06014266982674599
3639687424.0,-0.06833907961845398
3640624896.0,-0.07729126513004303
3641562624.0,-0.08440719544887543
3642500096.0,-0.09249210357666016
3643437568.0,-0.09900633990764618
3644375040.0,-0.1057552844285965
3645312512.0,-0.11192815750837326
3646249984.0,-0.11670123785734177
3647187456.0,-0.12154605984687805
3648124928.0,-0.12597665190696716
3649062400.0,-0.12909026443958282
3649999872.0,-0.13280200958251953
3650937600.0,-0.13523033261299133
3651875072.0,-0.1380501687526703
3652812544.0,-0.13836729526519775
3653750016.0,-0.1394318789243698
3654687488.0,-0.14015434682369232
3655624960.0,-0.13860732316970825
3656562432.0,-0.1383001059293747
3657499904.0,-0.1367281973361969
3658437376.0,-0.13538861274719238
3659375104.0,-0.13379541039466858
3660312576.0,-0.13092151284217834
3661250048.0,-0.12783631682395935
3662187520.0,-0.12618808448314667
3663124992.0,-0.1226576492190361
3664062464.0,-0.11943584680557251
3664999936.0,-0.11512557417154312
3665937408.0,-0.11200045049190521
3666874880.0,-0.10812672972679138
3667812608.0,-0.09338832646608353
3668750080.0,-0.09375638514757156
3669687552.0,-0.09295031428337097
3670625024.0,-0.09317321330308914
3671562496.0,-0.09005173295736313
3672499968.0,-0.08679677546024323
3673437440.0,-0.08360230177640915
3674374912.0,-0.07947714626789093
3675312384.0,-0.074264295399189
3676250112.0,-0.06969933211803436
3677187584.0,-0.06444184482097626
3678125056.0,-0.05729404836893082
3679062528.0,-0.05020197853446007
3680000000.0,-0.04259750619530678
3680937472.0,-0.03514935448765755
3681874944.0,-0.02706100046634674
3682812416.0,-0.017974678426980972
3683749888.0,-0.009240095503628254
3684687616.0,-0.0011904186103492975
3685625088.0,0.006826082244515419
3686562560.0,0.015441658906638622
3687500032.0,0.022453343495726585
3688437504.0,0.029698854312300682
3689374976.0,0.036300402134656906
3690312448.0,0.04265439510345459
3691249920.0,0.04842017963528633
3692187392.0,0.05299466848373413
3693125120.0,0.05784931033849716
3694062592.0,0.06132519617676735
3695000064.0,0.062463801354169846
3695937536.0,0.06356196850538254
3696875008.0,0.06258835643529892
3697812480.0,0.06250042468309402
3698749952.0,0.060508500784635544
3699687424.0,0.05768377333879471
3700624896.0,0.054485470056533813
3701562624.0,0.05105217918753624
3702500096.0,0.04581373557448387
3703437568.0,0.03972204774618149
3704375040.0,0.03490104526281357
3705312512.0,0.027999360114336014
3706249984.0,0.020907221361994743
3707187456.0,0.013645133003592491
3708124928.0,0.006409484893083572
3709062400.0,-0.0021073168609291315
3710000128.0,-0.010413546115159988
3710937600.0,-0.0176303181797266
3711875072.0,-0.02573838084936142
3712812544.0,-0.032558634877204895
3713750016.0,-0.03901209309697151
3714687488.0,-0.04381607845425606
3715624960.0,-0.049198754131793976
3716562432.0,-0.05327996611595154
3717499904.0,-0.05506478250026703
3718437376.0,-0.057118069380521774
3719375104.0,-0.05933893844485283
3720312576.0,-0.06143811345100403
3721250048.0,-0.06161091476678848
3722187520.0,-0.06189854443073273
3723124992.0,-0.0603991337120533
3724062464.0,-0.059445105493068695
3724999936.0,-0.05784127116203308
3725937408.0,-0.05627309903502464
3726874880.0,-0.0554930716753006
3727812608.0,-0.058165211230516434
3728750080.0,-0.05762627720832825
3729687552.0,-0.05648266524076462
3730625024.0,-0.057163774967193604
3731562496.0,-0.05588429793715477
3732499968.0,-0.05570380389690399
3733437440.0,-0.0566030777990818
3734374912.0,-0.05733725056052208
3735312384.0,-0.05888330191373825
3736250112.0,-0.06048646569252014
3737187584.0,-0.06228373199701309
3738125056.0,-0.06390385329723358
3739062528.0,-0.06814467906951904
3740000000.0,-0.07223375141620636
3740937472.0,-0.07657558470964432
3741874944.0,-0.08098725974559784
3742812416.0,-0.08660255372524261
3743749888.0,-0.09171731024980545
3744687616.0,-0.09833227097988129
3745625088.0,-0.1042894795536995
3746562560.0,-0.11018116027116776
3747500032.0,-0.11572793126106262
3748437504.0,-0.12148410081863403
3749374976.0,-0.12750639021396637
3750312448.0,-0.13225920498371124
3751249920.0,-0.13769659399986267
3752187392.0,-0.14325453341007233
3753125120.0,-0.14841516315937042
3754062592.0,-0.1524428427219391
3755000064.0,-0.15586917102336884
3755937536.0,-0.15854690968990326
3756875008.0,-0.1598334163427353
3757812480.0,-0.1602535992860794
3758749952.0,-0.15950289368629456
3759687424.0,-0.15724574029445648
3760624896.0,-0.15347859263420105
3761562624.0,-0.1487579345703125
3762500096.0,-0.142317533493042
3763437568.0,-0.13468505442142487
3764375040.0,-0.1249266266822815
3765312512.0,-0.11611712723970413
3766249984.0,-0.10627876967191696
3767187456.0,-0.09518492221832275
3768124928.0,-0.08306875824928284
3769062400.0,-0.07147641479969025
3769999872.0,-0.06063671037554741
3770937600.0,-0.04891035705804825
3771875072.0,-0.03867172449827194
3772812544.0,-0.028806809335947037
3773750016.0,-0.019141294062137604
3774687488.0,-0.009661786258220673
3775624960.0,-0.002255125204101205
3776562432.0,0.0029447174165397882
3777499904.0,0.007558813318610191
3778437376.0,0.011464513838291168
3779375104.0,0.012010442093014717
3780312576.0,0.0111555065959692
3781250048.0,0.01009428221732378
3782187520.0,0.006058383267372847
3783124992.0,0.0012761178659275174
3784062464.0,-0.004725406412035227
3784999936.0,-0.012254410423338413
3785937408.0,-0.01932271383702755
3786874880.0,-0.01769794151186943
3787812608.0,-0.025568028911948204
3788750080.0,-0.034471992403268814
3789687552.0,-0.04424189031124115
3790625024.0,-0.05568856745958328
3791562496.0,-0.06787366420030594
3792499968.0,-0.07969723641872406
3793437440.0,-0.0896645113825798
3794374912.0,-0.10071305185556412
3795312384.0,-0.1117885559797287
3796250112.0,-0.12198194861412048
3797187584.0,-0.13126780092716217
3798125056.0,-0.14034900069236755
3799062528.0,-0.14814919233322144
3800000000.0,-0.15562264621257782
3800937472.0,-0.16230979561805725
3801874944.0,-0.1680709421634674
3802812416.0,-0.17186863720417023
3803749888.0,-0.17465294897556305
3804687616.0,-0.17665429413318634
3805625088.0,-0.17774568498134613
3806562560.0,-0.17615069448947906
3807500032.0,-0.17273765802383423
3808437504.0,-0.17013591527938843
3809374976.0,-0.1647714525461197
3810312448.0,-0.15873537957668304
3811249920.0,-0.1505875587463379
3812187392.0,-0.14298859238624573
3813125120.0,-0.13405707478523254
3814062592.0,-0.12484917044639587
3815000064.0,-0.11624329537153244
3815937536.0,-0.10567793995141983
3816875008.0,-0.09668003767728806
3817812480.0,-0.08729926496744156
3818749952.0,-0.07805799692869186
3819687424.0,-0.06844301521778107
3820624896.0,-0.059857066720724106
3821562624.0,-0.052314285188913345
3822500096.0,-0.045302994549274445
3823437568.0,-0.038019709289073944
3824375040.0,-0.03364270180463791
3825312512.0,-0.028513861820101738
3826249984.0,-0.025006676092743874
3827187456.0,-0.023594368249177933
3828124928.0,-0.022675786167383194
3829062400.0,-0.022057976573705673
3830000128.0,-0.02334528975188732
3830937600.0,-0.024910103529691696
3831875072.0,-0.028040891513228416
3832812544.0,-0.03235727176070213
3833750016.0,-0.03615211322903633
3834687488.0,-0.04149899259209633
3835624960.0,-0.04688354581594467
3836562432.0,-0.051636941730976105
3837499904.0,-0.05627318471670151
3838437376.0,-0.06123916432261467
3839375104.0,-0.06620751321315765
3840312576.0,-0.0699196606874466
3841250048.0,-0.07405512034893036
3842187520.0,-0.07701630145311356
3843124992.0,-0.08025971800088882
3844062464.0,-0.0832250639796257
3844999936.0,-0.08440812677145004
3845937408.0,-0.0865480825304985
3846874880.0,-0.07859859615564346
3847812608.0,-0.07460107654333115
3848750080.0,-0.06984353065490723
3849687552.0,-0.06781289726495743
3850625024.0,-0.06459048390388489
3851562496.0,-0.061629414558410645
3852499968.0,-0.059274863451719284
3853437440.0,-0.057215120643377304
3854374912.0,-0.055901676416397095
3855312384.0,-0.05529158189892769
3856250112.0,-0.05439310520887375
3857187584.0,-0.05458703264594078
3858125056.0,-0.05457417294383049
3859062528.0,-0.055332768708467484
3860000000.0,-0.05615875497460365
3860937472.0,-0.05742404982447624
3861874944.0,-0.05887940153479576
3862812416.0,-0.06014738231897354
3863749888.0,-0.06342428177595139
3864687616.0,-0.06399393826723099
3865625088.0,-0.06621678173542023
3866562560.0,-0.06817752867937088
3867500032.0,-0.06966707855463028
3868437504.0,-0.0713561400771141
3869374976.0,-0.07311703264713287
3870312448.0,-0.07441917806863785
3871249920.0,-0.0751529335975647
3872187392.0,-0.07664114236831665
3873125120.0,-0.0775614008307457
3874062592.0,-0.07878220826387405
3875000064.0,-0.07982604950666428
3875937536.0,-0.08308523148298264
3876875008.0,-0.08480072021484375
3877812480.0,-0.08741744607686996
3878749952.0,-0.08832179754972458
3879687424.0,-0.0894504114985466
3880624896.0,-0.09053873270750046
3881562624.0,-0.09085219353437424
3882500096.0,-0.09152790904045105
3883437568.0,-0.09148301184177399
3884375040.0,-0.09090101718902588
3885312512.0,-0.09108429402112961
3886249984.0,-0.09074772894382477
3887187456.0,-0.09046756476163864
3888124928.0,-0.09024029225111008
3889062400.0,-0.09144633263349533
3889999872.0,-0.09160596132278442
3890937600.0,-0.09093474596738815
3891875072.0,-0.09160357713699341
3892812544.0,-0.09258729964494705
3893750016.0,-0.0949784368276596
3894687488.0,-0.09652185440063477
3895624960.0,-0.0989890769124031
3896562432.0,-0.10167457908391953
3897499904.0,-0.10448332130908966
3898437376.0,-0.10706399381160736
3899375104.0,-0.1118958443403244
3900312576.0,-0.11523845046758652
3901250048.0,-0.12044171988964081
3902187520.0,-0.1258605271577835
3903124992.0,-0.13159574568271637
3904062464.0,-0.1365375965833664
3904999936.0,-0.14103758335113525
3905937408.0,-0.14657346904277802
3906874880.0,-0.16611598432064056
3907812608.0,-0.17323020100593567
3908750080.0,-0.17852023243904114
3909687552.0,-0.18260882794857025
3910625024.0,-0.18503914773464203
3911562496.0,-0.1855725198984146
3912499968.0,-0.18321460485458374
3913437440.0,-0.17884252965450287
3914374912.0,-0.17179332673549652
3915312384.0,-0.16394013166427612
3916250112.0,-0.15373694896697998
3917187584.0,-0.14167581498622894
3918125056.0,-0.12868034839630127
3919062528.0,-0.11441747844219208
3920000000.0,-0.09934515506029129
3920937472.0,-0.0833229124546051
3921874944.0,-0.0665462538599968
3922812416.0,-0.05008041858673096
3923749888.0,-0.033432792872190475
3924687616.0,-0.017587264999747276
3925625088.0,-0.0027270226273685694
3926562560.0,0.01065917406231165
3927500032.0,0.024159058928489685
3928437504.0,0.03446312993764877
3929374976.0,0.04277874156832695
3930312448.0,0.0494975820183754
3931249920.0,0.053969606757164
3932187392.0,0.05650889500975609
3933125120.0,0.057125888764858246
3934062592.0,0.055392101407051086
3935000064.0,0.05325580760836601
3935937536.0,0.04877674952149391
3936875008.0,0.042690638452768326
3937812480.0,0.03549512103199959
3938749952.0,0.02879418432712555
3939687424.0,0.020578917115926743
3940624896.0,0.011765534058213234
3941562624.0,0.003785739652812481
3942500096.0,-0.0051995231769979
3943437568.0,-0.013495770283043385
3944375040.0,-0.021733280271291733
3945312512.0,-0.029496600851416588
3946249984.0,-0.036183517426252365
3947187456.0,-0.041808679699897766
3948124928.0,-0.04727347195148468
3949062400.0,-0.051398247480392456
3950000128.0,-0.055169474333524704
3950937600.0,-0.058144260197877884
3951875072.0,-0.060664694756269455
3952812544.0,-0.062411751598119736
3953750016.0,-0.0631740540266037
3954687488.0,-0.06352803111076355
3955624960.0,-0.06425802409648895
3956562432.0,-0.06617969274520874
3957499904.0,-0.06640289723873138
3958437376.0,-0.06807095557451248
3959375104.0,-0.06713957339525223
3960312576.0,-0.06819915026426315
3961250048.0,-0.07027202099561691
3962187520.0,-0.07126285880804062
3963124992.0,-0.07358986884355545
3964062464.0,-0.07723380625247955
3964999936.0,-0.08086919784545898
3965937408.0,-0.08681856840848923
3966874880.0,-0.10069363564252853
3967812608.0,-0.11430587619543076
3968750080.0,-0.12717729806900024
3969687552.0,-0.14069582521915436
3970625024.0,-0.1537138819694519
3971562496.0,-0.16647544503211975
3972499968.0,-0.17777760326862335
3973437440.0,-0.18904294073581696
3974374912.0,-0.1981523633003235
3975312384.0,-0.20732465386390686
3976250112.0,-0.21359962224960327
3977187584.0,-0.2181389331817627
3978125056.0,-0.2225714921951294
3979062528.0,-0.22443483769893646
3980000000.0,-0.22379204630851746
3980937472.0,-0.22293443977832794
3981874944.0,-0.21990111470222473
3982812416.0,-0.2151949554681778
3983749888.0,-0.20917248725891113
3984687616.0,-0.202701598405838
3985625088.0,-0.19480115175247192
3986562560.0,-0.1850687712430954
3987500032.0,-0.17581596970558167
3988437504.0,-0.16587889194488525
3989374976.0,-0.15523526072502136
3990312448.0,-0.14481386542320251
3991249920.0,-0.13299329578876495
3992187392.0,-0.12214037775993347
3993125120.0,-0.11104081571102142
3994062592.0,-0.10198936611413956
3995000064.0,-0.09264715015888214
3995937536.0,-0.084279365837574
3996875008.0,-0.07788051664829254
3997812480.0,-0.07239511609077454
3998749952.0,-0.06813529878854752
3999687424.0,-0.06241204962134361
4000624896.0,-0.07001116126775742
4001562624.0,-0.06995604932308197
4002500096.0,-0.06903146952390671
4003437568.0,-0.07148406654596329
4004375040.0,-0.07386670261621475
4005312512.0,-0.07757700234651566
4006249984.0,-0.08087819814682007
4007187456.0,-0.08677561581134796
4008124928.0,-0.09326939284801483
4009062400.0,-0.09972426295280457
4009999872.0,-0.10652709752321243
4010937600.0,-0.11431080102920532
4011875072.0,-0.1219685822725296
4012812544.0,-0.12863703072071075
4013750016.0,-0.13672183454036713
4014687488.0,-0.14412078261375427
4015624960.0,-0.15095433592796326
4016562432.0,-0.15875671803951263
4017499904.0,-0.16411039233207703
4018437376.0,-0.16976124048233032
4019375104.0,-0.1754365861415863
4020312576.0,-0.1795472353696823
4021250048.0,-0.18372830748558044
4022187520.0,-0.1870846003293991
4023124992.0,-0.1907135248184204
4024062464.0,-0.19274207949638367
4024999936.0,-0.19573941826820374
4025937408.0,-0.19854897260665894
4026874880.0,-0.19042134284973145
4027812608.0,-0.19493289291858673
4028750080.0,-0.20065632462501526
4029687552.0,-0.20517034828662872
4030625024.0,-0.2102031260728836
4031562496.0,-0.21301008760929108
4032499968.0,-0.21537627279758453
4033437440.0,-0.21745741367340088
4034374912.0,-0.2185855507850647
4035312384.0,-0.21839463710784912
4036250112.0,-0.21694938838481903
4037187584.0,-0.21474190056324005
4038125056.0,-0.21237097680568695
4039062528.0,-0.20698413252830505
4040000000.0,-0.20107044279575348
4040937472.0,-0.19563239812850952
4041874944.0,-0.18990281224250793
4042812416.0,-0.18194007873535156
4043749888.0,-0.17464832961559296
4044687616.0,-0.16484881937503815
4045625088.0,-0.15405425429344177
4046562560.0,-0.14183272421360016
4047500032.0,-0.12988236546516418
4048437504.0,-0.11642108112573624
4049374976.0,-0.10264932364225388
4050312448.0,-0.08977498859167099
4051249920.0,-0.07625477015972137
4052187392.0,-0.06321188807487488
4053125120.0,-0.05017697438597679
4054062592.0,-0.039982669055461884
4055000064.0,-0.027414020150899887
4055937536.0,-0.018551582470536232
4056875008.0,-0.010000310838222504
4057812480.0,-0.002433652523905039
4058749952.0,0.00416657654568553
4059687424.0,0.007979689165949821
4060624896.0,0.011191095225512981
4061562624.0,0.013313641771674156
4062500096.0,0.01239424291998148
4063437568.0,0.010550868697464466
4064375040.0,0.007176884450018406
4065312512.0,0.0012334691127762198
4066249984.0,-0.004342642612755299
4067187456.0,-0.011765695177018642
4068124928.0,-0.020893337205052376
4069062400.0,-0.031208585947752
4070000128.0,-0.042610082775354385
4070937600.0,-0.054785098880529404
4071875072.0,-0.06730641424655914
4072812544.0,-0.0804070234298706
4073750016.0,-0.09439774602651596
4074687488.0,-0.10734449326992035
4075624960.0,-0.12006132304668427
4076562432.0,-0.13428311049938202
4077499904.0,-0.14661701023578644
4078437376.0,-0.15819311141967773
4079375104.0,-0.1672154814004898
4080312576.0,-0.17751425504684448
4081250048.0,-0.18489734828472137
4082187520.0,-0.19108520448207855
4083124992.0,-0.1975068598985672
4084062464.0,-0.201415553689003
4084999936.0,-0.20421788096427917
4085937408.0,-0.20575495064258575
4086874880.0,-0.1866186112165451
4087812608.0,-0.1862162947654724
4088750080.0,-0.1838165670633316
4089687552.0,-0.18139337003231049
4090625024.0,-0.17745837569236755
4091562496.0,-0.17386439442634583
4092499968.0,-0.1682501584291458
4093437440.0,-0.16219457983970642
4094374912.0,-0.15707772970199585
4095312384.0,-0.1512690633535385
4096250112.0,-0.14486666023731232
4097187584.0,-0.13804803788661957
4098125056.0,-0.13162288069725037
4099062528.0,-0.12503290176391602
4100000000.0,-0.11840178072452545
4100937472.0,-0.11169294267892838
4101874944.0,-0.10458577424287796
4102812416.0,-0.09904088079929352
4103749888.0,-0.09345392882823944
4104687616.0,-0.0874345600605011
4105625088.0,-0.08209410309791565
4106562560.0,-0.07686381787061691
4107500032.0,-0.07286208122968674
4108437504.0,-0.06867498904466629
4109374976.0,-0.06499487161636353
4110312448.0,-0.061664510518312454
4111249920.0,-0.058077916502952576
4112187392.0,-0.054668497294187546
4113125120.0,-0.05187951773405075
4114062592.0,-0.049337830394506454
4115000064.0,-0.04766102135181427
4115937536.0,-0.04597543552517891
4116875008.0,-0.04415170103311539
4117812480.0,-0.043755486607551575
4118749952.0,-0.04335442930459976
4119687424.0,-0.04299329221248627
4120624896.0,-0.04282591491937637
4121562624.0,-0.04466008022427559
4122500096.0,-0.0455971285700798
4123437568.0,-0.04659314826130867
4124375040.0,-0.04854762181639671
4125312512.0,-0.050744496285915375
4126249984.0,-0.05248307064175606
4127187456.0,-0.055680181831121445
4128124928.0,-0.05987507849931717
4129062400.0,-0.06321689486503601
4129999872.0,-0.06651121377944946
4130937600.0,-0.07180523872375488
4131875072.0,-0.07714226096868515
4132812544.0,-0.08389607071876526
4133750016.0,-0.09001757204532623
4134687488.0,-0.09704744070768356
4135624960.0,-0.10298749804496765
4136562432.0,-0.11190944164991379
4137499904.0,-0.11878872662782669
4138437376.0,-0.12756924331188202
4139375104.0,-0.13705559074878693
4140312576.0,-0.14634670317173004
4141250048.0,-0.15639673173427582
4142187520.0,-0.1652536541223526
4143124992.0,-0.17558862268924713
4144062464.0,-0.1845255345106125
4144999936.0,-0.19444970786571503
4145937408.0,-0.20366014540195465
4146874880.0,-0.2234063446521759
4147812608.0,-0.23098531365394592
4148750080.0,-0.23651663959026337
4149687552.0,-0.23921367526054382
4150625024.0,-0.24092109501361847
4151562496.0,-0.23960334062576294
4152499968.0,-0.237270325422287
4153437440.0,-0.2317318320274353
4154374912.0,-0.22465042769908905
4155312384.0,-0.21716713905334473
4156250112.0,-0.2091779261827469
4157187584.0,-0.19923557341098785
4158125056.0,-0.1883014291524887
4159062528.0,-0.17694632709026337
4160000000.0,-0.16517090797424316
4160937472.0,-0.15305741131305695
4161874944.0,-0.14121422171592712
4162812416.0,-0.12786611914634705
4163749888.0,-0.11554659903049469
4164687616.0,-0.10492939502000809
4165625088.0,-0.09203030169010162
4166562560.0,-0.0807853639125824
4167500032.0,-0.07008172571659088
4168437504.0,-0.05969939008355141
4169374976.0,-0.05044080689549446
4170312448.0,-0.04191169887781143
4171249920.0,-0.03402126953005791
4172187392.0,-0.027152035385370255
4173125120.0,-0.021585611626505852
4174062592.0,-0.016385918483138084
4175000064.0,-0.010963041335344315
4175937536.0,-0.006969453301280737
4176875008.0,-0.0026131386402994394
4177812480.0,0.0006061239982955158
4178749952.0,0.002619295846670866
4179687424.0,0.0050261300057172775
4180624896.0,0.005685715936124325
4181562624.0,0.007010335102677345
4182500096.0,0.006878748536109924
4183437568.0,0.006903080269694328
4184375040.0,0.006583700887858868
4185312512.0,0.005156593397259712
4186249984.0,0.0032557083759456873
4187187456.0,-0.0002995894174091518
4188124928.0,-0.003024299629032612
4189062400.0,-0.007333909627050161
4190000128.0,-0.011345871724188328
4190937600.0,-0.017442604526877403
4191875072.0,-0.024608012288808823
4192812544.0,-0.030429944396018982
4193750016.0,-0.03932099789381027
4194687488.0,-0.046803392469882965
4195624960.0,-0.056404754519462585
4196562432.0,-0.06602978706359863
4197499904.0,-0.07543320208787918
4198437376.0,-0.08736995607614517
4199375104.0,-0.09851586073637009
4200312576.0,-0.10928361862897873
4201250048.0,-0.12215132266283035
4202187520.0,-0.13507048785686493
4203124992.0,-0.1476333737373352
4204062464.0,-0.15852338075637817
4204999936.0,-0.17311568558216095
4205937408.0,-0.18471406400203705
4206874880.0,-0.18710589408874512
4207812608.0,-0.2001657783985138
4208750080.0,-0.21209441125392914
4209687552.0,-0.22425062954425812
4210625024.0,-0.23395602405071259
4211562496.0,-0.24447128176689148
4212499968.0,-0.2523947060108185
4213437440.0,-0.2595958709716797
4214374912.0,-0.26552098989486694
4215312384.0,-0.26888853311538696
4216250112.0,-0.2699275016784668
4217187584.0,-0.26816365122795105
4218125056.0,-0.26471301913261414
4219062528.0,-0.25889405608177185
4220000000.0,-0.25060907006263733
4220937472.0,-0.23979803919792175
4221874944.0,-0.22795727849006653
4222812416.0,-0.21290452778339386
4223749888.0,-0.19655130803585052
4224687616.0,-0.17785903811454773
4225625088.0,-0.15834124386310577
4226562560.0,-0.13790220022201538
4227500032.0,-0.11584732681512833
4228437504.0,-0.09370656311511993
4229374976.0,-0.07129857689142227
4230312448.0,-0.04880490526556969
4231249920.0,-0.026653219014406204
4232187392.0,-0.006601021159440279
4233125120.0,0.014315224252641201
4234062592.0,0.03213082253932953
4235000064.0,0.05082756280899048
4235937536.0,0.06526696681976318
4236875008.0,0.07844965904951096
4237812480.0,0.0884440690279007
4238749952.0,0.09694691747426987
4239687424.0,0.10277790576219559
4240624896.0,0.10639754682779312
4241562624.0,0.10716690123081207
4242500096.0,0.10572848469018936
4243437568.0,0.10073772072792053
4244375040.0,0.09482811391353607
4245312512.0,0.08622979372739792
4246249984.0,0.07527311891317368
4247187456.0,0.06254443526268005
4248124928.0,0.04836801439523697
4249062400.0,0.033048756420612335
4249999872.0,0.016817351803183556
4250937600.0,-0.00036162769538350403
4251875072.0,-0.01811947301030159
4252812544.0,-0.03650394082069397
4253750016.0,-0.05621228367090225
4254687488.0,-0.07446345686912537
4255624960.0,-0.0923931673169136
4256562432.0,-0.11024785041809082
4257499904.0,-0.12838082015514374
4258437376.0,-0.14451964199543
4259375104.0,-0.1599615067243576
4260312576.0,-0.1763887107372284
4261250048.0,-0.19087767601013184
4262187520.0,-0.20601794123649597
4263124992.0,-0.22069771587848663
4264062464.0,-0.2333381175994873
4264999936.0,-0.24552704393863678
4265937408.0,-0.2564811408519745
4266874880.0,-0.26192083954811096
4267812608.0,-0.2656618356704712
4268750080.0,-0.2692084014415741
4269687552.0,-0.2729443907737732
4270625024.0,-0.27719423174858093
4271562496.0,-0.28083330392837524
4272499968.0,-0.2843928933143616
4273437440.0,-0.28646978735923767
4274374912.0,-0.28805333375930786
4275312384.0,-0.28891557455062866
4276250112.0,-0.2881569266319275
4277187584.0,-0.2870769500732422
4278125056.0,-0.28261399269104004
4279062528.0,-0.27806800603866577
4280000000.0,-0.27024346590042114
4280937472.0,-0.2604498863220215
4281874944.0,-0.24873708188533783
4282812416.0,-0.23515437543392181
4283749888.0,-0.22014497220516205
4284687616.0,-0.20373955368995667
4285625088.0,-0.18675526976585388
4286562560.0,-0.16744303703308105
4287500032.0,-0.14728350937366486
4288437504.0,-0.12593738734722137
4289374976.0,-0.10348796099424362
4290312448.0,-0.08084281533956528
4291249920.0,-0.056725986301898956
4292187392.0,-0.0327906459569931
4293125120.0,-0.010802541859447956
4294062592.0,0.011516877450048923
4295000064.0,0.0338423028588295
4295937536.0,0.053246624767780304
4296875008.0,0.07235391438007355
4297812480.0,0.08938298374414444
4298749952.0,0.10412383824586868
4299687424.0,0.11621842533349991
4300624896.0,0.12737175822257996
4301562368.0,0.1365056037902832
4302499840.0,0.1424264758825302
4303437312.0,0.14503440260887146
4304374784.0,0.14602862298488617
4305312256.0,0.14439526200294495
4306250240.0,0.13971932232379913
4307187712.0,0.13147535920143127
4308125184.0,0.12139905989170074
4309062656.0,0.10835489630699158
4310000128.0,0.09334289282560349
4310937600.0,0.07504669576883316
4311875072.0,0.05345921218395233
4312812544.0,0.029806293547153473
4313750016.0,0.004196968860924244
4314687488.0,-0.023745032027363777
4315624960.0,-0.0527113601565361
4316562432.0,-0.08256692439317703
4317499904.0,-0.11372172832489014
4318437376.0,-0.144204244017601
4319374848.0,-0.17385028302669525
4320312320.0,-0.20371195673942566
4321249792.0,-0.23148779571056366
4322187264.0,-0.2598940134048462
4323125248.0,-0.28563156723976135
4324062720.0,-0.30869755148887634
4325000192.0,-0.3313111662864685
4325937664.0,-0.3499831557273865
4326875136.0,-0.370759516954422
4327812608.0,-0.364035040140152
4328750080.0,-0.3568437695503235
4329687552.0,-0.34746894240379333
4330625024.0,-0.3380904495716095
4331562496.0,-0.32874590158462524
4332499968.0,-0.31784361600875854
4333437440.0,-0.30819275975227356
4334374912.0,-0.29894888401031494
4335312384.0,-0.2886289954185486
4336249856.0,-0.2807682156562805
4337187328.0,-0.2724042534828186
4338124800.0,-0.26488250494003296
4339062272.0,-0.25789618492126465
4339999744.0,-0.25164589285850525
4340937728.0,-0.24584487080574036
4341875200.0,-0.24010075628757477
4342812672.0,-0.234998419880867
4343750144.0,-0.22810418903827667
4344687616.0,-0.22233502566814423
4345625088.0,-0.21460652351379395
4346562560.0,-0.20753470063209534
4347500032.0,-0.19995129108428955
4348437504.0,-0.1914801150560379
4349374976.0,-0.18231506645679474
4350312448.0,-0.17333559691905975
4351249920.0,-0.1616508513689041
4352187392.0,-0.14896906912326813
4353124864.0,-0.13470545411109924
4354062336.0,-0.11944551765918732
4354999808.0,-0.10353013128042221
4355937280.0,-0.08676262944936752
4356874752.0,-0.07066873461008072
4357812736.0,-0.05443046987056732
4358750208.0,-0.04103807359933853
4359687680.0,-0.030780112370848656
4360625152.0,-0.024133920669555664
4361562624.0,-0.018987787887454033
4362500096.0,-0.016769682988524437
4363437568.0,-0.015635373070836067
4364375040.0,-0.015259654261171818
4365312512.0,-0.015294180251657963
4366249984.0,-0.01614851877093315
4367187456.0,-0.017089517787098885
4368124928.0,-0.019239136949181557
4369062400.0,-0.022198278456926346
4369999872.0,-0.024875584989786148
4370937344.0,-0.029469644650816917
4371874816.0,-0.03352785483002663
4372812288.0,-0.03942037746310234
4373749760.0,-0.04723570495843887
4374687744.0,-0.05605599284172058
4375625216.0,-0.06525734812021255
4376562688.0,-0.07677749544382095
4377500160.0,-0.09112980961799622
4378437632.0,-0.1057448461651802
4379375104.0,-0.12273238599300385
4380312576.0,-0.14163896441459656
4381250048.0,-0.16273915767669678
4382187520.0,-0.18369007110595703
4383124992.0,-0.2066839337348938
4384062464.0,-0.23003403842449188
4384999936.0,-0.25399598479270935
4385937408.0,-0.27830198407173157
4386874880.0,-0.36448419094085693
4387812352.0,-0.37796157598495483
4388749824.0,-0.3915730118751526
4389687296.0,-0.40156784653663635
4390624768.0,-0.4083673357963562
4391562752.0,-0.412849485874176
4392500224.0,-0.41365721821784973
4393437696.0,-0.4117014706134796
4394375168.0,-0.4061015248298645
4395312640.0,-0.39720696210861206
4396250112.0,-0.3854081630706787
4397187584.0,-0.36979764699935913
4398125056.0,-0.35247352719306946
4399062528.0,-0.33052656054496765
4400000000.0,-0.3077988028526306
4400937472.0,-0.2817111909389496
4401874944.0,-0.2539621889591217
4402812416.0,-0.22419023513793945
4403749888.0,-0.1937287151813507
4404687360.0,-0.1619083732366562
4405624832.0,-0.12886299192905426
4406562304.0,-0.09642655402421951
4407499776.0,-0.0645717903971672
4408437248.0,-0.03365880250930786
4409375232.0,-0.0042419228702783585
4410312704.0,0.023937519639730453
4411250176.0,0.05069318041205406
4412187648.0,0.07340703904628754
4413125120.0,0.09546972066164017
4414062592.0,0.11444126814603806
4415000064.0,0.13126081228256226
4415937536.0,0.14328749477863312
4416875008.0,0.1524636596441269
4417812480.0,0.15825402736663818
4418749952.0,0.16136114299297333
4419687424.0,0.1607365757226944
4420624896.0,0.15628285706043243
4421562368.0,0.14892221987247467
4422499840.0,0.1393176168203354
4423437312.0,0.12512555718421936
4424374784.0,0.10830762982368469
4425312256.0,0.09013280272483826
4426250240.0,0.0694938525557518
4427187712.0,0.045557111501693726
4428125184.0,0.02159317582845688
4429062656.0,-0.0038489035796374083
4430000128.0,-0.029759293422102928
4430937600.0,-0.056512314826250076
4431875072.0,-0.08249202370643616
4432812544.0,-0.10957126319408417
4433750016.0,-0.1342538446187973
4434687488.0,-0.1591707020998001
4435624960.0,-0.18268784880638123
4436562432.0,-0.20390719175338745
4437499904.0,-0.22278907895088196
4438437376.0,-0.23929451406002045
4439374848.0,-0.25554242730140686
4440312320.0,-0.26712119579315186
4441249792.0,-0.27566075325012207
4442187264.0,-0.2831984758377075
4443125248.0,-0.2871781885623932
4444062720.0,-0.2895486354827881
4445000192.0,-0.29147979617118835
4445937664.0,-0.2899162769317627
4446875136.0,-0.2344939410686493
4447812608.0,-0.2377341091632843
4448750080.0,-0.23981082439422607
4449687552.0,-0.23938482999801636
4450625024.0,-0.23515014350414276
4451562496.0,-0.22912421822547913
4452499968.0,-0.220360666513443
4453437440.0,-0.2080596387386322
4454374912.0,-0.19384165108203888
4455312384.0,-0.17698964476585388
4456249856.0,-0.15924392640590668
4457187328.0,-0.13969358801841736
4458124800.0,-0.1196909248828888
4459062272.0,-0.09787967056035995
4460000256.0,-0.07701637595891953
4460937728.0,-0.05544283241033554
4461875200.0,-0.03396686539053917
4462812672.0,-0.013347882777452469
4463750144.0,0.004671732895076275
4464687616.0,0.022600555792450905
4465625088.0,0.037630345672369
4466562560.0,0.05189128592610359
4467500032.0,0.0635119304060936
4468437504.0,0.07335680723190308
4469374976.0,0.0797521322965622
4470312448.0,0.08302941173315048
4471249920.0,0.08288349956274033
4472187392.0,0.08063340932130814
4473124864.0,0.07468220591545105
4474062336.0,0.06579295545816422
4474999808.0,0.05386447533965111
4475937280.0,0.039647944271564484
4476874752.0,0.022771861404180527
4477812736.0,0.00390747282654047
4478750208.0,-0.016957787796854973
4479687680.0,-0.03960990160703659
4480625152.0,-0.06542889028787613
4481562624.0,-0.09125842899084091
4482500096.0,-0.11834263801574707
4483437568.0,-0.14583726227283478
4484375040.0,-0.17391563951969147
4485312512.0,-0.2018018513917923
4486249984.0,-0.23043474555015564
4487187456.0,-0.2572089433670044
4488124928.0,-0.28406190872192383
4489062400.0,-0.3088069558143616
4489999872.0,-0.3319025933742523
4490937344.0,-0.3529472053050995
4491874816.0,-0.37231186032295227
4492812288.0,-0.3889062702655792
4493749760.0,-0.4038182199001312
4494687744.0,-0.41605615615844727
4495625216.0,-0.4256313145160675
4496562688.0,-0.43290695548057556
4497500160.0,-0.43833020329475403
4498437632.0,-0.442372590303421
4499375104.0,-0.4446985423564911
4500312576.0,-0.4437662363052368
4501250048.0,-0.44209936261177063
4502187520.0,-0.4389550983905792
4503124992.0,-0.43510913848876953
4504062464.0,-0.43093302845954895
4504999936.0,-0.4247903823852539
4505937408.0,-0.42074745893478394
4506874880.0,-0.2982187569141388
4507812352.0,-0.2952635884284973
4508749824.0,-0.2918018102645874
4509687296.0,-0.2902587652206421
4510624768.0,-0.2894136607646942
4511562752.0,-0.2884133458137512
4512500224.0,-0.29094627499580383
4513437696.0,-0.2930520474910736
4514375168.0,-0.29625460505485535
4515312640.0,-0.300140380859375
4516250112.0,-0.3055737018585205
4517187584.0,-0.3122815489768982
4518125056.0,-0.31846916675567627
4519062528.0,-0.3266332149505615
4520000000.0,-0.334403932094574
4520937472.0,-0.3433377742767334
4521874944.0,-0.35316407680511475
4522812416.0,-0.3636113405227661
4523749888.0,-0.3737477660179138
4524687360.0,-0.38331833481788635
4525624832.0,-0.39308491349220276
4526562304.0,-0.4023592174053192
4527499776.0,-0.41207650303840637
4528437248.0,-0.4208987057209015
4529375232.0,-0.4301086664199829
4530312704.0,-0.4385071396827698
4531250176.0,-0.446455180644989
4532187648.0,-0.4540524184703827
4533125120.0,-0.46101588010787964
4534062592.0,-0.4680206775665283
4535000064.0,-0.47428545355796814
4535937536.0,-0.4794023036956787
4536875008.0,-0.4831589162349701
4537812480.0,-0.48738357424736023
4538749952.0,-0.48995837569236755
4539687424.0,-0.4918501079082489
4540624896.0,-0.49291762709617615
4541562368.0,-0.493446946144104
4542499840.0,-0.49413615465164185
4543437312.0,-0.49377089738845825
4544374784.0,-0.49178174138069153
4545312256.0,-0.4904123842716217
4546250240.0,-0.48796653747558594
4547187712.0,-0.48587194085121155
4548125184.0,-0.4834333658218384
4549062656.0,-0.47985315322875977
4550000128.0,-0.4762893617153168
4550937600.0,-0.4731694161891937
4551875072.0,-0.46892789006233215
4552812544.0,-0.4664229154586792
4553750016.0,-0.4635259211063385
4554687488.0,-0.46172937750816345
4555624960.0,-0.45950815081596375
4556562432.0,-0.4567110240459442
4557499904.0,-0.4551844000816345
4558437376.0,-0.45283976197242737
4559374848.0,-0.451333224773407
4560312320.0,-0.449582040309906
4561249792.0,-0.4484521746635437
4562187264.0,-0.446409672498703
4563125248.0,-0.4460205137729645
4564062720.0,-0.44325610995292664
4565000192.0,-0.4416212737560272
4565937664.0,-0.43778425455093384
4566875136.0,-0.3963705897331238
4567812608.0,-0.3998049795627594
4568750080.0,-0.40328434109687805
4569687552.0,-0.4042755663394928
4570625024.0,-0.40363940596580505
4571562496.0,-0.4006168842315674
4572499968.0,-0.39655667543411255
4573437440.0,-0.3905057907104492
4574374912.0,-0.38179048895835876
4575312384.0,-0.3707943558692932
4576249856.0,-0.35828760266304016
4577187328.0,-0.34325841069221497
4578124800.0,-0.32718148827552795
4579062272.0,-0.30902087688446045
4579999744.0,-0.2898244261741638
4580937728.0,-0.2695081830024719
4581875200.0,-0.24748541414737701
4582812672.0,-0.2251109778881073
4583750144.0,-0.20147138833999634
4584687616.0,-0.17833566665649414
4585625088.0,-0.15450294315814972
4586562560.0,-0.1323421597480774
4587500032.0,-0.11041649430990219
4588437504.0,-0.08936791121959686
4589374976.0,-0.0698627382516861
4590312448.0,-0.051299456506967545
4591249920.0,-0.03416438028216362
4592187392.0,-0.01948516070842743
4593124864.0,-0.00628679059445858
4594062336.0,0.003989377524703741
4594999808.0,0.011615565046668053
4595937280.0,0.016528848558664322
4596874752.0,0.0189372431486845
4597812736.0,0.018389027565717697
4598750208.0,0.014202125370502472
4599687680.0,0.00851112138479948
4600625152.0,-0.0013144370168447495
4601562624.0,-0.012400803156197071
4602500096.0,-0.026606032624840736
4603437568.0,-0.042157236486673355
4604375040.0,-0.059017524123191833
4605312512.0,-0.07848819345235825
4606249984.0,-0.10049118101596832
4607187456.0,-0.12356989085674286
4608124928.0,-0.14677435159683228
4609062400.0,-0.16970936954021454
4609999872.0,-0.19331249594688416
4610937344.0,-0.21770036220550537
4611874816.0,-0.23972423374652863
4612812288.0,-0.2619473338127136
4613749760.0,-0.28424733877182007
4614687744.0,-0.3055002689361572
4615625216.0,-0.32554271817207336
4616562688.0,-0.34419357776641846
4617500160.0,-0.36096909642219543
4618437632.0,-0.3793157637119293
4619375104.0,-0.39345476031303406
4620312576.0,-0.40773338079452515
4621250048.0,-0.41983798146247864
4622187520.0,-0.4318481683731079
4623124992.0,-0.4426334798336029
4624062464.0,-0.4517934024333954
4624999936.0,-0.4601609706878662
4625937408.0,-0.4684399664402008
4626874880.0,-0.4761905372142792
4627812352.0,-0.47039324045181274
4628749824.0,-0.4629957675933838
4629687296.0,-0.45445847511291504
4630624768.0,-0.44594070315361023
4631562752.0,-0.43675151467323303
4632500224.0,-0.4262024462223053
4633437696.0,-0.4159703850746155
4634375168.0,-0.4061816334724426
4635312640.0,-0.39540621638298035
4636250112.0,-0.3852916657924652
4637187584.0,-0.3764384388923645
4638125056.0,-0.367307186126709
4639062528.0,-0.3592659533023834
4640000000.0,-0.3512303829193115
4640937472.0,-0.3447342813014984
4641874944.0,-0.337724506855011
4642812416.0,-0.3327484726905823
4643749888.0,-0.327913373708725
4644687360.0,-0.32533740997314453
4645624832.0,-0.3227848708629608
4646562304.0,-0.3223411440849304
4647499776.0,-0.32333269715309143
4648437248.0,-0.32510998845100403
4649375232.0,-0.3273155093193054
4650312704.0,-0.33092498779296875
4651250176.0,-0.33621203899383545
4652187648.0,-0.3410673141479492
4653125120.0,-0.3484004735946655
4654062592.0,-0.3549807667732239
4655000064.0,-0.36321529746055603
4655937536.0,-0.37169787287712097
4656875008.0,-0.3819790780544281
4657812480.0,-0.39285942912101746
4658749952.0,-0.4040457010269165
4659687424.0,-0.41443732380867004
4660624896.0,-0.4270722270011902
4661562368.0,-0.4402061998844147
4662499840.0,-0.45322003960609436
4663437312.0,-0.4662724733352661
4664374784.0,-0.48144981265068054
4665312256.0,-0.4967966675758362
4666250240.0,-0.5106629133224487
4667187712.0,-0.5248897671699524
4668125184.0,-0.540763795375824
4669062656.0,-0.554583728313446
4670000128.0,-0.5705063343048096
4670937600.0,-0.5854849815368652
4671875072.0,-0.5991171598434448
4672812544.0,-0.6127490401268005
4673750016.0,-0.6252278089523315
4674687488.0,-0.6380240321159363
4675624960.0,-0.649652898311615
4676562432.0,-0.6615533828735352
4677499904.0,-0.6716384887695312
4678437376.0,-0.6798110008239746
4679374848.0,-0.6897605061531067
4680312320.0,-0.697361409664154
4681249792.0,-0.7040404677391052
4682187264.0,-0.7091619372367859
4683125248.0,-0.7135909795761108
4684062720.0,-0.7163887023925781
4685000192.0,-0.7173349261283875
4685937664.0,-0.7163660526275635
4686875136.0,-0.693877100944519
4687812608.0,-0.6922750473022461
4688750080.0,-0.6877537965774536
4689687552.0,-0.6805955171585083
4690625024.0,-0.671345591545105
4691562496.0,-0.6590644717216492
4692499968.0,-0.6446244120597839
4693437440.0,-0.6279592514038086
4694374912.0,-0.6091838479042053
4695312384.0,-0.5896776914596558
4696249856.0,-0.5675632357597351
4697187328.0,-0.5448711514472961
4698124800.0,-0.5220236778259277
4699062272.0,-0.4990025758743286
4700000256.0,-0.4776903986930847
4700937728.0,-0.4559756815433502
4701875200.0,-0.4360765814781189
4702812672.0,-0.4178985059261322
4703750144.0,-0.4004097282886505
4704687616.0,-0.38737207651138306
4705625088.0,-0.37701573967933655
4706562560.0,-0.37039369344711304
4707500032.0,-0.3669939935207367
4708437504.0,-0.36790749430656433
4709374976.0,-0.37218475341796875
4710312448.0,-0.383152574300766
4711249920.0,-0.39814284443855286
4712187392.0,-0.41870054602622986
4713124864.0,-0.4441183805465698
4714062336.0,-0.4726412296295166
4714999808.0,-0.5062729716300964
4715937280.0,-0.5435933470726013
4716874752.0,-0.5849046111106873
4717812736.0,-0.6281532049179077
4718750208.0,-0.6746135354042053
4719687680.0,-0.7227700352668762
4720625152.0,-0.7713052034378052
4721562624.0,-0.8210331797599792
4722500096.0,-0.8692394495010376
4723437568.0,-0.9162150025367737
4724375040.0,-0.9603028893470764
4725312512.0,-1.0014296770095825
4726249984.0,-1.039961338043213
4727187456.0,-1.073630452156067
4728124928.0,-1.1023365259170532
4729062400.0,-1.1271482706069946
4729999872.0,-1.1472933292388916
4730937344.0,-1.1631780862808228
4731874816.0,-1.173667311668396
4732812288.0,-1.1812628507614136
4733749760.0,-1.184281349182129
4734687744.0,-1.1830133199691772
4735625216.0,-1.179726243019104
4736562688.0,-1.1717617511749268
4737500160.0,-1.1623653173446655
4738437632.0,-1.151135802268982
4739375104.0,-1.138529658317566
4740312576.0,-1.1236449480056763
4741250048.0,-1.1092534065246582
4742187520.0,-1.0933668613433838
4743124992.0,-1.0768178701400757
4744062464.0,-1.0608770847320557
4744999936.0,-1.0453873872756958
4745937408.0,-1.0284342765808105
4746874880.0,-0.8024070858955383
4747812352.0,-0.809247612953186
4748749824.0,-0.8154926896095276
4749687296.0,-0.8211424350738525
4750624768.0,-0.827022135257721
4751562752.0,-0.8309122323989868
4752500224.0,-0.8354507088661194
4753437696.0,-0.8395965099334717
4754375168.0,-0.8414564728736877
4755312640.0,-0.8453031778335571
4756250112.0,-0.8473522663116455
4757187584.0,-0.8485353589057922
4758125056.0,-0.8492220640182495
4759062528.0,-0.8486474752426147
4760000000.0,-0.8477652668952942
4760937472.0,-0.8468842506408691
4761874944.0,-0.8433898091316223
4762812416.0,-0.8405686020851135
4763749888.0,-0.8376088738441467
4764687360.0,-0.8335747718811035
4765624832.0,-0.8301341533660889
4766562304.0,-0.8259378671646118
4767499776.0,-0.8224149346351624
4768437248.0,-0.8169052600860596
4769375232.0,-0.811439573764801
4770312704.0,-0.8060801029205322
4771250176.0,-0.8010262250900269
4772187648.0,-0.7963553071022034
4773125120.0,-0.7927988767623901
4774062592.0,-0.7895634174346924
4775000064.0,-0.7871628999710083
4775937536.0,-0.7884606719017029
4776875008.0,-0.7889934778213501
4777812480.0,-0.7926709651947021
4778749952.0,-0.797502338886261
4779687424.0,-0.8042729496955872
4780624896.0,-0.8130691647529602
4781562368.0,-0.8234070539474487
4782499840.0,-0.8358320593833923
4783437312.0,-0.8503587245941162
4784374784.0,-0.8667234182357788
4785312256.0,-0.8851321339607239
4786250240.0,-0.9049606323242188
4787187712.0,-0.9267984628677368
4788125184.0,-0.9498536586761475
4789062656.0,-0.9750964641571045
4790000128.0,-0.9996727108955383
4790937600.0,-1.0246108770370483
4791875072.0,-1.0515793561935425
4792812544.0,-1.078417420387268
4793750016.0,-1.1057031154632568
4794687488.0,-1.1323751211166382
4795624960.0,-1.1588194370269775
4796562432.0,-1.184293270111084
4797499904.0,-1.209383249282837
4798437376.0,-1.232854962348938
4799374848.0,-1.255517601966858
4800312320.0,-1.2765069007873535
4801249792.0,-1.2939021587371826
4802187264.0,-1.3107736110687256
4803125248.0,-1.3240883350372314
4804062720.0,-1.335473656654358
4805000192.0,-1.3456660509109497
4805937664.0,-1.3515573740005493
4806875136.0,-1.2052708864212036
4807812608.0,-1.2089364528656006
4808750080.0,-1.2095407247543335
4809687552.0,-1.209082841873169
4810625024.0,-1.207168698310852
4811562496.0,-1.2043355703353882
4812499968.0,-1.1991795301437378
4813437440.0,-1.1940263509750366
4814374912.0,-1.1864728927612305
4815312384.0,-1.178796648979187
4816249856.0,-1.171027421951294
4817187328.0,-1.1628388166427612
4818124800.0,-1.1555598974227905
4819062272.0,-1.1478301286697388
4819999744.0,-1.1418522596359253
4820937728.0,-1.1352856159210205
4821875200.0,-1.1304810047149658
4822812672.0,-1.1250181198120117
4823750144.0,-1.1231446266174316
4824687616.0,-1.1201032400131226
4825625088.0,-1.1200556755065918
4826562560.0,-1.1220624446868896
4827500032.0,-1.1256731748580933
4828437504.0,-1.1316514015197754
4829374976.0,-1.140073537826538
4830312448.0,-1.1506805419921875
4831249920.0,-1.1617443561553955
4832187392.0,-1.1764893531799316
4833124864.0,-1.1913846731185913
4834062336.0,-1.2086207866668701
4834999808.0,-1.2259807586669922
4835937280.0,-1.2454560995101929
4836874752.0,-1.264775037765503
4837812736.0,-1.2843220233917236
4838750208.0,-1.3046663999557495
4839687680.0,-1.3253380060195923
4840625152.0,-1.3472493886947632
4841562624.0,-1.3692281246185303
4842500096.0,-1.3894169330596924
4843437568.0,-1.4106130599975586
4844375040.0,-1.4307409524917603
4845312512.0,-1.44883131980896
4846249984.0,-1.4672620296478271
4847187456.0,-1.4850928783416748
4848124928.0,-1.500878930091858
4849062400.0,-1.515374779701233
4849999872.0,-1.5292381048202515
4850937344.0,-1.5412975549697876
4851874816.0,-1.5514788627624512
4852812288.0,-1.5589783191680908
4853749760.0,-1.5675415992736816
4854687744.0,-1.5725120306015015
4855625216.0,-1.5770134925842285
4856562688.0,-1.581358790397644
4857500160.0,-1.5840024948120117
4858437632.0,-1.5863450765609741
4859375104.0,-1.5897749662399292
4860312576.0,-1.5921481847763062
4861250048.0,-1.5965815782546997
4862187520.0,-1.5996226072311401
4863124992.0,-1.6042779684066772
4864062464.0,-1.6079002618789673
4864999936.0,-1.611549735069275
4865937408.0,-1.6154744625091553
4866874880.0,-1.5961438417434692
4867812352.0,-1.601349949836731
4868749824.0,-1.6054612398147583
4869687296.0,-1.6108262538909912
4870624768.0,-1.6167099475860596
4871562752.0,-1.6221212148666382
4872500224.0,-1.628470778465271
4873437696.0,-1.6348645687103271
4874375168.0,-1.6422343254089355
4875312640.0,-1.6505463123321533
4876250112.0,-1.6586689949035645
4877187584.0,-1.6666295528411865
4878125056.0,-1.676377296447754
4879062528.0,-1.686638355255127
4880000000.0,-1.6977754831314087
4880937472.0,-1.7085360288619995
4881874944.0,-1.7211041450500488
4882812416.0,-1.7331054210662842
4883749888.0,-1.7443315982818604
4884687360.0,-1.7566269636154175
4885624832.0,-1.7666823863983154
4886562304.0,-1.7760188579559326
4887499776.0,-1.7850533723831177
4888437248.0,-1.7919490337371826
4889375232.0,-1.7968486547470093
4890312704.0,-1.800426721572876
4891250176.0,-1.8005547523498535
4892187648.0,-1.7990034818649292
4893125120.0,-1.7947142124176025
4894062592.0,-1.7874300479888916
4895000064.0,-1.7787364721298218
4895937536.0,-1.7670204639434814
4896875008.0,-1.7527049779891968
4897812480.0,-1.7358248233795166
4898749952.0,-1.7179243564605713
4899687424.0,-1.6964036226272583
4900624896.0,-1.6745777130126953
4901562368.0,-1.6493146419525146
4902499840.0,-1.6252785921096802
4903437312.0,-1.5988277196884155
4904374784.0,-1.5718770027160645
4905312256.0,-1.546040415763855
4906250240.0,-1.5190259218215942
4907187712.0,-1.4929100275039673
4908125184.0,-1.467786431312561
4909062656.0,-1.4428917169570923
4910000128.0,-1.4208588600158691
4910937600.0,-1.3994574546813965
4911875072.0,-1.3823732137680054
4912812544.0,-1.3660367727279663
4913750016.0,-1.352313756942749
4914687488.0,-1.3406034708023071
4915624960.0,-1.331231713294983
4916562432.0,-1.325048565864563
4917499904.0,-1.3198213577270508
4918437376.0,-1.3170890808105469
4919374848.0,-1.3166576623916626
4920312320.0,-1.3176332712173462
4921249792.0,-1.320558786392212
4922187264.0,-1.261723518371582
4923125248.0,-1.2526650428771973
4924062720.0,-1.2438490390777588
4925000192.0,-1.2365962266921997
4925937664.0,-1.3526426553726196
4926875136.0,-1.3608067035675049
4927812608.0,-1.3690521717071533
4928750080.0,-1.3753511905670166
4929687552.0,-1.380521297454834
4930625024.0,-1.3840935230255127
4931562496.0,-1.3868181705474854
4932499968.0,-1.3856115341186523
4933437440.0,-1.3834670782089233
4934374912.0,-1.3781083822250366
4935312384.0,-1.37007474899292
4936249856.0,-1.360032320022583
4937187328.0,-1.3478180170059204
4938124800.0,-1.3331960439682007
4939062272.0,-1.3162935972213745
4940000256.0,-1.2977428436279297
4940937728.0,-1.277814269065857
4941875200.0,-1.255980372428894
4942812672.0,-1.2335809469223022
4943750144.0,-1.2111401557922363
4944687616.0,-1.1880987882614136
4945625088.0,-1.1656101942062378
4946562560.0,-1.1431374549865723
4947500032.0,-1.1230508089065552
4948437504.0,-1.1034458875656128
4949374976.0,-1.0858087539672852
4950312448.0,-1.068979263305664
4951249920.0,-1.0549265146255493
4952187392.0,-1.043229103088379
4953124864.0,-1.0333653688430786
4954062336.0,-1.02615487575531
4954999808.0,-1.0204012393951416
4955937280.0,-1.0153437852859497
4956874752.0,-1.0109810829162598
4957812736.0,-1.009814739227295
4958750208.0,-1.0068904161453247
4959687680.0,-1.004539966583252
4960625152.0,-1.0018248558044434
4961562624.0,-0.9985613226890564
4962500096.0,-0.9960885047912598
4963437568.0,-0.9910378456115723
4964375040.0,-0.9852457642555237
4965312512.0,-0.9775538444519043
4966249984.0,-0.9699182510375977
4967187456.0,-0.9602510333061218
4968124928.0,-0.951651394367218
4969062400.0,-0.9420457482337952
4969999872.0,-0.9324380159378052
4970937344.0,-0.922103762626648
4971874816.0,-0.9119315147399902
4972812288.0,-0.9022641777992249
4973749760.0,-0.8931812047958374
4974687744.0,-0.8837715983390808
4975625216.0,-0.8751977682113647
4976562688.0,-0.8669514060020447
4977500160.0,-0.8592328429222107
4978437632.0,-0.8520833849906921
4979375104.0,-0.8455289602279663
4980312576.0,-0.8379903435707092
4981250048.0,-0.8304505348205566
4982187520.0,-0.8230035305023193
4983124992.0,-0.8141171932220459
4984062464.0,-0.8048316240310669
4984999936.0,-0.7952196002006531
4985937408.0,-0.7775553464889526
4986874880.0,-0.7683837413787842
4987812352.0,-0.760169506072998
4988749824.0,-0.7540873885154724
4989687296.0,-0.7480319142341614
4990624768.0,-0.7446061372756958
4991562752.0,-0.7418975234031677
4992500224.0,-0.7413668632507324
4993437696.0,-0.742656409740448
4994375168.0,-0.7447254061698914
4995312640.0,-0.7477210164070129
4996250112.0,-0.7524791955947876
4997187584.0,-0.7579227685928345
4998125056.0,-0.7639821767807007
4999062528.0,-0.7697433233261108
5000000000.0,-0.7789413928985596
5000937472.0,-0.7866122126579285
5001874944.0,-0.7954757809638977
5002812416.0,-0.8049386143684387
5003749888.0,-0.813132643699646
5004687360.0,-0.8211491703987122
5005624832.0,-0.8285934329032898
5006562304.0,-0.8334944248199463
5007499776.0,-0.8382612466812134
5008437248.0,-0.840123176574707
5009375232.0,-0.8410568833351135
5010312704.0,-0.838357150554657
5011250176.0,-0.8344164490699768
5012187648.0,-0.8273967504501343
5013125120.0,-0.8176426291465759
5014062592.0,-0.8050965070724487
5015000064.0,-0.7903282642364502
5015937536.0,-0.7734739184379578
5016875008.0,-0.7540175318717957
5017812480.0,-0.7308898568153381
5018749952.0,-0.7067201137542725
5019687424.0,-0.6812626719474792
5020624896.0,-0.652410089969635
5021562368.0,-0.6230635046958923
5022499840.0,-0.5930601954460144
5023437312.0,-0.5618129372596741
5024374784.0,-0.5294913053512573
5025312256.0,-0.4988863468170166
5026250240.0,-0.467254102230072
5027187712.0,-0.43668287992477417
5028125184.0,-0.4081389307975769
5029062656.0,-0.38006773591041565
5030000128.0,-0.3547708988189697
5030937600.0,-0.33046409487724304
5031875072.0,-0.30875736474990845
5032812544.0,-0.28996503353118896
5033750016.0,-0.2732749283313751
5034687488.0,-0.2591191232204437
5035624960.0,-0.24862012267112732
5036562432.0,-0.24070222675800323
5037499904.0,-0.23679912090301514
5038437376.0,-0.23564085364341736
5039374848.0,-0.23794442415237427
5040312320.0,-0.2431919425725937
5041249792.0,-0.2508564293384552
5042187264.0,-0.2621554136276245
5043125248.0,-0.27588802576065063
5044062720.0,-0.29144588112831116
5045000192.0,-0.309022456407547
5045937664.0,-0.5714211463928223
5046875136.0,-0.5791435241699219
5047812608.0,-0.5886625051498413
5048750080.0,-0.5974746346473694
5049687552.0,-0.6062092185020447
5050625024.0,-0.6148720383644104
5051562496.0,-0.6235495209693909
5052499968.0,-0.6321283578872681
5053437440.0,-0.6402039527893066
5054374912.0,-0.6480544209480286
5055312384.0,-0.6549241542816162
5056249856.0,-0.660815954208374
5057187328.0,-0.666205644607544
5058124800.0,-0.6708581447601318
5059062272.0,-0.673184871673584
5059999744.0,-0.6753005981445312
5060937728.0,-0.6757935285568237
5061875200.0,-0.6744524240493774
5062812672.0,-0.6728017926216125
5063750144.0,-0.6684625744819641
5064687616.0,-0.6631072759628296
5065625088.0,-0.6550011038780212
5066562560.0,-0.6455841064453125
5067500032.0,-0.633784830570221
5068437504.0,-0.620720386505127
5069374976.0,-0.6054508686065674
5070312448.0,-0.5899290442466736
5071249920.0,-0.5715829133987427
5072187392.0,-0.5518990755081177
5073124864.0,-0.532048761844635
5074062336.0,-0.5097702741622925
5074999808.0,-0.48770156502723694
5075937280.0,-0.4636451005935669
5076874752.0,-0.439598947763443
5077812736.0,-0.4154566824436188
5078750208.0,-0.3912818729877472
5079687680.0,-0.3662447929382324
5080625152.0,-0.34221312403678894
5081562624.0,-0.3195410966873169
5082500096.0,-0.2976444959640503
5083437568.0,-0.2781347334384918
5084375040.0,-0.2595645487308502
5085312512.0,-0.24282246828079224
5086249984.0,-0.22848597168922424
5087187456.0,-0.21526522934436798
5088124928.0,-0.20418600738048553
5089062400.0,-0.1954963207244873
5089999872.0,-0.19065572321414948
5090937344.0,-0.18693490326404572
5091874816.0,-0.18739613890647888
5092812288.0,-0.19110573828220367
5093749760.0,-0.1958094835281372
5094687744.0,-0.20308594405651093
5095625216.0,-0.2141430824995041
5096562688.0,-0.22628314793109894
5097500160.0,-0.24033060669898987
5098437632.0,-0.25758227705955505
5099375104.0,-0.2758145034313202
5100312576.0,-0.2967420220375061
5101250048.0,-0.3178882896900177
5102187520.0,-0.3412224054336548
5103124992.0,-0.3664199709892273
5104062464.0,-0.3905637562274933
5104999936.0,-0.41479164361953735
5105937408.0,-0.5081998705863953
5106874880.0,-0.5251265168190002
5107812352.0,-0.5405404567718506
5108749824.0,-0.5548443794250488
5109687296.0,-0.5665165781974792
5110624768.0,-0.5771452784538269
5111562752.0,-0.5849921107292175
5112500224.0,-0.5906481146812439
5113437696.0,-0.5947460532188416
5114375168.0,-0.5964944362640381
5115312640.0,-0.5967770218849182
5116250112.0,-0.594706654548645
5117187584.0,-0.5914625525474548
5118125056.0,-0.5865306854248047
5119062528.0,-0.5792071223258972
5120000000.0,-0.5712909698486328
5120937472.0,-0.5643731951713562
5121874944.0,-0.555794358253479
5122812416.0,-0.5478103160858154
5123749888.0,-0.5379500389099121
5124687360.0,-0.5297141671180725
5125624832.0,-0.5198743939399719
5126562304.0,-0.5099608302116394
5127499776.0,-0.501399576663971
5128437248.0,-0.49144893884658813
5129375232.0,-0.4819656312465668
5130312704.0,-0.4700484871864319
5131250176.0,-0.4593926668167114
5132187648.0,-0.44636306166648865
5133125120.0,-0.4326387345790863
5134062592.0,-0.4167448878288269
5135000064.0,-0.4003898799419403
5135937536.0,-0.38327595591545105
5136875008.0,-0.36424994468688965
5137812480.0,-0.34569400548934937
5138749952.0,-0.3276669383049011
5139687424.0,-0.3101281523704529
5140624896.0,-0.2930675446987152
5141562368.0,-0.2770240902900696
5142499840.0,-0.26425331830978394
5143437312.0,-0.25395578145980835
5144374784.0,-0.24837252497673035
5145312256.0,-0.24853426218032837
5146250240.0,-0.2554222643375397
5147187712.0,-0.2684790790081024
5148125184.0,-0.2852896749973297
5149062656.0,-0.3041378855705261
5150000128.0,-0.3251068592071533
5150937600.0,-0.34674322605133057
5151875072.0,-0.36881476640701294
5152812544.0,-0.3902592062950134
5153750016.0,-0.41074666380882263
5154687488.0,-0.42966824769973755
5155624960.0,-0.44733577966690063
5156562432.0,-0.46364229917526245
5157499904.0,-0.47743216156959534
5158437376.0,-0.49057382345199585
5159374848.0,-0.502486526966095
5160312320.0,-0.5128064155578613
5161249792.0,-0.5228211283683777
5162187264.0,-0.5324678421020508
5163125248.0,-0.5396389961242676
5164062720.0,-0.5477655529975891
5165000192.0,-0.5552167296409607
5165937664.0,-0.5633353590965271
5166875136.0,-0.5776678323745728
5167812608.0,-0.5920038223266602
5168750080.0,-0.6085067987442017
5169687552.0,-0.6254563927650452
5170625024.0,-0.6425927877426147
5171562496.0,-0.6593464612960815
5172499968.0,-0.6767445802688599
5173437440.0,-0.692818820476532
5174374912.0,-0.7077014446258545
5175312384.0,-0.7217977046966553
5176249856.0,-0.7330600023269653
5177187328.0,-0.7432272434234619
5178124800.0,-0.7494980096817017
5179062272.0,-0.7552653551101685
5180000256.0,-0.7561402320861816
5180937728.0,-0.7560724020004272
5181875200.0,-0.7522284388542175
5182812672.0,-0.7451402544975281
5183750144.0,-0.7373842000961304
5184687616.0,-0.725324273109436
5185625088.0,-0.7105528712272644
5186562560.0,-0.6944942474365234
5187500032.0,-0.6763769388198853
5188437504.0,-0.6562010645866394
5189374976.0,-0.6352370977401733
5190312448.0,-0.6123888492584229
5191249920.0,-0.5876966118812561
5192187392.0,-0.5626555681228638
5193124864.0,-0.5378017425537109
5194062336.0,-0.5136728286743164
5194999808.0,-0.48952001333236694
5195937280.0,-0.4661391079425812
5196874752.0,-0.44472068548202515
5197812736.0,-0.4237499535083771
5198750208.0,-0.4046415090560913
5199687680.0,-0.38672757148742676
5200625152.0,-0.3701881766319275
5201562624.0,-0.3570111393928528
5202500096.0,-0.3453208804130554
5203437568.0,-0.33836182951927185
5204375040.0,-0.33232414722442627
5205312512.0,-0.3314702808856964
5206249984.0,-0.33267244696617126
5207187456.0,-0.3368951976299286
5208124928.0,-0.3425855338573456
5209062400.0,-0.3528781235218048
5209999872.0,-0.3647233545780182
5210937344.0,-0.379071980714798
5211874816.0,-0.39614054560661316
5212812288.0,-0.41479408740997314
5213749760.0,-0.43580397963523865
5214687744.0,-0.4583975672721863
5215625216.0,-0.4827267527580261
5216562688.0,-0.5077858567237854
5217500160.0,-0.5347363948822021
5218437632.0,-0.5614004135131836
5219375104.0,-0.5893954038619995
5220312576.0,-0.6161234378814697
5221250048.0,-0.6439248919487
5222187520.0,-0.6710169911384583
5223124992.0,-0.6982002258300781
5224062464.0,-0.7239260077476501
5224999936.0,-0.7484315037727356
5225937408.0,-0.7985987663269043
5226874880.0,-0.8229891657829285
5227812352.0,-0.8444311618804932
5228749824.0,-0.8647445440292358
5229687296.0,-0.8821749091148376
5230624768.0,-0.8986139893531799
5231562752.0,-0.9099802374839783
5232500224.0,-0.9210754036903381
5233437696.0,-0.9274853467941284
5234375168.0,-0.9328543543815613
5235312640.0,-0.9345146417617798
5236250112.0,-0.9348703622817993
5237187584.0,-0.9339621067047119
5238125056.0,-0.9298268556594849
5239062528.0,-0.9232301115989685
5240000000.0,-0.9150408506393433
5240937472.0,-0.905636191368103
5241874944.0,-0.8954062461853027
5242812416.0,-0.8841186761856079
5243749888.0,-0.8695018887519836
5244687360.0,-0.8565133810043335
5245624832.0,-0.8421769142150879
5246562304.0,-0.8277643322944641
5247499776.0,-0.8125009536743164
5248437248.0,-0.7987223863601685
5249375232.0,-0.7836451530456543
5250312704.0,-0.7683475017547607
5251250176.0,-0.7528436779975891
5252187648.0,-0.7376932501792908
5253125120.0,-0.7252472043037415
5254062592.0,-0.712466299533844
5255000064.0,-0.7028434872627258
5255937536.0,-0.6945441365242004
5256875008.0,-0.6871561408042908
5257812480.0,-0.6821126937866211
5258749952.0,-0.677911102771759
5259687424.0,-0.674506664276123
5260624896.0,-0.6741616725921631
5261562368.0,-0.6735798716545105
5262499840.0,-0.6770941019058228
5263437312.0,-0.6819756627082825
5264374784.0,-0.6895774006843567
5265312256.0,-0.6991717219352722
5266250240.0,-0.7108147144317627
5267187712.0,-0.7244287729263306
5268125184.0,-0.7413738369941711
5269062656.0,-0.7593373656272888
5270000128.0,-0.7788023352622986
5270937600.0,-0.8002521395683289
5271875072.0,-0.8224684596061707
5272812544.0,-0.8465776443481445
5273750016.0,-0.8742063045501709
5274687488.0,-0.9022777080535889
5275624960.0,-0.9331244230270386
5276562432.0,-0.9655467867851257
5277499904.0,-1.0001779794692993
5278437376.0,-1.0361402034759521
5279374848.0,-1.0719977617263794
5280312320.0,-1.1092382669448853
5281249792.0,-1.1475424766540527
5282187264.0,-1.1864943504333496
5283125248.0,-1.2265647649765015
5284062720.0,-1.2652084827423096
5285000192.0,-1.3011635541915894
5285937664.0,-1.3262921571731567
5286875136.0,-1.3562203645706177
5287812608.0,-1.384595274925232
5288750080.0,-1.409158706665039
5289687552.0,-1.4336061477661133
5290625024.0,-1.454545497894287
5291562496.0,-1.4717869758605957
5292499968.0,-1.4896763563156128
5293437440.0,-1.5037552118301392
5294374912.0,-1.5137258768081665
5295312384.0,-1.5205233097076416
5296249856.0,-1.523430347442627
5297187328.0,-1.5230531692504883
5298124800.0,-1.5210703611373901
5299062272.0,-1.5157636404037476
5299999744.0,-1.507797122001648
5300937728.0,-1.49875807762146
5301875200.0,-1.486114501953125
5302812672.0,-1.472781777381897
5303750144.0,-1.4585111141204834
5304687616.0,-1.439926028251648
5305625088.0,-1.4235931634902954
5306562560.0,-1.4048783779144287
5307500032.0,-1.3878446817398071
5308437504.0,-1.372879981994629
5309374976.0,-1.3570560216903687
5310312448.0,-1.3431627750396729
5311249920.0,-1.3297315835952759
5312187392.0,-1.3181567192077637
5313124864.0,-1.3077772855758667
5314062336.0,-1.298466444015503
5314999808.0,-1.2904231548309326
5315937280.0,-1.2846920490264893
5316874752.0,-1.2817370891571045
5317812736.0,-1.281172275543213
5318750208.0,-1.283564805984497
5319687680.0,-1.2871304750442505
5320625152.0,-1.2945761680603027
5321562624.0,-1.3021414279937744
5322500096.0,-1.3142532110214233
5323437568.0,-1.3256860971450806
5324375040.0,-1.3414578437805176
5325312512.0,-1.360283613204956
5326249984.0,-1.3814753293991089
5327187456.0,-1.4050955772399902
5328124928.0,-1.4319448471069336
5329062400.0,-1.4621007442474365
5329999872.0,-1.4963064193725586
5330937344.0,-1.5331932306289673
5331874816.0,-1.5701240301132202
5332812288.0,-1.6391841173171997
5333749760.0,-1.6864675283432007
5334687744.0,-1.7347044944763184
5335625216.0,-1.7864372730255127
5336562688.0,-1.8384336233139038
5337500160.0,-1.8924039602279663
5338437632.0,-1.9452351331710815
5339375104.0,-2.0017812252044678
5340312576.0,-2.057788848876953
5341250048.0,-2.1137561798095703
5342187520.0,-2.1697940826416016
5343124992.0,-2.222670793533325
5344062464.0,-2.274949789047241
5344999936.0,-2.3258144855499268
5345937408.0,-2.2583107948303223
5346874880.0,-2.285395622253418
5347812352.0,-2.3101227283477783
5348749824.0,-2.330812454223633
5349687296.0,-2.3494725227355957
5350624768.0,-2.363342046737671
5351562752.0,-2.3764615058898926
5352500224.0,-2.385969400405884
5353437696.0,-2.3920249938964844
5354375168.0,-2.3954339027404785
5355312640.0,-2.3962903022766113
5356250112.0,-2.3941400051116943
5357187584.0,-2.3865408897399902
5358125056.0,-2.3759219646453857
5359062528.0,-2.3619003295898438
5360000000.0,-2.347874164581299
5360937472.0,-2.33070969581604
5361874944.0,-2.311272382736206
5362812416.0,-2.2891125679016113
5363749888.0,-2.267812967300415
5364687360.0,-2.245504379272461
5365624832.0,-2.2219491004943848
5366562304.0,-2.1968960762023926
5367499776.0,-2.1698901653289795
5368437248.0,-2.1434805393218994
5369375232.0,-2.118088483810425
5370312704.0,-2.0911319255828857
5371250176.0,-2.0661003589630127
5372187648.0,-2.042538642883301
5373125120.0,-2.019303321838379
5374062592.0,-1.9986424446105957
5375000064.0,-1.9785946607589722
5375937536.0,-1.9604551792144775
5376875008.0,-1.942144513130188
5377812480.0,-1.9256610870361328
5378749952.0,-1.9084986448287964
5379687424.0,-1.8942869901657104
5380624896.0,-1.8812843561172485
5381562368.0,-1.8696131706237793
5382499840.0,-1.8598026037216187
5383437312.0,-1.852388858795166
5384374784.0,-1.8457551002502441
5385312256.0,-1.840553879737854
5386250240.0,-1.8368027210235596
5387187712.0,-1.8357034921646118
5388125184.0,-1.8347032070159912
5389062656.0,-1.8349924087524414
5390000128.0,-1.836931586265564
5390937600.0,-1.840272307395935
5391875072.0,-1.8438448905944824
5392812544.0,-1.8480427265167236
5393750016.0,-1.8531783819198608
5394687488.0,-1.8593837022781372
5395624960.0,-1.8651299476623535
5396562432.0,-1.8724963665008545
5397499904.0,-1.8786991834640503
5398437376.0,-1.8867195844650269
5399374848.0,-1.8929065465927124
5400312320.0,-1.8997403383255005
5401249792.0,-1.9054111242294312
5402187264.0,-1.911110758781433
5403125248.0,-1.9150117635726929
5404062720.0,-1.918290376663208
5405000192.0,-1.9201164245605469
5405937664.0,-2.0591282844543457
5406875136.0,-2.0571157932281494
5407812608.0,-2.0518760681152344
5408750080.0,-2.04447603225708
5409687552.0,-2.0332329273223877
5410625024.0,-2.020512342453003
5411562496.0,-2.0053489208221436
5412499968.0,-1.9870165586471558
5413437440.0,-1.9671924114227295
5414374912.0,-1.9456080198287964
5415312384.0,-1.9232981204986572
5416249856.0,-1.8977446556091309
5417187328.0,-1.8718225955963135
5418124800.0,-1.8436827659606934
5419062272.0,-1.8159074783325195
5420000256.0,-1.7857275009155273
5420937728.0,-1.7554644346237183
5421875200.0,-1.7235277891159058
5422812672.0,-1.691338062286377
5423750144.0,-1.6596482992172241
5424687616.0,-1.6263600587844849
5425625088.0,-1.5947778224945068
5426562560.0,-1.5642668008804321
5427500032.0,-1.5333893299102783
5428437504.0,-1.5042695999145508
5429374976.0,-1.4751476049423218
5430312448.0,-1.4486562013626099
5431249920.0,-1.4227795600891113
5432187392.0,-1.3988268375396729
5433124864.0,-1.3762121200561523
5434062336.0,-1.354926347732544
5434999808.0,-1.333245873451233
5435937280.0,-1.313720464706421
5436874752.0,-1.2933299541473389
5437812736.0,-1.2766880989074707
5438750208.0,-1.2599687576293945
5439687680.0,-1.244536280632019
5440625152.0,-1.2315486669540405
5441562624.0,-1.219481110572815
5442500096.0,-1.2096889019012451
5443437568.0,-1.2014800310134888
5444375040.0,-1.1947932243347168
5445312512.0,-1.1885051727294922
5446249984.0,-1.1843432188034058
5447187456.0,-1.1817710399627686
5448124928.0,-1.181165099143982
5449062400.0,-1.1816413402557373
5449999872.0,-1.1834373474121094
5450937344.0,-1.1883718967437744
5451874816.0,-1.1935997009277344
5452812288.0,-1.2012430429458618
5453749760.0,-1.2090047597885132
5454687744.0,-1.2175287008285522
5455625216.0,-1.227689504623413
5456562688.0,-1.237680435180664
5457500160.0,-1.2479219436645508
5458437632.0,-1.2592856884002686
5459375104.0,-1.2700176239013672
5460312576.0,-1.2799673080444336
5461250048.0,-1.289542555809021
5462187520.0,-1.2999440431594849
5463124992.0,-1.3076962232589722
5464062464.0,-1.3147709369659424
5464999936.0,-1.3194040060043335
5465937408.0,-1.3266550302505493
5466874880.0,-1.3275068998336792
5467812352.0,-1.3250374794006348
5468749824.0,-1.3213669061660767
5469687296.0,-1.3157613277435303
5470624768.0,-1.3079395294189453
5471562752.0,-1.2974140644073486
5472500224.0,-1.2845754623413086
5473437696.0,-1.2709894180297852
5474375168.0,-1.254833459854126
5475312640.0,-1.2376735210418701
5476250112.0,-1.2184219360351562
5477187584.0,-1.1973986625671387
5478125056.0,-1.175419807434082
5479062528.0,-1.151540994644165
5480000000.0,-1.126794457435608
5480937472.0,-1.1005151271820068
5481874944.0,-1.0735684633255005
5482812416.0,-1.0464451313018799
5483749888.0,-1.0196586847305298
5484687360.0,-0.9921009540557861
5485624832.0,-0.965817391872406
5486562304.0,-0.9403486251831055
5487499776.0,-0.9139909744262695
5488437248.0,-0.8891859650611877
5489375232.0,-0.8632087707519531
5490312704.0,-0.8395472764968872
5491250176.0,-0.8155566453933716
5492187648.0,-0.7939090728759766
5493125120.0,-0.7734484076499939
5494062592.0,-0.7550169825553894
5495000064.0,-0.737801730632782
5495937536.0,-0.7219297885894775
5496875008.0,-0.708554208278656
5497812480.0,-0.6968977451324463
5498749952.0,-0.6885722279548645
5499687424.0,-0.6829249858856201
5500624896.0,-0.6794642806053162
5501562368.0,-0.6784648895263672
5502499840.0,-0.6802262663841248
5503437312.0,-0.6844733953475952
5504374784.0,-0.6918302178382874
5505312256.0,-0.7020244598388672
5506250240.0,-0.7146857380867004
5507187712.0,-0.7305891513824463
5508125184.0,-0.7477838397026062
5509062656.0,-0.7684051394462585
5510000128.0,-0.7914965152740479
5510937600.0,-0.8160101175308228
5511875072.0,-0.842700719833374
5512812544.0,-0.8705531358718872
5513750016.0,-0.9001779556274414
5514687488.0,-0.9299119114875793
5515624960.0,-0.9600895047187805
5516562432.0,-0.9911646842956543
5517499904.0,-1.021976351737976
5518437376.0,-1.0515860319137573
5519374848.0,-1.080527424812317
5520312320.0,-1.1061619520187378
5521249792.0,-1.1296004056930542
5522187264.0,-1.1520369052886963
5523125248.0,-1.1704682111740112
5524062720.0,-1.184861183166504
5525000192.0,-1.1973824501037598
5525937664.0,-1.0300123691558838
5526875136.0,-1.0334957838058472
5527812608.0,-1.0359482765197754
5528750080.0,-1.0365746021270752
5529687552.0,-1.0349390506744385
5530625024.0,-1.0314569473266602
5531562496.0,-1.0271955728530884
5532499968.0,-1.0203722715377808
5533437440.0,-1.0115118026733398
5534374912.0,-1.0030622482299805
5535312384.0,-0.9905394315719604
5536249856.0,-0.9784968495368958
5537187328.0,-0.9650906324386597
5538124800.0,-0.9514906406402588
5539062272.0,-0.9365176558494568
5539999744.0,-0.9212239980697632
5540937728.0,-0.9061688184738159
5541875200.0,-0.890466034412384
5542812672.0,-0.8741710782051086
5543750144.0,-0.8589931726455688
5544687616.0,-0.8419256210327148
5545625088.0,-0.8270961046218872
5546562560.0,-0.8124796748161316
5547500032.0,-0.7976038455963135
5548437504.0,-0.7825976014137268
5549374976.0,-0.7684215307235718
5550312448.0,-0.7567378282546997
5551249920.0,-0.745737612247467
5552187392.0,-0.7360653877258301
5553124864.0,-0.7282114028930664
5554062336.0,-0.7214598059654236
5554999808.0,-0.7164362072944641
5555937280.0,-0.7141209840774536
5556874752.0,-0.712677538394928
5557812736.0,-0.7133170962333679
5558750208.0,-0.7171034812927246
5559687680.0,-0.7234410047531128
5560625152.0,-0.7317760586738586
5561562624.0,-0.7434096336364746
5562500096.0,-0.7582722902297974
5563437568.0,-0.775215744972229
5564375040.0,-0.7940988540649414
5565312512.0,-0.8150782585144043
5566249984.0,-0.8385444283485413
5567187456.0,-0.8634248375892639
5568124928.0,-0.89069664478302
5569062400.0,-0.9183377027511597
5569999872.0,-0.9482600092887878
5570937344.0,-0.9756585359573364
5571874816.0,-1.0049110651016235
5572812288.0,-1.0326520204544067
5573749760.0,-1.058308720588684
5574687744.0,-1.0848904848098755
5575625216.0,-1.1079503297805786
5576562688.0,-1.1291882991790771
5577500160.0,-1.1483513116836548
5578437632.0,-1.1642149686813354
5579375104.0,-1.1762579679489136
5580312576.0,-1.1880900859832764
5581250048.0,-1.1967755556106567
5582187520.0,-1.202147364616394
5583124992.0,-1.2053730487823486
5584062464.0,-1.20488440990448
5584999936.0,-1.2030519247055054
5585937408.0,-1.1305174827575684
5586874880.0,-1.1351921558380127
5587812352.0,-1.1394611597061157
5588749824.0,-1.1421730518341064
5589687296.0,-1.1435459852218628
5590624768.0,-1.1426312923431396
5591562752.0,-1.1433216333389282
5592500224.0,-1.1437593698501587
5593437696.0,-1.141170620918274
5594375168.0,-1.1390314102172852
5595312640.0,-1.136005163192749
5596250112.0,-1.1323927640914917
5597187584.0,-1.1279637813568115
5598125056.0,-1.1234112977981567
5599062528.0,-1.1186907291412354
5600000000.0,-1.1129646301269531
5600937472.0,-1.1078038215637207
5601874944.0,-1.1030484437942505
5602812416.0,-1.0969058275222778
5603749888.0,-1.091629147529602
5604687360.0,-1.0867693424224854
5605624832.0,-1.081807255744934
5606562304.0,-1.0763627290725708
5607499776.0,-1.0718152523040771
5608437248.0,-1.0686678886413574
5609375232.0,-1.0646213293075562
5610312704.0,-1.0616942644119263
5611250176.0,-1.058205485343933
5612187648.0,-1.054614782333374
5613125120.0,-1.051437258720398
5614062592.0,-1.0489403009414673
5615000064.0,-1.0474997758865356
5615937536.0,-1.046863079071045
5616875008.0,-1.0468188524246216
5617812480.0,-1.0459526777267456
5618749952.0,-1.0469549894332886
5619687424.0,-1.0468734502792358
5620624896.0,-1.0494815111160278
5621562368.0,-1.0516066551208496
5622499840.0,-1.0541545152664185
5623437312.0,-1.059239149093628
5624374784.0,-1.0632261037826538
5625312256.0,-1.0676724910736084
5626250240.0,-1.0729554891586304
5627187712.0,-1.0771403312683105
5628125184.0,-1.0808489322662354
5629062656.0,-1.0859241485595703
5630000128.0,-1.090215802192688
5630937600.0,-1.0930954217910767
5631875072.0,-1.0974884033203125
5632812544.0,-1.0999765396118164
5633750016.0,-1.102250099182129
5634687488.0,-1.103729248046875
5635624960.0,-1.1054435968399048
5636562432.0,-1.1041345596313477
5637499904.0,-1.1019940376281738
5638437376.0,-1.1000943183898926
5639374848.0,-1.0956811904907227
5640312320.0,-1.0920614004135132
5641249792.0,-1.0867893695831299
5642187264.0,-1.0810943841934204
5643125248.0,-1.0752443075180054
5644062720.0,-1.0697871446609497
5645000192.0,-1.061941385269165
5645937664.0,-1.0577064752578735
5646875136.0,-1.0471922159194946
5647812608.0,-1.0346046686172485
5648750080.0,-1.0218725204467773
5649687552.0,-1.006557822227478
5650625024.0,-0.9905819892883301
5651562496.0,-0.9736020565032959
5652499968.0,-0.9571791887283325
5653437440.0,-0.939412534236908
5654374912.0,-0.9205300807952881
5655312384.0,-0.9018132090568542
5656249856.0,-0.883105456829071
5657187328.0,-0.8633649349212646
5658124800.0,-0.8445592522621155
5659062272.0,-0.8247708082199097
5660000256.0,-0.804692268371582
5660937728.0,-0.7845327854156494
5661875200.0,-0.7641509175300598
5662812672.0,-0.7440966963768005
5663750144.0,-0.7255591154098511
5664687616.0,-0.7079674601554871
5665625088.0,-0.6910450458526611
5666562560.0,-0.6753790378570557
5667500032.0,-0.661073625087738
5668437504.0,-0.6477789282798767
5669374976.0,-0.6356189250946045
5670312448.0,-0.6253854036331177
5671249920.0,-0.6166253089904785
5672187392.0,-0.6085198521614075
5673124864.0,-0.6038662791252136
5674062336.0,-0.5991806387901306
5674999808.0,-0.595618724822998
5675937280.0,-0.5943924784660339
5676874752.0,-0.5942096710205078
5677812736.0,-0.5952520966529846
5678750208.0,-0.5975601077079773
5679687680.0,-0.5998739004135132
5680625152.0,-0.6032113432884216
5681562624.0,-0.6074395179748535
5682500096.0,-0.6102654337882996
5683437568.0,-0.6132609248161316
5684375040.0,-0.616992175579071
5685312512.0,-0.6183458566665649
5686249984.0,-0.620530903339386
5687187456.0,-0.6204484701156616
5688124928.0,-0.6211236715316772
5689062400.0,-0.619384229183197
5689999872.0,-0.6176554560661316
5690937344.0,-0.6132067441940308
5691874816.0,-0.6085542440414429
5692812288.0,-0.6021024584770203
5693749760.0,-0.5931718945503235
5694687744.0,-0.5837271809577942
5695625216.0,-0.5725697875022888
5696562688.0,-0.5608347654342651
5697500160.0,-0.54646897315979
5698437632.0,-0.5320093631744385
5699375104.0,-0.5171855688095093
5700312576.0,-0.5020209550857544
5701250048.0,-0.48781102895736694
5702187520.0,-0.47285887598991394
5703124992.0,-0.45868226885795593
5704062464.0,-0.44454890489578247
5704999936.0,-0.4318855106830597
5705937408.0,-0.4019603729248047
5706874880.0,-0.3991965353488922
5707812352.0,-0.39820900559425354
5708749824.0,-0.3970400393009186
5709687296.0,-0.39523711800575256
5710624768.0,-0.3942744731903076
5711562752.0,-0.3935130536556244
5712500224.0,-0.39139342308044434
5713437696.0,-0.3901737630367279
5714375168.0,-0.3887709975242615
5715312640.0,-0.3853350877761841
5716250112.0,-0.38222792744636536
5717187584.0,-0.3780990540981293
5718125056.0,-0.37355560064315796
5719062528.0,-0.368389368057251
5720000000.0,-0.36213263869285583
5720937472.0,-0.3548210561275482
5721874944.0,-0.34861066937446594
5722812416.0,-0.34096506237983704
5723749888.0,-0.33295997977256775
5724687360.0,-0.3248741626739502
5725624832.0,-0.3176669776439667
5726562304.0,-0.3098127245903015
5727499776.0,-0.30255967378616333
5728437248.0,-0.2964193522930145
5729375232.0,-0.2916797995567322
5730312704.0,-0.2870478332042694
5731250176.0,-0.2842490077018738
5732187648.0,-0.2839539349079132
5733125120.0,-0.2843919098377228
5734062592.0,-0.286908358335495
5735000064.0,-0.29248857498168945
5735937536.0,-0.297773152589798
5736875008.0,-0.30584239959716797
5737812480.0,-0.3156583607196808
5738749952.0,-0.3276568651199341
5739687424.0,-0.3399512469768524
5740624896.0,-0.3532615900039673
5741562368.0,-0.366752952337265
5742499840.0,-0.37999477982521057
5743437312.0,-0.39223119616508484
5744374784.0,-0.4040359556674957
5745312256.0,-0.4129534065723419
5746250240.0,-0.42021626234054565
5747187712.0,-0.4245810806751251
5748125184.0,-0.4274236857891083
5749062656.0,-0.42805102467536926
5750000128.0,-0.42441868782043457
5750937600.0,-0.41979703307151794
5751875072.0,-0.4132939577102661
5752812544.0,-0.4060436487197876
5753750016.0,-0.3963996469974518
5754687488.0,-0.3866322636604309
5755624960.0,-0.3757214844226837
5756562432.0,-0.36595419049263
5757499904.0,-0.35582980513572693
5758437376.0,-0.3460901975631714
5759374848.0,-0.3376150131225586
5760312320.0,-0.32982781529426575
5761249792.0,-0.32457518577575684
5762187264.0,-0.3191944658756256
5763125248.0,-0.3154827058315277
5764062720.0,-0.31286847591400146
5765000192.0,-0.30848073959350586
5765937664.0,-0.24027732014656067
5766875136.0,-0.24252437055110931
5767812608.0,-0.24557481706142426
5768750080.0,-0.24960575997829437
5769687552.0,-0.25352588295936584
5770625024.0,-0.25830593705177307
5771562496.0,-0.26354849338531494
5772499968.0,-0.26792508363723755
5773437440.0,-0.27416640520095825
5774374912.0,-0.281706303358078
5775312384.0,-0.28750064969062805
5776249856.0,-0.29436197876930237
5777187328.0,-0.3012542128562927
5778124800.0,-0.3084942698478699
5779062272.0,-0.3150938153266907
5779999744.0,-0.32118096947669983
5780937728.0,-0.32831817865371704
5781875200.0,-0.33474209904670715
5782812672.0,-0.3406134247779846
5783750144.0,-0.34522536396980286
5784687616.0,-0.35043641924858093
5785625088.0,-0.353623628616333
5786562560.0,-0.35798949003219604
5787500032.0,-0.3603118658065796
5788437504.0,-0.36289340257644653
5789374976.0,-0.3603649437427521
5790312448.0,-0.35965725779533386
5791249920.0,-0.35654059052467346
5792187392.0,-0.3530822992324829
5793124864.0,-0.3483055830001831
5794062336.0,-0.3424229323863983
5794999808.0,-0.3360408842563629
5795937280.0,-0.32795700430870056
5796874752.0,-0.32050350308418274
5797812736.0,-0.3120197653770447
5798750208.0,-0.30293408036231995
5799687680.0,-0.29047825932502747
5800625152.0,-0.28006988763809204
5801562624.0,-0.2673625349998474
5802500096.0,-0.25439226627349854
5803437568.0,-0.24112088978290558
5804375040.0,-0.22701944410800934
5805312512.0,-0.2113037109375
5806249984.0,-0.1976015418767929
5807187456.0,-0.18202544748783112
5808124928.0,-0.16585543751716614
5809062400.0,-0.15023335814476013
5809999872.0,-0.13520725071430206
5810937344.0,-0.11977322399616241
5811874816.0,-0.10574564337730408
5812812288.0,-0.09119301289319992
5813749760.0,-0.07825888693332672
5814687744.0,-0.06564322859048843
5815625216.0,-0.05232764407992363
5816562688.0,-0.040348298847675323
5817500160.0,-0.02916509285569191
5818437632.0,-0.018285563215613365
5819375104.0,-0.00842626765370369
5820312576.0,0.0006032292731106281
5821250048.0,0.009047777391970158
5822187520.0,0.016709469258785248
5823124992.0,0.023202605545520782
5824062464.0,0.02907196432352066
5824999936.0,0.03430553898215294
5825937408.0,-0.1583092212677002
5826874880.0,-0.16330589354038239
5827812352.0,-0.16599464416503906
5828749824.0,-0.16712987422943115
5829687296.0,-0.1676626354455948
5830624768.0,-0.16674447059631348
5831562752.0,-0.1646132916212082
5832500224.0,-0.16166280210018158
5833437696.0,-0.15858455002307892
5834375168.0,-0.1546344757080078
5835312640.0,-0.15062125027179718
5836250112.0,-0.14711590111255646
5837187584.0,-0.14356565475463867
5838125056.0,-0.14047332108020782
5839062528.0,-0.1376485526561737
5840000000.0,-0.13749344646930695
5840937472.0,-0.13783632218837738
5841874944.0,-0.13904115557670593
5842812416.0,-0.14118610322475433
5843749888.0,-0.1445460021495819
5844687360.0,-0.14917953312397003
5845624832.0,-0.15424896776676178
5846562304.0,-0.16104565560817719
5847499776.0,-0.1667565405368805
5848437248.0,-0.17572824656963348
5849375232.0,-0.1826835572719574
5850312704.0,-0.19201503694057465
5851250176.0,-0.20059050619602203
5852187648.0,-0.2090514600276947
5853125120.0,-0.21917875111103058
5854062592.0,-0.22819583117961884
5855000064.0,-0.23621302843093872
5855937536.0,-0.2442270815372467
5856875008.0,-0.25232866406440735
5857812480.0,-0.2576233446598053
5858749952.0,-0.2620132565498352
5859687424.0,-0.26432690024375916
5860624896.0,-0.2646844685077667
5861562368.0,-0.2645636796951294
5862499840.0,-0.2613389194011688
5863437312.0,-0.25707730650901794
5864374784.0,-0.24913589656352997
5865312256.0,-0.2431785762310028
5866250240.0,-0.23281347751617432
5867187712.0,-0.2229645550251007
5868125184.0,-0.21129938960075378
5869062656.0,-0.19958288967609406
5870000128.0,-0.18685030937194824
5870937600.0,-0.17373569309711456
5871875072.0,-0.16144223511219025
5872812544.0,-0.14996540546417236
5873750016.0,-0.13923513889312744
5874687488.0,-0.12991240620613098
5875624960.0,-0.12177986651659012
5876562432.0,-0.11579830944538116
5877499904.0,-0.11160503327846527
5878437376.0,-0.11002279818058014
5879374848.0,-0.109589122235775
5880312320.0,-0.11146005988121033
5881249792.0,-0.11409787833690643
5882187264.0,-0.11909139156341553
5883125248.0,-0.12597188353538513
5884062720.0,-0.13446815311908722
5885000192.0,-0.1445741206407547
5885937664.0,-0.08375575393438339
5886875136.0,-0.08963140100240707
5887812608.0,-0.09680540859699249
5888750080.0,-0.10430014878511429
5889687552.0,-0.11295413225889206
5890625024.0,-0.12062889337539673
5891562496.0,-0.12960945069789886
5892499968.0,-0.13816174864768982
5893437440.0,-0.14782875776290894
5894374912.0,-0.1570560336112976
5895312384.0,-0.16648393869400024
5896249856.0,-0.1763940453529358
5897187328.0,-0.18538197875022888
5898124800.0,-0.19503390789031982
5899062272.0,-0.2041545957326889
5900000256.0,-0.2133454531431198
5900937728.0,-0.2232077717781067
5901875200.0,-0.23186203837394714
5902812672.0,-0.24115805327892303
5903750144.0,-0.25042322278022766
5904687616.0,-0.2582554519176483
5905625088.0,-0.26847749948501587
5906562560.0,-0.27733898162841797
5907500032.0,-0.28501003980636597
5908437504.0,-0.29246604442596436
5909374976.0,-0.3000178933143616
5910312448.0,-0.3055734634399414
5911249920.0,-0.31188705563545227
5912187392.0,-0.31802937388420105
5913124864.0,-0.3220595121383667
5914062336.0,-0.3268938958644867
5914999808.0,-0.33187469840049744
5915937280.0,-0.33420753479003906
5916874752.0,-0.33666008710861206
5917812736.0,-0.33843478560447693
5918750208.0,-0.33843860030174255
5919687680.0,-0.33983227610588074
5920625152.0,-0.33977875113487244
5921562624.0,-0.33817222714424133
5922500096.0,-0.33661723136901855
5923437568.0,-0.33369413018226624
5924375040.0,-0.3285658657550812
5925312512.0,-0.32310861349105835
5926249984.0,-0.31669268012046814
5927187456.0,-0.30894526839256287
5928124928.0,-0.2992863357067108
5929062400.0,-0.2902151942253113
5929999872.0,-0.27742958068847656
5930937344.0,-0.26440295577049255
5931874816.0,-0.2509145438671112
5932812288.0,-0.23682957887649536
5933749760.0,-0.22065962851047516
5934687744.0,-0.20404382050037384
5935625216.0,-0.18683241307735443
5936562688.0,-0.1698070764541626
5937500160.0,-0.15227796137332916
5938437632.0,-0.1340484768152237
5939375104.0,-0.11628133058547974
5940312576.0,-0.09900768846273422
5941250048.0,-0.0829097330570221
5942187520.0,-0.06670836359262466
5943124992.0,-0.051957868039608
5944062464.0,-0.039204277098178864
5944999936.0,-0.027734551578760147
5945937408.0,-0.138874813914299
5946874880.0,-0.14723560214042664
5947812352.0,-0.15904898941516876
5948749824.0,-0.171947181224823
5949687296.0,-0.18563058972358704
5950624768.0,-0.20186375081539154
5951562752.0,-0.21821177005767822
5952500224.0,-0.23608556389808655
5953437696.0,-0.2543477416038513
5954375168.0,-0.27447590231895447
5955312640.0,-0.294699490070343
5956250112.0,-0.31499263644218445
5957187584.0,-0.3344661295413971
5958125056.0,-0.3542563319206238
5959062528.0,-0.3734416365623474
5960000000.0,-0.39136698842048645
5960937472.0,-0.40898334980010986
5961874944.0,-0.42442360520362854
5962812416.0,-0.43762513995170593
5963749888.0,-0.4500986933708191
5964687360.0,-0.4578683078289032
5965624832.0,-0.4636038839817047
5966562304.0,-0.4659161865711212
5967499776.0,-0.4657959043979645
5968437248.0,-0.45983976125717163
5969375232.0,-0.4525919556617737
5970312704.0,-0.440626859664917
5971250176.0,-0.4272865951061249
5972187648.0,-0.4101544916629791
5973125120.0,-0.39128577709198
5974062592.0,-0.36934560537338257
5975000064.0,-0.3464841842651367
5975937536.0,-0.3221886157989502
5976875008.0,-0.2967039942741394
5977812480.0,-0.27122873067855835
5978749952.0,-0.2463860660791397
5979687424.0,-0.22283366322517395
5980624896.0,-0.20027214288711548
5981562368.0,-0.1787395030260086
5982499840.0,-0.15940888226032257
5983437312.0,-0.14222770929336548
5984374784.0,-0.1273830533027649
5985312256.0,-0.11417075246572495
5986250240.0,-0.10496734827756882
5987187712.0,-0.09684758633375168
5988125184.0,-0.09220489114522934
5989062656.0,-0.08960815519094467
5990000128.0,-0.08949604630470276
5990937600.0,-0.09179840981960297
5991875072.0,-0.0956210047006607
5992812544.0,-0.10170229524374008
5993750016.0,-0.10912539064884186
5994687488.0,-0.11674699187278748
5995624960.0,-0.12557090818881989
5996562432.0,-0.13353154063224792
5997499904.0,-0.1422661691904068
5998437376.0,-0.1501055508852005
5999374848.0,-0.15858037769794464
6000312320.0,-0.16648565232753754
6001249792.0,-0.1739158034324646
6002187264.0,-0.18053606152534485
6003125248.0,-0.18779191374778748
6004062720.0,-0.1912073791027069
6005000192.0,-0.15409226715564728
6005937664.0,-0.1611732691526413
6006875136.0,-0.1683463305234909
6007812608.0,-0.176580548286438
6008750080.0,-0.18560117483139038
6009687552.0,-0.19475509226322174
6010625024.0,-0.20527265965938568
6011562496.0,-0.21750056743621826
6012499968.0,-0.22971418499946594
6013437440.0,-0.24148425459861755
6014374912.0,-0.2554948031902313
6015312384.0,-0.26900070905685425
6016249856.0,-0.28239426016807556
6017187328.0,-0.29534977674484253
6018124800.0,-0.3085070848464966
6019062272.0,-0.32065337896347046
6019999744.0,-0.3317544460296631
6020937728.0,-0.3437081575393677
6021875200.0,-0.3531460762023926
6022812672.0,-0.3638817369937897
6023750144.0,-0.37215957045555115
6024687616.0,-0.37886708974838257
6025625088.0,-0.38357001543045044
6026562560.0,-0.38785678148269653
6027500032.0,-0.38967370986938477
6028437504.0,-0.3908251225948334
6029374976.0,-0.3888110816478729
6030312448.0,-0.3868325650691986
6031249920.0,-0.3814324736595154
6032187392.0,-0.37612444162368774
6033124864.0,-0.36939412355422974
6034062336.0,-0.3608458340167999
6034999808.0,-0.3521449565887451
6035937280.0,-0.34249234199523926
6036874752.0,-0.3325340449810028
6037812736.0,-0.32245802879333496
6038750208.0,-0.311240553855896
6039687680.0,-0.30127614736557007
6040625152.0,-0.2905574440956116
6041562624.0,-0.2810872793197632
6042500096.0,-0.26993033289909363
6043437568.0,-0.26065492630004883
6044375040.0,-0.25157901644706726
6045312512.0,-0.2433312088251114
6046249984.0,-0.23491086065769196
6047187456.0,-0.22826628386974335
6048124928.0,-0.22225704789161682
6049062400.0,-0.21808505058288574
6049999872.0,-0.21511997282505035
6050937344.0,-0.2119952291250229
6051874816.0,-0.21147292852401733
6052812288.0,-0.21128323674201965
6053749760.0,-0.21161845326423645
6054687744.0,-0.2125084400177002
6055625216.0,-0.21428479254245758
6056562688.0,-0.21756821870803833
6057500160.0,-0.2217974215745926
6058437632.0,-0.22568126022815704
6059375104.0,-0.2303711473941803
6060312576.0,-0.2342315912246704
6061250048.0,-0.23986925184726715
6062187520.0,-0.2444402426481247
6063124992.0,-0.2500995993614197
6064062464.0,-0.2548350989818573
6064999936.0,-0.16432400047779083
6065937408.0,-0.18492045998573303
6066874880.0,-0.20643264055252075
6067812352.0,-0.22713203728199005
6068749824.0,-0.24671846628189087
6069687296.0,-0.26554635167121887
6070624768.0,-0.2842762768268585
6071562752.0,-0.30190610885620117
6072500224.0,-0.32020026445388794
6073437696.0,-0.3370957672595978
6074375168.0,-0.353395938873291
6075312640.0,-0.36791473627090454
6076250112.0,-0.38146111369132996
6077187584.0,-0.3941553235054016
6078125056.0,-0.40431439876556396
6079062528.0,-0.41412976384162903
6080000000.0,-0.4229934513568878
6080937472.0,-0.4292275309562683
6081874944.0,-0.43386369943618774
6082812416.0,-0.43719103932380676
6083749888.0,-0.439851313829422
6084687360.0,-0.439075231552124
6085624832.0,-0.4391147196292877
6086562304.0,-0.43576690554618835
6087499776.0,-0.4313889443874359
6088437248.0,-0.4261581301689148
6089375232.0,-0.41978663206100464
6090312704.0,-0.41286149621009827
6091250176.0,-0.4037618339061737
6092187648.0,-0.3960207998752594
6093125120.0,-0.38538259267807007
6094062592.0,-0.3737853765487671
6095000064.0,-0.3622804880142212
6095937536.0,-0.3480474054813385
6096875008.0,-0.33591848611831665
6097812480.0,-0.32218819856643677
6098749952.0,-0.30896371603012085
6099687424.0,-0.29394909739494324
6100624896.0,-0.27981022000312805
6101562368.0,-0.2652665674686432
6102499840.0,-0.24994531273841858
6103437312.0,-0.23535524308681488
6104374784.0,-0.2206898182630539
6105312256.0,-0.20583920180797577
6106250240.0,-0.19228875637054443
6107187712.0,-0.1787101924419403
6108125184.0,-0.1664915829896927
6109062656.0,-0.15297837555408478
6110000128.0,-0.14126500487327576
6110937600.0,-0.1299472600221634
6111875072.0,-0.1189296767115593
6112812544.0,-0.10917063802480698
6113750016.0,-0.10001809149980545
6114687488.0,-0.09190148860216141
6115624960.0,-0.08423008769750595
6116562432.0,-0.07816261053085327
6117499904.0,-0.07251289486885071
6118437376.0,-0.06999706476926804
6119374848.0,-0.06970378756523132
6120312320.0,-0.07221920043230057
6121249792.0,-0.0748557299375534
6122187264.0,-0.08023086190223694
6123125248.0,-0.08674035966396332
6124062720.0,-0.09589359909296036
6125000192.0,-0.14893653988838196
6125937664.0,-0.1656215339899063
6126875136.0,-0.18169665336608887
6127812608.0,-0.19831761717796326
6128750080.0,-0.2151341289281845
6129687552.0,-0.23111547529697418
6130625024.0,-0.2494032233953476
6131562496.0,-0.2659376561641693
6132499968.0,-0.28280189633369446
6133437440.0,-0.298897385597229
6134374912.0,-0.31609296798706055
6135312384.0,-0.33252766728401184
6136249856.0,-0.34883177280426025
6137187328.0,-0.3636714220046997
6138124800.0,-0.3780333399772644
6139062272.0,-0.3910738527774811
6140000256.0,-0.40435659885406494
6140937728.0,-0.4151286482810974
6141875200.0,-0.42578670382499695
6142812672.0,-0.4345479905605316
6143750144.0,-0.44121065735816956
6144687616.0,-0.44996023178100586
6145625088.0,-0.45606860518455505
6146562560.0,-0.4616503417491913
6147500032.0,-0.465538889169693
6148437504.0,-0.46702301502227783
6149374976.0,-0.46603748202323914
6150312448.0,-0.4643750488758087
6151249920.0,-0.4609653651714325
6152187392.0,-0.4554305970668793
6153124864.0,-0.44845494627952576
6154062336.0,-0.4408275783061981
6154999808.0,-0.43114593625068665
6155937280.0,-0.4199899137020111
6156874752.0,-0.4095727205276489
6157812736.0,-0.39610931277275085
6158750208.0,-0.3832587003707886
6159687680.0,-0.36884844303131104
6160625152.0,-0.3554229140281677
6161562624.0,-0.340281218290329
6162500096.0,-0.3259328603744507
6163437568.0,-0.3117709457874298
6164375040.0,-0.29619207978248596
6165312512.0,-0.2817736268043518
6166249984.0,-0.26697656512260437
6167187456.0,-0.2529006600379944
6168124928.0,-0.24002717435359955
6169062400.0,-0.22583581507205963
6169999872.0,-0.21113646030426025
6170937344.0,-0.19714875519275665
6171874816.0,-0.18378204107284546
6172812288.0,-0.17070916295051575
6173749760.0,-0.16011233627796173
6174687744.0,-0.1497863382101059
6175625216.0,-0.13987646996974945
6176562688.0,-0.13117378950119019
6177500160.0,-0.12514930963516235
6178437632.0,-0.11864189058542252
6179375104.0,-0.11482041329145432
6180312576.0,-0.11273673921823502
6181250048.0,-0.11141502857208252
6182187520.0,-0.11354329437017441
6183124992.0,-0.11665934324264526
6184062464.0,-0.12125902622938156
6184999936.0,-0.2698957324028015
6185937408.0,-0.28648656606674194
6186874880.0,-0.3034142851829529
6187812352.0,-0.32035359740257263
6188749824.0,-0.3387450575828552
6189687296.0,-0.356074720621109
6190624768.0,-0.3730977475643158
6191562752.0,-0.38926729559898376
6192500224.0,-0.4041147530078888
6193437696.0,-0.4186795651912689
6194375168.0,-0.4312082827091217
6195312640.0,-0.44171857833862305
6196250112.0,-0.44944512844085693
6197187584.0,-0.4576610326766968
6198125056.0,-0.46262845396995544
6199062528.0,-0.4673127830028534
6200000000.0,-0.4713582694530487
6200937472.0,-0.47413402795791626
6201874944.0,-0.4769989252090454
6202812416.0,-0.479096382856369
6203749888.0,-0.48173147439956665
6204687360.0,-0.48414039611816406
6205624832.0,-0.4871830940246582
6206562304.0,-0.49187028408050537
6207499776.0,-0.49637699127197266
6208437248.0,-0.502998948097229
6209375232.0,-0.5113829970359802
6210312704.0,-0.5176702737808228
6211250176.0,-0.5264079570770264
6212187648.0,-0.5336167812347412
6213125120.0,-0.5385110974311829
6214062592.0,-0.544242262840271
6215000064.0,-0.5439445972442627
6215937536.0,-0.5375447273254395
6216875008.0,-0.5305099487304688
6217812480.0,-0.5212536454200745
6218749952.0,-0.5112972259521484
6219687424.0,-0.49975457787513733
6220624896.0,-0.4856598377227783
6221562368.0,-0.4723561108112335
6222499840.0,-0.4577573537826538
6223437312.0,-0.4445287585258484
6224374784.0,-0.4305783212184906
6225312256.0,-0.416903555393219
6226250240.0,-0.4051620364189148
6227187712.0,-0.3942950963973999
6228125184.0,-0.3844199478626251
6229062656.0,-0.37634971737861633
6230000128.0,-0.3662813901901245
6230937600.0,-0.35827410221099854
6231875072.0,-0.35033705830574036
6232812544.0,-0.34316039085388184
6233750016.0,-0.33584293723106384
6234687488.0,-0.32924407720565796
6235624960.0,-0.32220205664634705
6236562432.0,-0.31692975759506226
6237499904.0,-0.31020432710647583
6238437376.0,-0.3033866882324219
6239374848.0,-0.2960605323314667
6240312320.0,-0.290114164352417
6241249792.0,-0.28228747844696045
6242187264.0,-0.27566051483154297
6243125248.0,-0.2686305344104767
6244062720.0,-0.26314401626586914
6245000192.0,-0.42870306968688965
6245937664.0,-0.4310561418533325
6246875136.0,-0.4342237114906311
6247812608.0,-0.4391227662563324
6248750080.0,-0.4460149109363556
6249687552.0,-0.45438429713249207
6250625024.0,-0.46654000878334045
6251562496.0,-0.4805198013782501
6252499968.0,-0.4972096085548401
6253437440.0,-0.515980064868927
6254374912.0,-0.5367417335510254
6255312384.0,-0.5587021112442017
6256249856.0,-0.5838843584060669
6257187328.0,-0.6094379425048828
6258124800.0,-0.6363660097122192
6259062272.0,-0.6646185517311096
6259999744.0,-0.6932554841041565
6260937728.0,-0.7191030979156494
6261875200.0,-0.7451064586639404
6262812672.0,-0.7685907483100891
6263750144.0,-0.7929413914680481
6264687616.0,-0.8117629885673523
6265625088.0,-0.8304751515388489
6266562560.0,-0.8452121615409851
6267500032.0,-0.8574286699295044
6268437504.0,-0.8644028306007385
6269374976.0,-0.8695094585418701
6270312448.0,-0.8701000213623047
6271249920.0,-0.8694320917129517
6272187392.0,-0.8642460107803345
6273124864.0,-0.8556424379348755
6274062336.0,-0.8421998620033264
6274999808.0,-0.8265647292137146
6275937280.0,-0.8088139295578003
6276874752.0,-0.7862119674682617
6277812736.0,-0.7629857659339905
6278750208.0,-0.7370180487632751
6279687680.0,-0.7099937796592712
6280625152.0,-0.6821085810661316
6281562624.0,-0.6526554226875305
6282500096.0,-0.6230112910270691
6283437568.0,-0.5940744280815125
6284375040.0,-0.56305992603302
6285312512.0,-0.5341911911964417
6286249984.0,-0.5055080652236938
6287187456.0,-0.4774418771266937
6288124928.0,-0.45087239146232605
6289062400.0,-0.4259186089038849
6289999872.0,-0.4015282392501831
6290937344.0,-0.3805302083492279
6291874816.0,-0.36067864298820496
6292812288.0,-0.3454677164554596
6293749760.0,-0.3303830921649933
6294687744.0,-0.31982922554016113
6295625216.0,-0.3121969401836395
6296562688.0,-0.31193843483924866
6297500160.0,-0.3141452670097351
6298437632.0,-0.320393443107605
6299375104.0,-0.3296014964580536
6300312576.0,-0.34216538071632385
6301250048.0,-0.35669752955436707
6302187520.0,-0.3741861581802368
6303124992.0,-0.3923981189727783
6304062464.0,-0.41433387994766235
6304999936.0,-0.5556390285491943
6305937408.0,-0.576522171497345
6306874880.0,-0.598932683467865
6307812352.0,-0.621460497379303
6308749824.0,-0.6454792618751526
6309687296.0,-0.6694654226303101
6310624768.0,-0.6945978999137878
6311562752.0,-0.7202591896057129
6312500224.0,-0.7447900176048279
6313437696.0,-0.770204484462738
6314375168.0,-0.7940793633460999
6315312640.0,-0.8190639615058899
6316250112.0,-0.842544674873352
6317187584.0,-0.8643695116043091
6318125056.0,-0.8850657343864441
6319062528.0,-0.9036392569541931
6320000000.0,-0.9200233221054077
6320937472.0,-0.9347642660140991
6321874944.0,-0.9487251043319702
6322812416.0,-0.9603459239006042
6323749888.0,-0.969133198261261
6324687360.0,-0.9759941697120667
6325624832.0,-0.9786416888237
6326562304.0,-0.9786729216575623
6327499776.0,-0.975640594959259
6328437248.0,-0.9702339768409729
6329375232.0,-0.9620798826217651
6330312704.0,-0.9520126581192017
6331250176.0,-0.9399378895759583
6332187648.0,-0.9245400428771973
6333125120.0,-0.9082881212234497
6334062592.0,-0.89107745885849
6335000064.0,-0.8713788986206055
6335937536.0,-0.851512610912323
6336875008.0,-0.8293485045433044
6337812480.0,-0.8069266080856323
6338749952.0,-0.7831886410713196
6339687424.0,-0.7601783871650696
6340624896.0,-0.7368633151054382
6341562368.0,-0.7142851948738098
6342499840.0,-0.6916017532348633
6343437312.0,-0.6700108647346497
6344374784.0,-0.6501517295837402
6345312256.0,-0.6306759119033813
6346250240.0,-0.6106037497520447
6347187712.0,-0.5903962254524231
6348125184.0,-0.5718662142753601
6349062656.0,-0.5541308522224426
6350000128.0,-0.5395421981811523
6350937600.0,-0.5255774259567261
6351875072.0,-0.5132104158401489
6352812544.0,-0.5027623772621155
6353750016.0,-0.49474671483039856
6354687488.0,-0.48897987604141235
6355624960.0,-0.48594504594802856
6356562432.0,-0.4854348301887512
6357499904.0,-0.48728886246681213
6358437376.0,-0.4919032156467438
6359374848.0,-0.49906018376350403
6360312320.0,-0.5101685523986816
6361249792.0,-0.5228751301765442
6362187264.0,-0.5382435917854309
6363125248.0,-0.5548062324523926
6364062720.0,-0.5750673413276672
6365000192.0,-0.8396040797233582
6365937664.0,-0.8473241925239563
6366875136.0,-0.8563424944877625
6367812608.0,-0.8643152117729187
6368750080.0,-0.8730679750442505
6369687552.0,-0.8823697566986084
6370625024.0,-0.8933350443840027
6371562496.0,-0.9039336442947388
6372499968.0,-0.9132769107818604
6373437440.0,-0.9231961369514465
6374374912.0,-0.9328426122665405
6375312384.0,-0.9441220164299011
6376249856.0,-0.9535049200057983
6377187328.0,-0.9629784226417542
6378124800.0,-0.9709678888320923
6379062272.0,-0.978997528553009
6380000256.0,-0.9861838817596436
6380937728.0,-0.9923669695854187
6381875200.0,-0.9975877404212952
6382812672.0,-1.0022644996643066
6383750144.0,-1.0073254108428955
6384687616.0,-1.009775161743164
6385625088.0,-1.0117403268814087
6386562560.0,-1.0146384239196777
6387500032.0,-1.0161798000335693
6388437504.0,-1.0179253816604614
6389374976.0,-1.018519639968872
6390312448.0,-1.0186834335327148
6391249920.0,-1.0166356563568115
6392187392.0,-1.0154112577438354
6393124864.0,-1.0140206813812256
6394062336.0,-1.0125372409820557
6394999808.0,-1.0107717514038086
6395937280.0,-1.0092735290527344
6396874752.0,-1.0060255527496338
6397812736.0,-1.0025395154953003
6398750208.0,-0.9983978271484375
6399687680.0,-0.9952813386917114
6400625152.0,-0.9917418956756592
6401562624.0,-0.990257203578949
6402500096.0,-0.9872302412986755
6403437568.0,-0.9870578646659851
6404375040.0,-0.9859153032302856
6405312512.0,-0.9861567616462708
6406249984.0,-0.9879633784294128
6407187456.0,-0.9892774820327759
6408124928.0,-0.992720901966095
6409062400.0,-0.9961893558502197
6409999872.0,-1.0016930103302002
6410937344.0,-1.0071576833724976
6411874816.0,-1.014290690422058
6412812288.0,-1.0203033685684204
6413749760.0,-1.0266036987304688
6414687744.0,-1.0338214635849
6415625216.0,-1.0420284271240234
6416562688.0,-1.050464391708374
6417500160.0,-1.0584872961044312
6418437632.0,-1.06914222240448
6419375104.0,-1.0768287181854248
6420312576.0,-1.086233139038086
6421250048.0,-1.0944850444793701
6422187520.0,-1.1024495363235474
6423124992.0,-1.1070775985717773
6424062464.0,-1.1116126775741577
6424999936.0,-1.125600814819336
6425937408.0,-1.1374077796936035
6426874880.0,-1.1456938982009888
6427812352.0,-1.1552549600601196
6428749824.0,-1.1611173152923584
6429687296.0,-1.16719651222229
6430624768.0,-1.1707344055175781
6431562752.0,-1.1729099750518799
6432500224.0,-1.1733829975128174
6433437696.0,-1.1728893518447876
6434375168.0,-1.1702978610992432
6435312640.0,-1.1674023866653442
6436250112.0,-1.162726879119873
6437187584.0,-1.1572173833847046
6438125056.0,-1.1507009267807007
6439062528.0,-1.142753005027771
6440000000.0,-1.1337028741836548
6440937472.0,-1.1233147382736206
6441874944.0,-1.1121621131896973
6442812416.0,-1.0995465517044067
6443749888.0,-1.0866576433181763
6444687360.0,-1.0744004249572754
6445624832.0,-1.0615185499191284
6446562304.0,-1.0483907461166382
6447499776.0,-1.0360078811645508
6448437248.0,-1.0257236957550049
6449375232.0,-1.0143728256225586
6450312704.0,-1.004420518875122
6451250176.0,-0.9948365688323975
6452187648.0,-0.9862377643585205
6453125120.0,-0.9784661531448364
6454062592.0,-0.9704331159591675
6455000064.0,-0.9645034074783325
6455937536.0,-0.9576285481452942
6456875008.0,-0.9524077773094177
6457812480.0,-0.948236346244812
6458749952.0,-0.9458861947059631
6459687424.0,-0.942053496837616
6460624896.0,-0.9393001794815063
6461562368.0,-0.9358384609222412
6462499840.0,-0.9341278672218323
6463437312.0,-0.9306515455245972
6464374784.0,-0.9288053512573242
6465312256.0,-0.9252962470054626
6466250240.0,-0.9231273531913757
6467187712.0,-0.9195292592048645
6468125184.0,-0.9146619439125061
6469062656.0,-0.911026656627655
6470000128.0,-0.907428503036499
6470937600.0,-0.9028884172439575
6471875072.0,-0.897386908531189
6472812544.0,-0.8913654088973999
6473750016.0,-0.887290358543396
6474687488.0,-0.8841418623924255
6475624960.0,-0.8796082139015198
6476562432.0,-0.877126932144165
6477499904.0,-0.8730650544166565
6478437376.0,-0.8693215847015381
6479374848.0,-0.8670164346694946
6480312320.0,-0.8644577860832214
6481249792.0,-0.8623282313346863
6482187264.0,-0.8591873049736023
6483125248.0,-0.8588701486587524
6484062720.0,-0.8582527041435242
6485000192.0,-0.9613217711448669
6485937664.0,-0.9663135409355164
6486875136.0,-0.9736287593841553
6487812608.0,-0.9780316948890686
6488750080.0,-0.9832795262336731
6489687552.0,-0.9894377589225769
6490625024.0,-0.997231662273407
6491562496.0,-1.0000332593917847
6492499968.0,-1.004019856452942
6493437440.0,-1.0084506273269653
6494374912.0,-1.0116811990737915
6495312384.0,-1.0141841173171997
6496249856.0,-1.0159435272216797
6497187328.0,-1.017963171005249
6498124800.0,-1.0171270370483398
6499062272.0,-1.0164673328399658
6499999744.0,-1.014443039894104
6500937728.0,-1.0110392570495605
6501875200.0,-1.0065897703170776
6502812672.0,-0.9998434782028198
6503750144.0,-0.9943737387657166
6504687616.0,-0.986120879650116
6505625088.0,-0.98011714220047
6506562560.0,-0.9707891345024109
6507500032.0,-0.9624159932136536
6508437504.0,-0.952161967754364
6509374976.0,-0.9428867101669312
6510312448.0,-0.9326223134994507
6511249920.0,-0.9214721322059631
6512187392.0,-0.9098231196403503
6513124864.0,-0.8995792269706726
6514062336.0,-0.88716059923172
6514999808.0,-0.876136064529419
6515937280.0,-0.8655208945274353
6516874752.0,-0.8542882204055786
6517812736.0,-0.8439531326293945
6518750208.0,-0.8354231715202332
6519687680.0,-0.8259742259979248
6520625152.0,-0.8180938363075256
6521562624.0,-0.8110924959182739
6522500096.0,-0.8057715892791748
6523437568.0,-0.8000699281692505
6524375040.0,-0.7965796589851379
6525312512.0,-0.792671799659729
6526249984.0,-0.7904448509216309
6527187456.0,-0.7894507050514221
6528124928.0,-0.7882217168807983
6529062400.0,-0.7874661684036255
6529999872.0,-0.7881470322608948
6530937344.0,-0.7898103594779968
6531874816.0,-0.7916499972343445
6532812288.0,-0.7946539521217346
6533749760.0,-0.7987698316574097
6534687744.0,-0.8026854395866394
6535625216.0,-0.8075858354568481
6536562688.0,-0.8137180209159851
6537500160.0,-0.8204013705253601
6538437632.0,-0.8274034261703491
6539375104.0,-0.8354467153549194
6540312576.0,-0.8436177968978882
6541250048.0,-0.8516215085983276
6542187520.0,-0.858555018901825
6543124992.0,-0.8659936785697937
6544062464.0,-0.8721151947975159
6544999936.0,-0.8663538694381714
6545937408.0,-0.8681095838546753
6546874880.0,-0.8699812293052673
6547812352.0,-0.8729724884033203
6548749824.0,-0.874286949634552
6549687296.0,-0.87799072265625
6550624768.0,-0.8816328048706055
6551562752.0,-0.8864375948905945
6552500224.0,-0.8907325267791748
6553437696.0,-0.8952893018722534
6554375168.0,-0.9006310701370239
6555312640.0,-0.9075067639350891
6556250112.0,-0.9150936603546143
6557187584.0,-0.9229194521903992
6558125056.0,-0.9327901601791382
6559062528.0,-0.9424459934234619
6560000000.0,-0.9529786109924316
6560937472.0,-0.9638524651527405
6561874944.0,-0.9755681753158569
6562812416.0,-0.9872744679450989
6563749888.0,-1.000379204750061
6564687360.0,-1.0129903554916382
6565624832.0,-1.0271227359771729
6566562304.0,-1.0409730672836304
6567499776.0,-1.054439902305603
6568437248.0,-1.0674022436141968
6569375232.0,-1.0795272588729858
6570312704.0,-1.0911372900009155
6571250176.0,-1.1021246910095215
6572187648.0,-1.1124814748764038
6573125120.0,-1.1234208345413208
6574062592.0,-1.1324607133865356
6575000064.0,-1.1413370370864868
6575937536.0,-1.1486533880233765
6576875008.0,-1.156463861465454
6577812480.0,-1.16339910030365
6578749952.0,-1.168094277381897
6579687424.0,-1.1717753410339355
6580624896.0,-1.1743882894515991
6581562368.0,-1.1755545139312744
6582499840.0,-1.1756774187088013
6583437312.0,-1.1755545139312744
6584374784.0,-1.1733272075653076
6585312256.0,-1.1702120304107666
6586250240.0,-1.1681288480758667
6587187712.0,-1.1644458770751953
6588125184.0,-1.1602667570114136
6589062656.0,-1.1549403667449951
6590000128.0,-1.150428056716919
6590937600.0,-1.1459544897079468
6591875072.0,-1.141682744026184
6592812544.0,-1.1369054317474365
6593750016.0,-1.1318663358688354
6594687488.0,-1.1269258260726929
6595624960.0,-1.1228231191635132
6596562432.0,-1.1197999715805054
6597499904.0,-1.1165707111358643
6598437376.0,-1.115053653717041
6599374848.0,-1.1140074729919434
6600312320.0,-1.1130545139312744
6601249792.0,-1.1124110221862793
6602187264.0,-1.1130530834197998
6603125248.0,-1.1141579151153564
6604062720.0,-1.117204189300537
6605000192.0,-1.1166223287582397
6605937664.0,-1.1221516132354736
6606875136.0,-1.1289353370666504
6607812608.0,-1.1352542638778687
6608750080.0,-1.1416460275650024
6609687552.0,-1.1471179723739624
6610625024.0,-1.1508066654205322
6611562496.0,-1.1560648679733276
6612499968.0,-1.1614274978637695
6613437440.0,-1.1656047105789185
6614374912.0,-1.1700235605239868
6615312384.0,-1.1756690740585327
6616249856.0,-1.1802715063095093
6617187328.0,-1.185443639755249
6618124800.0,-1.1917873620986938
6619062272.0,-1.1976070404052734
6620000256.0,-1.203025460243225
6620937728.0,-1.211658000946045
6621875200.0,-1.2189302444458008
6622812672.0,-1.2291103601455688
6623750144.0,-1.2385085821151733
6624687616.0,-1.2504278421401978
6625625088.0,-1.264960527420044
6626562560.0,-1.2839480638504028
6627500032.0,-1.3036774396896362
6628437504.0,-1.3241385221481323
6629374976.0,-1.344233512878418
6630312448.0,-1.3639861345291138
6631249920.0,-1.38469398021698
6632187392.0,-1.4041446447372437
6633124864.0,-1.4248285293579102
6634062336.0,-1.4451600313186646
6634999808.0,-1.4645086526870728
6635937280.0,-1.4847133159637451
6636874752.0,-1.5033823251724243
6637812736.0,-1.523013710975647
6638750208.0,-1.5390229225158691
6639687680.0,-1.5554486513137817
6640625152.0,-1.571168065071106
6641562624.0,-1.584576964378357
6642500096.0,-1.5976784229278564
6643437568.0,-1.6098027229309082
6644375040.0,-1.6198453903198242
6645312512.0,-1.6290711164474487
6646249984.0,-1.6365498304367065
6647187456.0,-1.6416298151016235
6648124928.0,-1.6451530456542969
6649062400.0,-1.649065613746643
6649999872.0,-1.6522574424743652
6650937344.0,-1.6535873413085938
6651874816.0,-1.6580021381378174
6652812288.0,-1.6592974662780762
6653749760.0,-1.6619319915771484
6654687744.0,-1.6639560461044312
6655625216.0,-1.6660329103469849
6656562688.0,-1.66874098777771
6657500160.0,-1.6717588901519775
6658437632.0,-1.675094485282898
6659375104.0,-1.679329514503479
6660312576.0,-1.6855844259262085
6661250048.0,-1.6921356916427612
6662187520.0,-1.7009485960006714
6663124992.0,-1.7126601934432983
6664062464.0,-1.725943684577942
6664999936.0,-1.7429152727127075
6665937408.0,-1.758044958114624
6666874880.0,-1.7731444835662842
6667812352.0,-1.787341594696045
6668749824.0,-1.8003579378128052
6669687296.0,-1.8127416372299194
6670624768.0,-1.8265478610992432
6671562752.0,-1.838733434677124
6672500224.0,-1.8523080348968506
6673437696.0,-1.8635389804840088
6674375168.0,-1.8766580820083618
6675312640.0,-1.8874642848968506
6676250112.0,-1.8977477550506592
6677187584.0,-1.904841423034668
6678125056.0,-1.909557819366455
6679062528.0,-1.915818691253662
6680000000.0,-1.9209221601486206
6680937472.0,-1.9255547523498535
6681874944.0,-1.928744912147522
6682812416.0,-1.931096076965332
6683749888.0,-1.9320597648620605
6684687360.0,-1.9332304000854492
6685624832.0,-1.9333572387695312
6686562304.0,-1.9338372945785522
6687499776.0,-1.9352872371673584
6688437248.0,-1.9375301599502563
6689375232.0,-1.9403631687164307
6690312704.0,-1.9461135864257812
6691250176.0,-1.9536900520324707
6692187648.0,-1.9616868495941162
6693125120.0,-1.9736974239349365
6694062592.0,-1.987200140953064
6695000064.0,-2.000544548034668
6695937536.0,-2.015742301940918
6696875008.0,-2.0301551818847656
6697812480.0,-2.046725034713745
6698749952.0,-2.064209461212158
6699687424.0,-2.0842716693878174
6700624896.0,-2.1064648628234863
6701562368.0,-2.1304662227630615
6702499840.0,-2.1553475856781006
6703437312.0,-2.1814815998077393
6704374784.0,-2.2096283435821533
6705312256.0,-2.2372286319732666
6706250240.0,-2.265885591506958
6707187712.0,-2.292279005050659
6708125184.0,-2.3182015419006348
6709062656.0,-2.3411295413970947
6710000128.0,-2.3644886016845703
6710937600.0,-2.385056734085083
6711875072.0,-2.4033122062683105
6712812544.0,-2.4178225994110107
6713750016.0,-2.4295032024383545
6714687488.0,-2.437570810317993
6715624960.0,-2.443708658218384
6716562432.0,-2.44677734375
6717499904.0,-2.4461545944213867
6718437376.0,-2.4458374977111816
6719374848.0,-2.4438421726226807
6720312320.0,-2.4407596588134766
6721249792.0,-2.439443588256836
6722187264.0,-2.4394121170043945
6723125248.0,-2.4416370391845703
6724062720.0,-2.442617893218994
6725000192.0,-2.4219610691070557
6725937664.0,-2.4275975227355957
6726875136.0,-2.4344356060028076
6727812608.0,-2.4428446292877197
6728750080.0,-2.452150344848633
6729687552.0,-2.4657702445983887
6730625024.0,-2.4780068397521973
6731562496.0,-2.4954161643981934
6732499968.0,-2.512288808822632
6733437440.0,-2.533445119857788
6734374912.0,-2.557147741317749
6735312384.0,-2.583620548248291
6736249856.0,-2.6112053394317627
6737187328.0,-2.639418601989746
6738124800.0,-2.6696417331695557
6739062272.0,-2.7016184329986572
6739999744.0,-2.733318328857422
6740937728.0,-2.7667713165283203
6741875200.0,-2.7992894649505615
6742812672.0,-2.831601858139038
6743750144.0,-2.8642122745513916
6744687616.0,-2.8956429958343506
6745625088.0,-2.9273154735565186
6746562560.0,-2.957840919494629
6747500032.0,-2.9872798919677734
6748437504.0,-3.015160322189331
6749374976.0,-3.039473295211792
6750312448.0,-3.061286211013794
6751249920.0,-3.0813698768615723
6752187392.0,-3.101850986480713
6753124864.0,-3.115708589553833
6754062336.0,-3.1248745918273926
6754999808.0,-3.130976915359497
6755937280.0,-3.1335818767547607
6756874752.0,-3.132903575897217
6757812736.0,-3.127856969833374
6758750208.0,-3.1180756092071533
6759687680.0,-3.103426933288574
6760625152.0,-3.0826528072357178
6761562624.0,-3.0578267574310303
6762500096.0,-3.0274529457092285
6763437568.0,-2.9932475090026855
6764375040.0,-2.9548232555389404
6765312512.0,-2.9126622676849365
6766249984.0,-2.865753173828125
6767187456.0,-2.8144330978393555
6768124928.0,-2.7596945762634277
6769062400.0,-2.70002818107605
6769999872.0,-2.639478921890259
6770937344.0,-2.5761237144470215
6771874816.0,-2.512136697769165
6772812288.0,-2.4485673904418945
6773749760.0,-2.3868837356567383
6774687744.0,-2.328019618988037
6775625216.0,-2.2706382274627686
6776562688.0,-2.2136006355285645
6777500160.0,-2.1602718830108643
6778437632.0,-2.1123480796813965
6779375104.0,-2.068072557449341
6780312576.0,-2.0265793800354004
6781250048.0,-1.9889633655548096
6782187520.0,-1.9561500549316406
6783124992.0,-1.9253697395324707
6784062464.0,-1.8997567892074585
6784999936.0,-2.355154037475586
6785937408.0,-2.3361079692840576
6786874880.0,-2.316333055496216
6787812352.0,-2.2981035709381104
6788749824.0,-2.280766248703003
6789687296.0,-2.2657856941223145
6790624768.0,-2.2531135082244873
6791562752.0,-2.2427589893341064
6792500224.0,-2.2367770671844482
6793437696.0,-2.2328500747680664
6794375168.0,-2.2318434715270996
6795312640.0,-2.2332394123077393
6796250112.0,-2.235128879547119
6797187584.0,-2.2399041652679443
6798125056.0,-2.245567798614502
6799062528.0,-2.2531070709228516
6800000000.0,-2.260324239730835
6800937472.0,-2.267875909805298
6801874944.0,-2.277414321899414
6802812416.0,-2.2876780033111572
6803749888.0,-2.3023951053619385
6804687360.0,-2.317739486694336
6805624832.0,-2.33408784866333
6806562304.0,-2.3522472381591797
6807499776.0,-2.370496988296509
6808437248.0,-2.3919034004211426
6809375232.0,-2.4099433422088623
6810312704.0,-2.428189992904663
6811250176.0,-2.4432859420776367
6812187648.0,-2.457940101623535
6813125120.0,-2.468637228012085
6814062592.0,-2.4768717288970947
6815000064.0,-2.4826548099517822
6815937536.0,-2.487335205078125
6816875008.0,-2.4893858432769775
6817812480.0,-2.49003529548645
6818749952.0,-2.4859724044799805
6819687424.0,-2.4799482822418213
6820624896.0,-2.470679759979248
6821562368.0,-2.4580163955688477
6822499840.0,-2.4410858154296875
6823437312.0,-2.4208056926727295
6824374784.0,-2.397977113723755
6825312256.0,-2.36978816986084
6826250240.0,-2.3403213024139404
6827187712.0,-2.3073670864105225
6828125184.0,-2.2721118927001953
6829062656.0,-2.2350456714630127
6830000128.0,-2.1959574222564697
6830937600.0,-2.1558756828308105
6831875072.0,-2.1141650676727295
6832812544.0,-2.0710816383361816
6833750016.0,-2.027798652648926
6834687488.0,-1.9832030534744263
6835624960.0,-1.9395941495895386
6836562432.0,-1.896801471710205
6837499904.0,-1.8540486097335815
6838437376.0,-1.8145948648452759
6839374848.0,-1.7762925624847412
6840312320.0,-1.740823745727539
6841249792.0,-1.706163763999939
6842187264.0,-1.6750715970993042
6843125248.0,-1.64496648311615
6844062720.0,-1.6182844638824463
6845000192.0,-1.5134191513061523
6845937664.0,-1.4859669208526611
6846875136.0,-1.4611228704452515
6847812608.0,-1.438664197921753
6848750080.0,-1.420093059539795
6849687552.0,-1.4046989679336548
6850625024.0,-1.3920652866363525
6851562496.0,-1.3835362195968628
6852499968.0,-1.3777052164077759
6853437440.0,-1.3752260208129883
6854374912.0,-1.3750873804092407
6855312384.0,-1.3768250942230225
6856249856.0,-1.3824107646942139
6857187328.0,-1.3915295600891113
6858124800.0,-1.404446005821228
6859062272.0,-1.4171451330184937
6860000256.0,-1.4316318035125732
6860937728.0,-1.4479576349258423
6861875200.0,-1.465498685836792
6862812672.0,-1.483536720275879
6863750144.0,-1.5003200769424438
6864687616.0,-1.5211992263793945
6865625088.0,-1.5390007495880127
6866562560.0,-1.5577070713043213
6867500032.0,-1.5756114721298218
6868437504.0,-1.5919628143310547
6869374976.0,-1.606173038482666
6870312448.0,-1.6191433668136597
6871249920.0,-1.6299504041671753
6872187392.0,-1.6379770040512085
6873124864.0,-1.6452033519744873
6874062336.0,-1.6498876810073853
6874999808.0,-1.6521365642547607
6875937280.0,-1.6516274213790894
6876874752.0,-1.6481022834777832
6877812736.0,-1.6415942907333374
6878750208.0,-1.63090980052948
6879687680.0,-1.6201106309890747
6880625152.0,-1.6052546501159668
6881562624.0,-1.5877350568771362
6882500096.0,-1.5680445432662964
6883437568.0,-1.545219898223877
6884375040.0,-1.5214853286743164
6885312512.0,-1.4955425262451172
6886249984.0,-1.4675967693328857
6887187456.0,-1.4377211332321167
6888124928.0,-1.4080554246902466
6889062400.0,-1.378075361251831
6889999872.0,-1.346933364868164
6890937344.0,-1.3149137496948242
6891874816.0,-1.2835692167282104
6892812288.0,-1.252634048461914
6893749760.0,-1.2204457521438599
6894687744.0,-1.190278172492981
6895625216.0,-1.1611260175704956
6896562688.0,-1.1321574449539185
6897500160.0,-1.1033453941345215
6898437632.0,-1.0761827230453491
6899375104.0,-1.0521793365478516
6900312576.0,-1.0292572975158691
6901250048.0,-1.0081433057785034
6902187520.0,-0.9897727966308594
6903124992.0,-0.9734246134757996
6904062464.0,-0.9585363268852234
6904999936.0,-0.9704750776290894
6905937408.0,-0.9681261777877808
6906874880.0,-0.9683668613433838
6907812352.0,-0.9705867767333984
6908749824.0,-0.9730414152145386
6909687296.0,-0.9773244261741638
6910624768.0,-0.9805439710617065
6911562752.0,-0.9849695563316345
6912500224.0,-0.988680899143219
6913437696.0,-0.9934024214744568
6914375168.0,-0.997758686542511
6915312640.0,-1.0017050504684448
6916250112.0,-1.0056370496749878
6917187584.0,-1.0081638097763062
6918125056.0,-1.0099446773529053
6919062528.0,-1.0102981328964233
6920000000.0,-1.0091303586959839
6920937472.0,-1.0063656568527222
6921874944.0,-1.0014158487319946
6922812416.0,-0.9941923022270203
6923749888.0,-0.9842687845230103
6924687360.0,-0.9730947613716125
6925624832.0,-0.9610548615455627
6926562304.0,-0.9450322389602661
6927499776.0,-0.9292985200881958
6928437248.0,-0.9121188521385193
6929375232.0,-0.8946285843849182
6930312704.0,-0.8746166229248047
6931250176.0,-0.854568600654602
6932187648.0,-0.8324482440948486
6933125120.0,-0.810225248336792
6934062592.0,-0.7882211208343506
6935000064.0,-0.7657146453857422
6935937536.0,-0.7446318864822388
6936875008.0,-0.7228500843048096
6937812480.0,-0.7012494206428528
6938749952.0,-0.6804275512695312
6939687424.0,-0.6598888039588928
6940624896.0,-0.6413971185684204
6941562368.0,-0.6237245202064514
6942499840.0,-0.6067906618118286
6943437312.0,-0.5924678444862366
6944374784.0,-0.5791457295417786
6945312256.0,-0.5687665343284607
6946250240.0,-0.5593857765197754
6947187712.0,-0.5514190793037415
6948125184.0,-0.5457006692886353
6949062656.0,-0.5415964126586914
6950000128.0,-0.5393110513687134
6950937600.0,-0.5386707782745361
6951875072.0,-0.5395032167434692
6952812544.0,-0.5418261289596558
6953750016.0,-0.5436180830001831
6954687488.0,-0.5474688410758972
6955624960.0,-0.5526397228240967
6956562432.0,-0.5608667731285095
6957499904.0,-0.570064127445221
6958437376.0,-0.5791877508163452
6959374848.0,-0.5901778936386108
6960312320.0,-0.6001231670379639
6961249792.0,-0.6117542386054993
6962187264.0,-0.6233193874359131
6963125248.0,-0.6339500546455383
6964062720.0,-0.6451820731163025
6965000192.0,-0.5463690757751465
6965937664.0,-0.5542404055595398
6966875136.0,-0.5640408396720886
6967812608.0,-0.5733456015586853
6968750080.0,-0.5844730138778687
6969687552.0,-0.595166027545929
6970625024.0,-0.6070997714996338
6971562496.0,-0.6165237426757812
6972499968.0,-0.6274803876876831
6973437440.0,-0.6398285627365112
6974374912.0,-0.6515281796455383
6975312384.0,-0.6633161306381226
6976249856.0,-0.6758182644844055
6977187328.0,-0.6878478527069092
6978124800.0,-0.7008841037750244
6979062272.0,-0.7109295129776001
6979999744.0,-0.721813976764679
6980937728.0,-0.7338288426399231
6981875200.0,-0.7440249919891357
6982812672.0,-0.752632737159729
6983750144.0,-0.7614055275917053
6984687616.0,-0.7681973576545715
6985625088.0,-0.7759619951248169
6986562560.0,-0.7814477682113647
6987500032.0,-0.7857747077941895
6988437504.0,-0.789361834526062
6989374976.0,-0.7929514050483704
6990312448.0,-0.7971240878105164
6991249920.0,-0.7965604066848755
6992187392.0,-0.7973306179046631
6993124864.0,-0.7975935935974121
6994062336.0,-0.7953176498413086
6994999808.0,-0.7897376418113708
6995937280.0,-0.7848642468452454
6996874752.0,-0.7784432172775269
6997812736.0,-0.7708736062049866
6998750208.0,-0.7617237567901611
6999687680.0,-0.7523999214172363
7000625152.0,-0.743148922920227
7001562624.0,-0.7315300703048706
7002500096.0,-0.719352662563324
7003437568.0,-0.7063504457473755
7004375040.0,-0.6927796006202698
7005312512.0,-0.6800401210784912
7006249984.0,-0.665864109992981
7007187456.0,-0.651168942451477
7008124928.0,-0.6319814324378967
7009062400.0,-0.6151112914085388
7009999872.0,-0.5969132781028748
7010937344.0,-0.5805414319038391
7011874816.0,-0.5623533725738525
7012812288.0,-0.5471542477607727
7013749760.0,-0.5314598679542542
7014687744.0,-0.5167219042778015
7015625216.0,-0.5013677477836609
7016562688.0,-0.48562106490135193
7017500160.0,-0.4700908958911896
7018437632.0,-0.4569478929042816
7019375104.0,-0.44259515404701233
7020312576.0,-0.4295235574245453
7021250048.0,-0.416891485452652
7022187520.0,-0.40493619441986084
7023124992.0,-0.3935055136680603
7024062464.0,-0.3831346333026886
7024999936.0,-0.3053339719772339
7025937408.0,-0.3096447288990021
7026874880.0,-0.31263235211372375
7027812352.0,-0.3185751140117645
7028749824.0,-0.3252161145210266
7029687296.0,-0.33192694187164307
7030624768.0,-0.34057289361953735
7031562752.0,-0.3506028354167938
7032500224.0,-0.362449049949646
7033437696.0,-0.3755660057067871
7034375168.0,-0.3894043564796448
7035312640.0,-0.40401726961135864
7036250112.0,-0.4175809621810913
7037187584.0,-0.43148598074913025
7038125056.0,-0.44497761130332947
7039062528.0,-0.45975035429000854
7040000000.0,-0.47367212176322937
7040937472.0,-0.489268958568573
7041874944.0,-0.5033646821975708
7042812416.0,-0.518523633480072
7043749888.0,-0.5322809815406799
7044687360.0,-0.545746922492981
7045624832.0,-0.5589871406555176
7046562304.0,-0.5708942413330078
7047499776.0,-0.5816637873649597
7048437248.0,-0.5926600694656372
7049375232.0,-0.6019607186317444
7050312704.0,-0.6113183498382568
7051250176.0,-0.616712212562561
7052187648.0,-0.6223211884498596
7053125120.0,-0.6278513073921204
7054062592.0,-0.6306019425392151
7055000064.0,-0.6305882930755615
7055937536.0,-0.6314454674720764
7056875008.0,-0.6290364861488342
7057812480.0,-0.6280543804168701
7058749952.0,-0.627479612827301
7059687424.0,-0.6240489482879639
7060624896.0,-0.6214743852615356
7061562368.0,-0.6159099340438843
7062499840.0,-0.6092682480812073
7063437312.0,-0.6007790565490723
7064374784.0,-0.5911040902137756
7065312256.0,-0.579534113407135
7066250240.0,-0.568195104598999
7067187712.0,-0.5565062761306763
7068125184.0,-0.5438873171806335
7069062656.0,-0.5307509303092957
7070000128.0,-0.517238199710846
7070937600.0,-0.5032752752304077
7071875072.0,-0.488971084356308
7072812544.0,-0.47352907061576843
7073750016.0,-0.4586830735206604
7074687488.0,-0.4432508945465088
7075624960.0,-0.42753174901008606
7076562432.0,-0.4101087749004364
7077499904.0,-0.39445728063583374
7078437376.0,-0.3777466118335724
7079374848.0,-0.36108940839767456
7080312320.0,-0.34514108300209045
7081249792.0,-0.3283897042274475
7082187264.0,-0.31154102087020874
7083125248.0,-0.29595109820365906
7084062720.0,-0.2809944450855255
7085000192.0,-0.34428834915161133
7085937664.0,-0.3339097201824188
7086875136.0,-0.3236805498600006
7087812608.0,-0.3144987225532532
7088750080.0,-0.3055853843688965
7089687552.0,-0.29741746187210083
7090625024.0,-0.29071512818336487
7091562496.0,-0.28399622440338135
7092499968.0,-0.2786945402622223
7093437440.0,-0.27460649609565735
7094374912.0,-0.2717779874801636
7095312384.0,-0.27089112997055054
7096249856.0,-0.2705276608467102
7097187328.0,-0.2726569175720215
7098124800.0,-0.27538126707077026
7099062272.0,-0.2790537178516388
7100000256.0,-0.28546833992004395
7100937728.0,-0.2919587790966034
7101875200.0,-0.3015463352203369
7102812672.0,-0.3121688961982727
7103750144.0,-0.32497498393058777
7104687616.0,-0.3384521007537842
7105625088.0,-0.3546173870563507
7106562560.0,-0.37197595834732056
7107500032.0,-0.3895109295845032
7108437504.0,-0.4093847870826721
7109374976.0,-0.4308980107307434
7110312448.0,-0.4521145522594452
7111249920.0,-0.4745185673236847
7112187392.0,-0.49723461270332336
7113124864.0,-0.5206369757652283
7114062336.0,-0.542256236076355
7114999808.0,-0.5646505355834961
7115937280.0,-0.5865658521652222
7116874752.0,-0.609233558177948
7117812736.0,-0.6304383873939514
7118750208.0,-0.651138186454773
7119687680.0,-0.6701459288597107
7120625152.0,-0.6888315081596375
7121562624.0,-0.7053458094596863
7122500096.0,-0.7207441329956055
7123437568.0,-0.7336568236351013
7124375040.0,-0.745426595211029
7125312512.0,-0.7549713253974915
7126249984.0,-0.7620890140533447
7127187456.0,-0.7667534947395325
7128124928.0,-0.7699156403541565
7129062400.0,-0.7716978788375854
7129999872.0,-0.7710474133491516
7130937344.0,-0.7677225470542908
7131874816.0,-0.7630000114440918
7132812288.0,-0.7549015283584595
7133749760.0,-0.7450731992721558
7134687744.0,-0.7338739037513733
7135625216.0,-0.7208419442176819
7136562688.0,-0.7050271034240723
7137500160.0,-0.6878091096878052
7138437632.0,-0.6700450778007507
7139375104.0,-0.649223804473877
7140312576.0,-0.6281437277793884
7141250048.0,-0.6065088510513306
7142187520.0,-0.5848748087882996
7143124992.0,-0.5612135529518127
7144062464.0,-0.44828927516937256
7144999936.0,-0.4458840489387512
7145937408.0,-0.442716121673584
7146874880.0,-0.43942970037460327
7147812352.0,-0.4366393983364105
7148749824.0,-0.43350112438201904
7149687296.0,-0.43022921681404114
7150624768.0,-0.42866671085357666
7151562752.0,-0.4269695281982422
7152500224.0,-0.42586246132850647
7153437696.0,-0.4267508387565613
7154375168.0,-0.42845088243484497
7155312640.0,-0.430551677942276
7156250112.0,-0.43608081340789795
7157187584.0,-0.44285258650779724
7158125056.0,-0.45027679204940796
7159062528.0,-0.46017733216285706
7160000000.0,-0.46741461753845215
7160937472.0,-0.4748021364212036
7161874944.0,-0.4819595515727997
7162812416.0,-0.49071627855300903
7163749888.0,-0.4992124140262604
7164687360.0,-0.5085419416427612
7165624832.0,-0.5194019675254822
7166562304.0,-0.5294486880302429
7167499776.0,-0.5396480560302734
7168437248.0,-0.549946129322052
7169375232.0,-0.5577314496040344
7170312704.0,-0.5654049515724182
7171250176.0,-0.5725318789482117
7172187648.0,-0.5775735378265381
7173125120.0,-0.5807715654373169
7174062592.0,-0.5825502276420593
7175000064.0,-0.5836533904075623
7175937536.0,-0.5826640129089355
7176875008.0,-0.5809992551803589
7177812480.0,-0.577544093132019
7178749952.0,-0.5723862648010254
7179687424.0,-0.5662318468093872
7180624896.0,-0.5596444606781006
7181562368.0,-0.550299882888794
7182499840.0,-0.5393598079681396
7183437312.0,-0.5274648666381836
7184374784.0,-0.5152822136878967
7185312256.0,-0.5013601183891296
7186250240.0,-0.48405763506889343
7187187712.0,-0.46648019552230835
7188125184.0,-0.44781118631362915
7189062656.0,-0.42845258116722107
7190000128.0,-0.4094583988189697
7190937600.0,-0.38935160636901855
7191875072.0,-0.3712475597858429
7192812544.0,-0.35176339745521545
7193750016.0,-0.33248546719551086
7194687488.0,-0.31452518701553345
7195624960.0,-0.2969683110713959
7196562432.0,-0.2813536822795868
7197499904.0,-0.26642587780952454
7198437376.0,-0.2536557912826538
7199374848.0,-0.241583913564682
7200312320.0,-0.2329685240983963
7201249792.0,-0.2273552566766739
7202187264.0,-0.22252199053764343
7203125248.0,-0.22011467814445496
7204062720.0,-0.3381013870239258
7205000192.0,-0.3521591126918793
7205937664.0,-0.36972570419311523
7206875136.0,-0.38777875900268555
7207812608.0,-0.41035810112953186
7208750080.0,-0.4338199198246002
7209687552.0,-0.4593413174152374
7210625024.0,-0.4881325364112854
7211562496.0,-0.5202964544296265
7212499968.0,-0.5513477921485901
7213437440.0,-0.5849291086196899
7214374912.0,-0.6198604702949524
7215312384.0,-0.6536179184913635
7216249856.0,-0.6856812238693237
7217187328.0,-0.7179978489875793
7218124800.0,-0.7487301230430603
7219062272.0,-0.7764078378677368
7219999744.0,-0.8035948872566223
7220937728.0,-0.8273755311965942
7221875200.0,-0.8464912176132202
7222812672.0,-0.8631788492202759
7223750144.0,-0.8740752935409546
7224687616.0,-0.8810926079750061
7225625088.0,-0.8841041922569275
7226562560.0,-0.8814484477043152
7227500032.0,-0.8776411414146423
7228437504.0,-0.8668627142906189
7229374976.0,-0.8536885976791382
7230312448.0,-0.8344933390617371
7231249920.0,-0.8128756284713745
7232187392.0,-0.7884889841079712
7233124864.0,-0.7599475383758545
7234062336.0,-0.727188766002655
7234999808.0,-0.6918242573738098
7235937280.0,-0.6539971232414246
7236874752.0,-0.6157658696174622
7237812736.0,-0.5754776000976562
7238750208.0,-0.5349318981170654
7239687680.0,-0.49198421835899353
7240625152.0,-0.4492488205432892
7241562624.0,-0.40667247772216797
7242500096.0,-0.3649287819862366
7243437568.0,-0.32174021005630493
7244375040.0,-0.2809848487377167
7245312512.0,-0.24235878884792328
7246249984.0,-0.2044985145330429
7247187456.0,-0.1675165742635727
7248124928.0,-0.13245996832847595
7249062400.0,-0.09947127103805542
7249999872.0,-0.06935213506221771
7250937344.0,-0.04359406605362892
7251874816.0,-0.020163286477327347
7252812288.0,0.0001045161479851231
7253749760.0,0.015233826823532581
7254687744.0,0.026964707300066948
7255625216.0,0.03486715629696846
7256562688.0,0.038697805255651474
7257500160.0,0.037885408848524094
7258437632.0,0.03365026414394379
7259375104.0,0.02370290271937847
7260312576.0,0.011406389065086842
7261250048.0,-0.006842050235718489
7262187520.0,-0.027530772611498833
7263124992.0,-0.05335400253534317
7264062464.0,-0.2992972433567047
7264999936.0,-0.29673096537590027
7265937408.0,-0.2973880171775818
7266874880.0,-0.3009912669658661
7267812352.0,-0.3076609969139099
7268749824.0,-0.31545108556747437
7269687296.0,-0.3251473009586334
7270624768.0,-0.3382972180843353
7271562752.0,-0.35198143124580383
7272500224.0,-0.36657941341400146
7273437696.0,-0.38182345032691956
7274375168.0,-0.39985865354537964
7275312640.0,-0.4181601107120514
7276250112.0,-0.4348644018173218
7277187584.0,-0.4516635835170746
7278125056.0,-0.46791788935661316
7279062528.0,-0.48448553681373596
7280000000.0,-0.4981604218482971
7280937472.0,-0.5108963847160339
7281874944.0,-0.5224425196647644
7282812416.0,-0.5299672484397888
7283749888.0,-0.5373022556304932
7284687360.0,-0.5419775247573853
7285624832.0,-0.5435392260551453
7286562304.0,-0.5437920689582825
7287499776.0,-0.5428274273872375
7288437248.0,-0.541172444820404
7289375232.0,-0.537514328956604
7290312704.0,-0.5302562713623047
7291250176.0,-0.5215253233909607
7292187648.0,-0.510726809501648
7293125120.0,-0.49887511134147644
7294062592.0,-0.48403534293174744
7295000064.0,-0.4682474136352539
7295937536.0,-0.4509607255458832
7296875008.0,-0.43367332220077515
7297812480.0,-0.41604751348495483
7298749952.0,-0.3960580825805664
7299687424.0,-0.3781966269016266
7300624896.0,-0.36021846532821655
7301562368.0,-0.34084615111351013
7302499840.0,-0.32451197504997253
7303437312.0,-0.3077280521392822
7304374784.0,-0.29250118136405945
7305312256.0,-0.2786753177642822
7306250240.0,-0.2670721411705017
7307187712.0,-0.2556875944137573
7308125184.0,-0.24606692790985107
7309062656.0,-0.23740419745445251
7310000128.0,-0.22967852652072906
7310937600.0,-0.2236158847808838
7311875072.0,-0.2180263251066208
7312812544.0,-0.21553058922290802
7313750016.0,-0.21359886229038239
7314687488.0,-0.2114703506231308
7315624960.0,-0.21013757586479187
7316562432.0,-0.21010160446166992
7317499904.0,-0.2071453183889389
7318437376.0,-0.20495030283927917
7319374848.0,-0.20181742310523987
7320312320.0,-0.19780106842517853
7321249792.0,-0.19199882447719574
7322187264.0,-0.18511061370372772
7323125248.0,-0.1754741221666336
7324062720.0,-0.3176080286502838
7325000192.0,-0.2942042052745819
7325937664.0,-0.27077963948249817
7326875136.0,-0.24437755346298218
7327812608.0,-0.21734938025474548
7328750080.0,-0.18983502686023712
7329687552.0,-0.16206319630146027
7330625024.0,-0.13602343201637268
7331562496.0,-0.11032146960496902
7332499968.0,-0.08778707683086395
7333437440.0,-0.06870893388986588
7334374912.0,-0.052334900945425034
7335312384.0,-0.04140155389904976
7336249856.0,-0.03473246470093727
7337187328.0,-0.033255089074373245
7338124800.0,-0.03537711128592491
7339062272.0,-0.040979571640491486
7340000256.0,-0.05045514553785324
7340937728.0,-0.06381932646036148
7341875200.0,-0.08095435798168182
7342812672.0,-0.10124125331640244
7343750144.0,-0.1256421059370041
7344687616.0,-0.15112529695034027
7345625088.0,-0.1776440441608429
7346562560.0,-0.20346787571907043
7347500032.0,-0.2295859158039093
7348437504.0,-0.25250446796417236
7349374976.0,-0.2738353908061981
7350312448.0,-0.29253560304641724
7351249920.0,-0.306406170129776
7352187392.0,-0.31715190410614014
7353124864.0,-0.3226563036441803
7354062336.0,-0.3231779634952545
7354999808.0,-0.3187572956085205
7355937280.0,-0.309984028339386
7356874752.0,-0.29580843448638916
7357812736.0,-0.27908432483673096
7358750208.0,-0.25631365180015564
7359687680.0,-0.23186883330345154
7360625152.0,-0.20414580404758453
7361562624.0,-0.17409348487854004
7362500096.0,-0.14255021512508392
7363437568.0,-0.11108756810426712
7364375040.0,-0.07753666490316391
7365312512.0,-0.04464634507894516
7366249984.0,-0.015106159262359142
7367187456.0,0.011730567552149296
7368124928.0,0.035643819719552994
7369062400.0,0.05536185950040817
7369999872.0,0.07108653336763382
7370937344.0,0.08117269724607468
7371874816.0,0.09032270312309265
7372812288.0,0.0953778624534607
7373749760.0,0.09853736311197281
7374687744.0,0.10094999521970749
7375625216.0,0.10107449442148209
7376562688.0,0.10121066868305206
7377500160.0,0.09894835948944092
7378437632.0,0.09504871815443039
7379375104.0,0.09085921943187714
7380312576.0,0.08657071739435196
7381250048.0,0.07948515564203262
7382187520.0,0.07263410091400146
7383124992.0,0.06166740506887436
7384062464.0,-0.23512987792491913
7384999936.0,-0.251668244600296
7385937408.0,-0.2672343850135803
7386874880.0,-0.2835794985294342
7387812352.0,-0.2981024384498596
7388749824.0,-0.31174975633621216
7389687296.0,-0.32290056347846985
7390624768.0,-0.33227241039276123
7391562752.0,-0.3381423056125641
7392500224.0,-0.341522753238678
7393437696.0,-0.3410487771034241
7394375168.0,-0.33832764625549316
7395312640.0,-0.3318301737308502
7396250112.0,-0.3216080367565155
7397187584.0,-0.30779820680618286
7398125056.0,-0.28865259885787964
7399062528.0,-0.2698221504688263
7400000000.0,-0.24529846012592316
7400937472.0,-0.21786268055438995
7401874944.0,-0.18890230357646942
7402812416.0,-0.1579158753156662
7403749888.0,-0.12502643465995789
7404687360.0,-0.09044737368822098
7405624832.0,-0.054967377334833145
7406562304.0,-0.01886889711022377
7407499776.0,0.016589835286140442
7408437248.0,0.05260999873280525
7409375232.0,0.08822815865278244
7410312704.0,0.12158817052841187
7411250176.0,0.1537642478942871
7412187648.0,0.18302783370018005
7413125120.0,0.21178404986858368
7414062592.0,0.23700125515460968
7415000064.0,0.2594766914844513
7415937536.0,0.27901822328567505
7416875008.0,0.29646065831184387
7417812480.0,0.3098842203617096
7418749952.0,0.31847700476646423
7419687424.0,0.3248041272163391
7420624896.0,0.3266524374485016
7421562368.0,0.3261372447013855
7422499840.0,0.32010045647621155
7423437312.0,0.3118538558483124
7424374784.0,0.30010560154914856
7425312256.0,0.2840764820575714
7426250240.0,0.2657824158668518
7427187712.0,0.24521981179714203
7428125184.0,0.22114743292331696
7429062656.0,0.19557590782642365
7430000128.0,0.16773675382137299
7430937600.0,0.13725848495960236
7431875072.0,0.10708547383546829
7432812544.0,0.07391966134309769
7433750016.0,0.042214468121528625
7434687488.0,0.008572001941502094
7435624960.0,-0.02360973134636879
7436562432.0,-0.056251250207424164
7437499904.0,-0.08761841058731079
7438437376.0,-0.1164763867855072
7439374848.0,-0.14416396617889404
7440312320.0,-0.17369584739208221
7441249792.0,-0.2011439949274063
7442187264.0,-0.22741597890853882
7443125248.0,-0.24969173967838287
7444062720.0,0.013089585117995739
7445000192.0,-0.002546365838497877
7445937664.0,-0.018764186650514603
7446875136.0,-0.035945240408182144
7447812608.0,-0.05240069702267647
7448750080.0,-0.070234015583992
7449687552.0,-0.08471598476171494
7450625024.0,-0.09870900213718414
7451562496.0,-0.11191599816083908
7452499968.0,-0.12265156209468842
7453437440.0,-0.13313299417495728
7454374912.0,-0.13974350690841675
7455312384.0,-0.1443765014410019
7456249856.0,-0.14764757454395294
7457187328.0,-0.1483909636735916
7458124800.0,-0.14656613767147064
7459062272.0,-0.14236877858638763
7459999744.0,-0.1367436647415161
7460937728.0,-0.1306094080209732
7461875200.0,-0.12108390778303146
7462812672.0,-0.11066681891679764
7463750144.0,-0.10039586573839188
7464687616.0,-0.0885973796248436
7465625088.0,-0.07948876917362213
7466562560.0,-0.07133831828832626
7467500032.0,-0.06353774666786194
7468437504.0,-0.05478651821613312
7469374976.0,-0.047656070441007614
7470312448.0,-0.0422084741294384
7471249920.0,-0.03640447184443474
7472187392.0,-0.03343486785888672
7473124864.0,-0.030549420043826103
7474062336.0,-0.02996734343469143
7474999808.0,-0.02982226014137268
7475937280.0,-0.0312790609896183
7476874752.0,-0.03551982715725899
7477812736.0,-0.03950974717736244
7478750208.0,-0.04733964428305626
7479687680.0,-0.05461685732007027
7480625152.0,-0.06397213786840439
7481562624.0,-0.07375484704971313
7482500096.0,-0.08469482511281967
7483437568.0,-0.09639298170804977
7484375040.0,-0.10875537246465683
7485312512.0,-0.12061632424592972
7486249984.0,-0.13221421837806702
7487187456.0,-0.14481008052825928
7488124928.0,-0.15452799201011658
7489062400.0,-0.16480937600135803
7489999872.0,-0.17337435483932495
7490937344.0,-0.17975851893424988
7491874816.0,-0.1839752495288849
7492812288.0,-0.1862250417470932
7493749760.0,-0.18767260015010834
7494687744.0,-0.1873634159564972
7495625216.0,-0.18292267620563507
7496562688.0,-0.17859627306461334
7497500160.0,-0.17274487018585205
7498437632.0,-0.1639159470796585
7499375104.0,-0.15480177104473114
7500312576.0,-0.14508122205734253
7501250048.0,-0.13473501801490784
7502187520.0,-0.1243736520409584
7503124992.0,-0.11510508507490158
7504062464.0,-0.07205801457166672
7504999936.0,-0.048557717353105545
7505937408.0,-0.028041061013936996
7506874880.0,-0.009533540345728397
7507812352.0,0.0033209475222975016
7508749824.0,0.013044176623225212
7509687296.0,0.019949067384004593
7510624768.0,0.021219391375780106
7511562752.0,0.02053663320839405
7512500224.0,0.015124292112886906
7513437696.0,0.004637972451746464
7514375168.0,-0.006916978396475315
7515312640.0,-0.021563488990068436
7516250112.0,-0.037195559591054916
7517187584.0,-0.05258370563387871
7518125056.0,-0.0692087933421135
7519062528.0,-0.08541833609342575
7520000000.0,-0.10159771144390106
7520937472.0,-0.11654240638017654
7521874944.0,-0.12944772839546204
7522812416.0,-0.14208996295928955
7523749888.0,-0.15092064440250397
7524687360.0,-0.15725091099739075
7525624832.0,-0.16220611333847046
7526562304.0,-0.16282188892364502
7527499776.0,-0.1619517058134079
7528437248.0,-0.15768186748027802
7529375232.0,-0.1495903879404068
7530312704.0,-0.14236488938331604
7531250176.0,-0.13080866634845734
7532187648.0,-0.11765946447849274
7533125120.0,-0.10390590876340866
7534062592.0,-0.08934804797172546
7535000064.0,-0.07674762606620789
7535937536.0,-0.06310604512691498
7536875008.0,-0.05111689865589142
7537812480.0,-0.04126214236021042
7538749952.0,-0.03388654440641403
7539687424.0,-0.02895595133304596
7540624896.0,-0.028986560180783272
7541562368.0,-0.028998203575611115
7542499840.0,-0.03567095473408699
7543437312.0,-0.045512184500694275
7544374784.0,-0.05875053256750107
7545312256.0,-0.07815437763929367
7546250240.0,-0.09910982102155685
7547187712.0,-0.12337148189544678
7548125184.0,-0.15041308104991913
7549062656.0,-0.18085263669490814
7550000128.0,-0.21095523238182068
7550937600.0,-0.24105894565582275
7551875072.0,-0.27091851830482483
7552812544.0,-0.29832273721694946
7553750016.0,-0.32251352071762085
7554687488.0,-0.3456604778766632
7555624960.0,-0.36519530415534973
7556562432.0,-0.3822866678237915
7557499904.0,-0.3976447284221649
7558437376.0,-0.410285085439682
7559374848.0,-0.421886146068573
7560312320.0,-0.43375203013420105
7561249792.0,-0.4445953965187073
7562187264.0,-0.45405176281929016
7563125248.0,-0.4639846086502075
7564062720.0,-0.43019768595695496
7565000192.0,-0.41519424319267273
7565937664.0,-0.39595934748649597
7566875136.0,-0.37712448835372925
7567812608.0,-0.3524138927459717
7568750080.0,-0.32727083563804626
7569687552.0,-0.30093538761138916
7570625024.0,-0.273661732673645
7571562496.0,-0.24658195674419403
7572499968.0,-0.21850989758968353
7573437440.0,-0.18985094130039215
7574374912.0,-0.16239896416664124
7575312384.0,-0.13478948175907135
7576249856.0,-0.10725388675928116
7577187328.0,-0.08276844769716263
7578124800.0,-0.05762399360537529
7579062272.0,-0.034364745020866394
7580000256.0,-0.013981377705931664
7580937728.0,0.004641064442694187
7581875200.0,0.022397203370928764
7582812672.0,0.03654464706778526
7583750144.0,0.05007241293787956
7584687616.0,0.059178829193115234
7585625088.0,0.06682999432086945
7586562560.0,0.0706125795841217
7587500032.0,0.07422517985105515
7588437504.0,0.07369063794612885
7589374976.0,0.0708341971039772
7590312448.0,0.06650315225124359
7591249920.0,0.05942562595009804
7592187392.0,0.0479360893368721
7593124864.0,0.03948970139026642
7594062336.0,0.027125168591737747
7594999808.0,0.013286782428622246
7595937280.0,-0.0016626748256385326
7596874752.0,-0.017298365011811256
7597812736.0,-0.03575185313820839
7598750208.0,-0.054275210946798325
7599687680.0,-0.07402878999710083
7600625152.0,-0.092865951359272
7601562624.0,-0.11348812282085419
7602500096.0,-0.13260626792907715
7603437568.0,-0.15226151049137115
7604375040.0,-0.17040736973285675
7605312512.0,-0.18831588327884674
7606249984.0,-0.20551186800003052
7607187456.0,-0.22025887668132782
7608124928.0,-0.23448581993579865
7609062400.0,-0.24849943816661835
7609999872.0,-0.26058414578437805
7610937344.0,-0.2722310721874237
7611874816.0,-0.2815591096878052
7612812288.0,-0.2897184193134308
7613749760.0,-0.29609665274620056
7614687744.0,-0.302215039730072
7615625216.0,-0.3058328926563263
7616562688.0,-0.30836671590805054
7617500160.0,-0.31037232279777527
7618437632.0,-0.31294962763786316
7619375104.0,-0.31700605154037476
7620312576.0,-0.3193175792694092
7621250048.0,-0.3219546377658844
7622187520.0,-0.32403281331062317
7623124992.0,-0.32659590244293213
7624062464.0,-0.3215625584125519
7624999936.0,-0.32620418071746826
7625937408.0,-0.3278108537197113
7626874880.0,-0.3280077874660492
7627812352.0,-0.32621943950653076
7628749824.0,-0.32196348905563354
7629687296.0,-0.3170512914657593
7630624768.0,-0.30972954630851746
7631562752.0,-0.2990768551826477
7632500224.0,-0.2881830036640167
7633437696.0,-0.2770635783672333
7634375168.0,-0.2650599777698517
7635312640.0,-0.25129711627960205
7636250112.0,-0.23884081840515137
7637187584.0,-0.22431883215904236
7638125056.0,-0.2107221633195877
7639062528.0,-0.19566430151462555
7640000000.0,-0.18439550697803497
7640937472.0,-0.1704653948545456
7641874944.0,-0.15706640481948853
7642812416.0,-0.1469048410654068
7643749888.0,-0.1375742405653
7644687360.0,-0.13093997538089752
7645624832.0,-0.12731197476387024
7646562304.0,-0.12307458370923996
7647499776.0,-0.12182711064815521
7648437248.0,-0.12196029722690582
7649375232.0,-0.12250322848558426
7650312704.0,-0.12442893534898758
7651250176.0,-0.12690283358097076
7652187648.0,-0.13147275149822235
7653125120.0,-0.1365329921245575
7654062592.0,-0.14194802939891815
7655000064.0,-0.14984269440174103
7655937536.0,-0.15709295868873596
7656875008.0,-0.16556978225708008
7657812480.0,-0.17442189157009125
7658749952.0,-0.18337732553482056
7659687424.0,-0.19056585431098938
7660624896.0,-0.19961409270763397
7661562368.0,-0.20736414194107056
7662499840.0,-0.21479323506355286
7663437312.0,-0.22226719558238983
7664374784.0,-0.22830893099308014
7665312256.0,-0.23552024364471436
7666250240.0,-0.24020282924175262
7667187712.0,-0.2455763816833496
7668125184.0,-0.24868912994861603
7669062656.0,-0.25083351135253906
7670000128.0,-0.25081634521484375
7670937600.0,-0.25036486983299255
7671875072.0,-0.2478836178779602
7672812544.0,-0.24564014375209808
7673750016.0,-0.2423047125339508
7674687488.0,-0.23677298426628113
7675624960.0,-0.23089459538459778
7676562432.0,-0.22392752766609192
7677499904.0,-0.21611827611923218
7678437376.0,-0.21023434400558472
7679374848.0,-0.20144563913345337
7680312320.0,-0.19231179356575012
7681249792.0,-0.18292571604251862
7682187264.0,-0.17456485331058502
7683125248.0,-0.16434572637081146
7684062720.0,0.07691416889429092
7685000192.0,0.08781667053699493
7685937664.0,0.09681517630815506
7686875136.0,0.10353604704141617
7687812608.0,0.10742128640413284
7688750080.0,0.10844653844833374
7689687552.0,0.10677237063646317
7690625024.0,0.10460567474365234
7691562496.0,0.09838198870420456
7692499968.0,0.08949607610702515
7693437440.0,0.07942888140678406
7694374912.0,0.06642087548971176
7695312384.0,0.05084102600812912
7696249856.0,0.03247478976845741
7697187328.0,0.013925960287451744
7698124800.0,-0.007446874398738146
7699062272.0,-0.030037015676498413
7699999744.0,-0.05321177840232849
7700937728.0,-0.07705437391996384
7701875200.0,-0.10114873200654984
7702812672.0,-0.12398109585046768
7703750144.0,-0.14680035412311554
7704687616.0,-0.16882655024528503
7705625088.0,-0.1902015656232834
7706562560.0,-0.20998553931713104
7707500032.0,-0.2297360748052597
7708437504.0,-0.24570032954216003
7709374976.0,-0.2610676884651184
7710312448.0,-0.2738678455352783
7711249920.0,-0.28423330187797546
7712187392.0,-0.2939988076686859
7713124864.0,-0.3014970123767853
7714062336.0,-0.30768322944641113
7714999808.0,-0.3113807141780853
7715937280.0,-0.31362608075141907
7716874752.0,-0.3140486180782318
7717812736.0,-0.3138324022293091
7718750208.0,-0.31122729182243347
7719687680.0,-0.3072386384010315
7720625152.0,-0.30049386620521545
7721562624.0,-0.2938058078289032
7722500096.0,-0.28597015142440796
7723437568.0,-0.27847015857696533
7724375040.0,-0.26937317848205566
7725312512.0,-0.26104536652565
7726249984.0,-0.2521899342536926
7727187456.0,-0.24315792322158813
7728124928.0,-0.2349122017621994
7729062400.0,-0.2280089408159256
7729999872.0,-0.22096452116966248
7730937344.0,-0.2139129936695099
7731874816.0,-0.20931877195835114
7732812288.0,-0.20380394160747528
7733749760.0,-0.20026768743991852
7734687744.0,-0.19718888401985168
7735625216.0,-0.19495820999145508
7736562688.0,-0.19343814253807068
7737500160.0,-0.1938542127609253
7738437632.0,-0.19380877912044525
7739375104.0,-0.1956396996974945
7740312576.0,-0.19805818796157837
7741250048.0,-0.2016577273607254
7742187520.0,-0.20637066662311554
7743124992.0,-0.21199800074100494
7744062464.0,-0.15906810760498047
7744999936.0,-0.1247858926653862
7745937408.0,-0.08644497394561768
7746874880.0,-0.04652268812060356
7747812352.0,-0.008804140612483025
7748749824.0,0.027136031538248062
7749687296.0,0.06085926666855812
7750624768.0,0.09331130236387253
7751562752.0,0.12099768966436386
7752500224.0,0.14587317407131195
7753437696.0,0.1688431054353714
7754375168.0,0.18790847063064575
7755312640.0,0.20259882509708405
7756250112.0,0.2154422551393509
7757187584.0,0.22217153012752533
7758125056.0,0.2267836630344391
7759062528.0,0.2276964634656906
7760000000.0,0.22583070397377014
7760937472.0,0.22037702798843384
7761874944.0,0.21379293501377106
7762812416.0,0.20318610966205597
7763749888.0,0.19094768166542053
7764687360.0,0.17531979084014893
7765624832.0,0.15842989087104797
7766562304.0,0.14153523743152618
7767499776.0,0.12166552990674973
7768437248.0,0.10120032727718353
7769375232.0,0.07978417724370956
7770312704.0,0.058472953736782074
7771250176.0,0.0368855744600296
7772187648.0,0.016735166311264038
7773125120.0,-0.004836180247366428
7774062592.0,-0.025096284225583076
7775000064.0,-0.04524681344628334
7775937536.0,-0.06404479593038559
7776875008.0,-0.08347565680742264
7777812480.0,-0.10027819871902466
7778749952.0,-0.11834931373596191
7779687424.0,-0.13442885875701904
7780624896.0,-0.14971475303173065
7781562368.0,-0.16400644183158875
7782499840.0,-0.17735597491264343
7783437312.0,-0.1901073306798935
7784374784.0,-0.20041003823280334
7785312256.0,-0.20946931838989258
7786250240.0,-0.21934953331947327
7787187712.0,-0.226740762591362
7788125184.0,-0.235531285405159
7789062656.0,-0.24293038249015808
7790000128.0,-0.24854451417922974
7790937600.0,-0.2530803978443146
7791875072.0,-0.25814157724380493
7792812544.0,-0.2622891962528229
7793750016.0,-0.2658454477787018
7794687488.0,-0.26879143714904785
7795624960.0,-0.2712433338165283
7796562432.0,-0.2742023468017578
7797499904.0,-0.27838748693466187
7798437376.0,-0.283268541097641
7799374848.0,-0.28477874398231506
7800312320.0,-0.28569647669792175
7801249792.0,-0.2850528061389923
7802187264.0,-0.28317418694496155
7803125248.0,-0.27969399094581604
7804062720.0,-0.25817182660102844
7805000192.0,-0.2480032742023468
7805937664.0,-0.236494243144989
7806875136.0,-0.22323159873485565
7807812608.0,-0.21081720292568207
7808750080.0,-0.19693006575107574
7809687552.0,-0.1822880059480667
7810625024.0,-0.16650983691215515
7811562496.0,-0.1511577069759369
7812499968.0,-0.13513226807117462
7813437440.0,-0.11944282799959183
7814374912.0,-0.10293865948915482
7815312384.0,-0.08653032034635544
7816249856.0,-0.07114116102457047
7817187328.0,-0.053957801312208176
7818124800.0,-0.03785264864563942
7819062272.0,-0.022328512743115425
7820000256.0,-0.00641222856938839
7820937728.0,0.007155798841267824
7821875200.0,0.020506884902715683
7822812672.0,0.02999729849398136
7823750144.0,0.03822632506489754
7824687616.0,0.04599500820040703
7825625088.0,0.05347270891070366
7826562560.0,0.061271779239177704
7827500032.0,0.06639006733894348
7828437504.0,0.07072083652019501
7829374976.0,0.07534611225128174
7830312448.0,0.07928922027349472
7831249920.0,0.08149068802595139
7832187392.0,0.08546069264411926
7833124864.0,0.08619645237922668
7834062336.0,0.087404265999794
7834999808.0,0.08848290145397186
7835937280.0,0.08996403962373734
7836874752.0,0.0905061811208725
7837812736.0,0.09100741147994995
7838750208.0,0.09087277203798294
7839687680.0,0.0901298001408577
7840625152.0,0.08992689102888107
7841562624.0,0.08983813226222992
7842500096.0,0.08871056139469147
7843437568.0,0.08818769454956055
7844375040.0,0.08651476353406906
7845312512.0,0.08479640632867813
7846249984.0,0.08216334879398346
7847187456.0,0.07905749976634979
7848124928.0,0.07405810803174973
7849062400.0,0.0693458616733551
7849999872.0,0.06438747048377991
7850937344.0,0.05759095400571823
7851874816.0,0.052803125232458115
7852812288.0,0.045830272138118744
7853749760.0,0.03814884275197983
7854687744.0,0.03210937976837158
7855625216.0,0.023671815171837807
7856562688.0,0.016442008316516876
7857500160.0,0.007605799473822117
7858437632.0,-0.0009865800384432077
7859375104.0,-0.011313709430396557
7860312576.0,-0.021443059667944908
7861250048.0,-0.03075074963271618
7862187520.0,-0.03971406817436218
7863124992.0,-0.05071956664323807
7864062464.0,0.053953055292367935
7864999936.0,0.044965825974941254
7865937408.0,0.037763625383377075
7866874880.0,0.02958322875201702
7867812352.0,0.02352123335003853
7868749824.0,0.018309641629457474
7869687296.0,0.012917932122945786
7870624768.0,0.007877467200160027
7871562752.0,0.005035498645156622
7872500224.0,0.0020705682691186666
7873437696.0,-0.003980796318501234
7874375168.0,-0.011154725216329098
7875312640.0,-0.018823325634002686
7876250112.0,-0.0250388253480196
7877187584.0,-0.03224366158246994
7878125056.0,-0.040233202278614044
7879062528.0,-0.04937960207462311
7880000000.0,-0.05938490852713585
7880937472.0,-0.07126254588365555
7881874944.0,-0.08261718600988388
7882812416.0,-0.09614941477775574
7883749888.0,-0.1116076335310936
7884687360.0,-0.1277753710746765
7885624832.0,-0.14650829136371613
7886562304.0,-0.16575245559215546
7887499776.0,-0.18590591847896576
7888437248.0,-0.2086624652147293
7889375232.0,-0.23133395612239838
7890312704.0,-0.25687721371650696
7891250176.0,-0.2818828523159027
7892187648.0,-0.3062278628349304
7893125120.0,-0.3302954435348511
7894062592.0,-0.3552475869655609
7895000064.0,-0.3784198462963104
7895937536.0,-0.4009878635406494
7896875008.0,-0.4223836362361908
7897812480.0,-0.4416760504245758
7898749952.0,-0.45766481757164
7899687424.0,-0.4702664613723755
7900624896.0,-0.48184868693351746
7901562368.0,-0.49071192741394043
7902499840.0,-0.4968205988407135
7903437312.0,-0.49983862042427063
7904374784.0,-0.5000768303871155
7905312256.0,-0.4967004954814911
7906250240.0,-0.48930859565734863
7907187712.0,-0.4805867075920105
7908125184.0,-0.46944063901901245
7909062656.0,-0.45438507199287415
7910000128.0,-0.43511369824409485
7910937600.0,-0.41639000177383423
7911875072.0,-0.39356645941734314
7912812544.0,-0.36958473920822144
7913750016.0,-0.3428502678871155
7914687488.0,-0.31491297483444214
7915624960.0,-0.2857763171195984
7916562432.0,-0.25566431879997253
7917499904.0,-0.22583411633968353
7918437376.0,-0.195008784532547
7919374848.0,-0.16408966481685638
7920312320.0,-0.1340656578540802
7921249792.0,-0.10335897654294968
7922187264.0,-0.07499773800373077
7923125248.0,-0.04659483581781387
7924062720.0,0.08615806698799133
7925000192.0,0.10676223784685135
7925937664.0,0.1239728033542633
7926875136.0,0.13958220183849335
7927812608.0,0.15313901007175446
7928750080.0,0.1637999266386032
7929687552.0,0.17214497923851013
7930625024.0,0.1772187501192093
7931562496.0,0.1795831024646759
7932499968.0,0.18073156476020813
7933437440.0,0.1794341653585434
7934374912.0,0.17648963630199432
7935312384.0,0.17046687006950378
7936249856.0,0.16272933781147003
7937187328.0,0.15448758006095886
7938124800.0,0.1429283320903778
7939062272.0,0.12951400876045227
7939999744.0,0.11589140444993973
7940937728.0,0.1001960039138794
7941875200.0,0.08386944234371185
7942812672.0,0.06619160622358322
7943750144.0,0.04722553491592407
7944687616.0,0.02606399729847908
7945625088.0,0.006469911430031061
7946562560.0,-0.014513907954096794
7947500032.0,-0.03677178546786308
7948437504.0,-0.05900820717215538
7949374976.0,-0.08108033239841461
7950312448.0,-0.10141165554523468
7951249920.0,-0.12264945358037949
7952187392.0,-0.14390158653259277
7953124864.0,-0.16626322269439697
7954062336.0,-0.18799716234207153
7954999808.0,-0.20987364649772644
7955937280.0,-0.23088602721691132
7956874752.0,-0.25227805972099304
7957812736.0,-0.2735840678215027
7958750208.0,-0.29391834139823914
7959687680.0,-0.31394389271736145
7960625152.0,-0.3335813879966736
7961562624.0,-0.35231518745422363
7962500096.0,-0.3702418804168701
7963437568.0,-0.3869810402393341
7964375040.0,-0.4030793011188507
7965312512.0,-0.41833120584487915
7966249984.0,-0.4324422776699066
7967187456.0,-0.44524532556533813
7968124928.0,-0.45628029108047485
7969062400.0,-0.4665735960006714
7969999872.0,-0.47502514719963074
7970937344.0,-0.4819149076938629
7971874816.0,-0.48731327056884766
7972812288.0,-0.4891904592514038
7973749760.0,-0.4917921721935272
7974687744.0,-0.4910884499549866
7975625216.0,-0.4890078008174896
7976562688.0,-0.48513129353523254
7977500160.0,-0.47825559973716736
7978437632.0,-0.46946871280670166
7979375104.0,-0.45885321497917175
7980312576.0,-0.44759202003479004
7981250048.0,-0.4321242868900299
7982187520.0,-0.41588345170021057
7983124992.0,-0.39820441603660583
7984062464.0,-0.37421050667762756
7984999936.0,-0.35970306396484375
7985937408.0,-0.343904972076416
7986874880.0,-0.3275056779384613
7987812352.0,-0.30948173999786377
7988749824.0,-0.29140371084213257
7989687296.0,-0.2727189362049103
7990624768.0,-0.25300508737564087
7991562752.0,-0.23384542763233185
7992500224.0,-0.2144397795200348
7993437696.0,-0.1955592930316925
7994375168.0,-0.17702126502990723
7995312640.0,-0.15675659477710724
7996250112.0,-0.13807933032512665
7997187584.0,-0.1205730214715004
7998125056.0,-0.10248206555843353
7999062528.0,-0.08532851934432983
8000000000.0,-0.06730867177248001
